0;0;0.0001;concept1;0.241173;None;0.17216805;0.7588269710540771;10;3;128;128
0;1;0.0001;concept2;0.7484701;None;0.32520157;0.25152987241744995;10;3;128;128
0;2;0.0001;concept3;0.94715273;None;0.35309196;0.052847206592559814;10;3;128;128
1;0;0.0001;concept1;0.21456291;None;0.16514921;0.7854371070861816;10;3;128;128
1;1;0.0001;concept2;0.5702961;None;0.27516174;0.42970389127731323;10;3;128;128
1;2;0.0001;concept3;0.52045345;None;0.25929168;0.47954654693603516;10;3;128;128
2;0;0.0001;concept1;0.10027351;None;0.108875275;0.8997265100479126;10;3;128;128
2;1;0.0001;concept2;0.07897281;None;0.0935024;0.9210271835327148;10;3;128;128
2;2;0.0001;concept3;0.168937;None;0.11927372;0.8310630321502686;10;3;128;128
3;0;0.0001;concept1;0.08336604;None;0.095442675;0.9166339635848999;10;3;128;128
3;1;0.0001;concept2;0.033085234;None;0.060152467;0.9669147729873657;10;3;128;128
3;2;0.0001;concept3;0.16214028;None;0.11224009;0.8378597497940063;10;3;128;128
4;0;0.0001;concept1;0.0761976;None;0.0881047;0.923802375793457;10;3;128;128
4;1;0.0001;concept2;0.028351927;None;0.054624442;0.971648097038269;10;3;128;128
4;2;0.0001;concept3;0.18049428;None;0.121987425;0.8195056915283203;10;3;128;128
5;0;0.0001;concept1;0.07054007;None;0.08196016;0.9294599294662476;10;3;128;128
5;1;0.0001;concept2;0.023666373;None;0.04896469;0.9763336181640625;10;3;128;128
5;2;0.0001;concept3;0.19467856;None;0.12754135;0.805321455001831;10;3;128;128
6;0;0.0001;concept1;0.06519006;None;0.076129094;0.9348099231719971;10;3;128;128
6;1;0.0001;concept2;0.019161731;None;0.043328512;0.9808382987976074;10;3;128;128
6;2;0.0001;concept3;0.20601949;None;0.13268755;0.7939804792404175;10;3;128;128
7;0;0.0001;concept1;0.060491804;None;0.07080434;0.9395081996917725;10;3;128;128
7;1;0.0001;concept2;0.015258408;None;0.038452737;0.9847415685653687;10;3;128;128
7;2;0.0001;concept3;0.21496336;None;0.13696349;0.7850366234779358;10;3;128;128
8;0;0.0001;concept1;0.056042884;None;0.06585309;0.9439570903778076;10;3;128;128
8;1;0.0001;concept2;0.012529663;None;0.03499686;0.9874703288078308;10;3;128;128
8;2;0.0001;concept3;0.22020309;None;0.1401456;0.7797968983650208;10;3;128;128
9;0;0.0001;concept1;0.05277229;None;0.061721794;0.9472277164459229;10;3;128;128
9;1;0.0001;concept2;0.010546333;None;0.032569118;0.9894536733627319;10;3;128;128
9;2;0.0001;concept3;0.22398084;None;0.14222123;0.7760191559791565;10;3;128;128
10;0;0.0001;concept1;0.050168302;None;0.05866183;0.9498317241668701;10;3;128;128
10;1;0.0001;concept2;0.009371003;None;0.031124678;0.9906290173530579;10;3;128;128
10;2;0.0001;concept3;0.22951578;None;0.14512256;0.770484209060669;10;3;128;128
11;0;0.0001;concept1;0.047886606;None;0.05629272;0.9521133899688721;10;3;128;128
11;1;0.0001;concept2;0.008794121;None;0.030609244;0.9912058711051941;10;3;128;128
11;2;0.0001;concept3;0.23452483;None;0.14764158;0.7654751539230347;10;3;128;128
12;0;0.0001;concept1;0.04609133;None;0.05446433;0.9539086818695068;10;3;128;128
12;1;0.0001;concept2;0.00858847;None;0.030557495;0.9914115071296692;10;3;128;128
12;2;0.0001;concept3;0.2387204;None;0.14966996;0.7612795829772949;10;3;128;128
13;0;0.0001;concept1;0.044610266;None;0.053040493;0.9553897380828857;10;3;128;128
13;1;0.0001;concept2;0.0085769445;None;0.030810231;0.9914230704307556;10;3;128;128
13;2;0.0001;concept3;0.24207313;None;0.15106966;0.7579268217086792;10;3;128;128
14;0;0.0001;concept1;0.043518003;None;0.052050214;0.9564819931983948;10;3;128;128
14;1;0.0001;concept2;0.008649;None;0.031164316;0.9913510084152222;10;3;128;128
14;2;0.0001;concept3;0.24437079;None;0.15187128;0.7556291818618774;10;3;128;128
15;0;0.0001;concept1;0.04234575;None;0.05112905;0.9576542377471924;10;3;128;128
15;1;0.0001;concept2;0.008791667;None;0.03156015;0.9912083148956299;10;3;128;128
15;2;0.0001;concept3;0.24682078;None;0.15251279;0.7531791925430298;10;3;128;128
16;0;0.0001;concept1;0.041492507;None;0.050461885;0.9585074782371521;10;3;128;128
16;1;0.0001;concept2;0.008926299;None;0.031852446;0.991073727607727;10;3;128;128
16;2;0.0001;concept3;0.24728535;None;0.15239559;0.7527146339416504;10;3;128;128
17;0;0.0001;concept1;0.040720146;None;0.04982429;0.9592798352241516;10;3;128;128
17;1;0.0001;concept2;0.009070333;None;0.032142017;0.9909296631813049;10;3;128;128
17;2;0.0001;concept3;0.24593507;None;0.1517608;0.7540649175643921;10;3;128;128
18;0;0.0001;concept1;0.0399973;None;0.04923612;0.9600027203559875;10;3;128;128
18;1;0.0001;concept2;0.009223539;None;0.032423705;0.9907764792442322;10;3;128;128
18;2;0.0001;concept3;0.24474405;None;0.15086733;0.755255937576294;10;3;128;128
19;0;0.0001;concept1;0.03934299;None;0.0486982;0.960657000541687;10;3;128;128
19;1;0.0001;concept2;0.009239865;None;0.032443926;0.9907601475715637;10;3;128;128
19;2;0.0001;concept3;0.24306324;None;0.14967719;0.75693678855896;10;3;128;128
20;0;0.0001;concept1;0.03872267;None;0.048243944;0.9612773060798645;10;3;128;128
20;1;0.0001;concept2;0.0093412995;None;0.032603823;0.990658700466156;10;3;128;128
20;2;0.0001;concept3;0.24139452;None;0.14824568;0.7586054801940918;10;3;128;128
21;0;0.0001;concept1;0.037788905;None;0.04759488;0.9622110724449158;10;3;128;128
21;1;0.0001;concept2;0.009365762;None;0.03266183;0.9906342625617981;10;3;128;128
21;2;0.0001;concept3;0.24004617;None;0.14697787;0.7599537968635559;10;3;128;128
22;0;0.0001;concept1;0.036892205;None;0.047054775;0.9631078243255615;10;3;128;128
22;1;0.0001;concept2;0.009482302;None;0.032847133;0.9905176758766174;10;3;128;128
22;2;0.0001;concept3;0.2390424;None;0.14572561;0.7609575986862183;10;3;128;128
23;0;0.0001;concept1;0.036128834;None;0.04659976;0.9638711810112;10;3;128;128
23;1;0.0001;concept2;0.009587596;None;0.03302702;0.9904124140739441;10;3;128;128
23;2;0.0001;concept3;0.23553462;None;0.14362052;0.7644653916358948;10;3;128;128
24;0;0.0001;concept1;0.0351125;None;0.045926876;0.9648874998092651;10;3;128;128
24;1;0.0001;concept2;0.009683141;None;0.03317458;0.9903168678283691;10;3;128;128
24;2;0.0001;concept3;0.23349638;None;0.14202672;0.7665035724639893;10;3;128;128
25;0;0.0001;concept1;0.034524743;None;0.045536675;0.9654752612113953;10;3;128;128
25;1;0.0001;concept2;0.009796391;None;0.033335254;0.9902036190032959;10;3;128;128
25;2;0.0001;concept3;0.23240466;None;0.14088969;0.7675952911376953;10;3;128;128
26;0;0.0001;concept1;0.03376556;None;0.045281816;0.9662344455718994;10;3;128;128
26;1;0.0001;concept2;0.009863952;None;0.033436943;0.9901360273361206;10;3;128;128
26;2;0.0001;concept3;0.23010598;None;0.13914765;0.769894003868103;10;3;128;128
27;0;0.0001;concept1;0.0327476;None;0.04458598;0.9672523736953735;10;3;128;128
27;1;0.0001;concept2;0.009920254;None;0.033528615;0.9900797605514526;10;3;128;128
27;2;0.0001;concept3;0.22812697;None;0.13766672;0.7718729972839355;10;3;128;128
28;0;0.0001;concept1;0.032605853;None;0.04448299;0.9673941731452942;10;3;128;128
28;1;0.0001;concept2;0.010017842;None;0.03365634;0.9899821877479553;10;3;128;128
28;2;0.0001;concept3;0.22495978;None;0.13618344;0.7750402092933655;10;3;128;128
29;0;0.0001;concept1;0.032031238;None;0.044077635;0.967968761920929;10;3;128;128
29;1;0.0001;concept2;0.010073839;None;0.03375378;0.9899261593818665;10;3;128;128
29;2;0.0001;concept3;0.22129604;None;0.13464887;0.7787039279937744;10;3;128;128
30;0;0.0001;concept1;0.030587947;None;0.043222286;0.9694120287895203;10;3;128;128
30;1;0.0001;concept2;0.010110707;None;0.03379908;0.9898892641067505;10;3;128;128
30;2;0.0001;concept3;0.21925496;None;0.13342664;0.7807450294494629;10;3;128;128
31;0;0.0001;concept1;0.03041836;None;0.0432103;0.969581663608551;10;3;128;128
31;1;0.0001;concept2;0.010154344;None;0.033879425;0.9898456335067749;10;3;128;128
31;2;0.0001;concept3;0.2153865;None;0.13182893;0.7846134901046753;10;3;128;128
32;0;0.0001;concept1;0.03018266;None;0.042972796;0.9698173403739929;10;3;128;128
32;1;0.0001;concept2;0.010177402;None;0.03391598;0.9898226261138916;10;3;128;128
32;2;0.0001;concept3;0.21130323;None;0.13023047;0.7886967658996582;10;3;128;128
33;0;0.0001;concept1;0.029937536;None;0.04283739;0.9700624942779541;10;3;128;128
33;1;0.0001;concept2;0.010106371;None;0.033834085;0.9898936152458191;10;3;128;128
33;2;0.0001;concept3;0.20802788;None;0.12869442;0.7919721007347107;10;3;128;128
34;0;0.0001;concept1;0.02987234;None;0.042683993;0.9701276421546936;10;3;128;128
34;1;0.0001;concept2;0.010148075;None;0.03389148;0.9898519515991211;10;3;128;128
34;2;0.0001;concept3;0.20328939;None;0.12678266;0.7967106103897095;10;3;128;128
35;0;0.0001;concept1;0.029207965;None;0.042224832;0.9707920551300049;10;3;128;128
35;1;0.0001;concept2;0.010073301;None;0.033778533;0.9899266958236694;10;3;128;128
35;2;0.0001;concept3;0.19882967;None;0.12470055;0.8011703491210938;10;3;128;128
36;0;0.0001;concept1;0.028715733;None;0.04193276;0.9712842702865601;10;3;128;128
36;1;0.0001;concept2;0.009948878;None;0.03358086;0.9900511503219604;10;3;128;128
36;2;0.0001;concept3;0.19579536;None;0.123025015;0.8042046427726746;10;3;128;128
37;0;0.0001;concept1;0.02798066;None;0.041471682;0.9720193147659302;10;3;128;128
37;1;0.0001;concept2;0.009940431;None;0.0335802;0.9900595545768738;10;3;128;128
37;2;0.0001;concept3;0.1935202;None;0.12151;0.806479811668396;10;3;128;128
38;0;0.0001;concept1;0.027508061;None;0.041237034;0.9724919199943542;10;3;128;128
38;1;0.0001;concept2;0.009822048;None;0.03339026;0.9901779294013977;10;3;128;128
38;2;0.0001;concept3;0.18993896;None;0.12003135;0.8100610375404358;10;3;128;128
39;0;0.0001;concept1;0.02712117;None;0.04105273;0.9728788137435913;10;3;128;128
39;1;0.0001;concept2;0.009835495;None;0.033396747;0.9901645183563232;10;3;128;128
39;2;0.0001;concept3;0.18809097;None;0.118491285;0.811909019947052;10;3;128;128
40;0;0.0001;concept1;0.026551671;None;0.040672388;0.9734483361244202;10;3;128;128
40;1;0.0001;concept2;0.009647877;None;0.033094987;0.9903520941734314;10;3;128;128
40;2;0.0001;concept3;0.1857166;None;0.11705264;0.8142833709716797;10;3;128;128
41;0;0.0001;concept1;0.02641302;None;0.04058359;0.9735869765281677;10;3;128;128
41;1;0.0001;concept2;0.0096361;None;0.033056825;0.9903638958930969;10;3;128;128
41;2;0.0001;concept3;0.18213457;None;0.11561385;0.8178654313087463;10;3;128;128
42;0;0.0001;concept1;0.025914162;None;0.040222123;0.974085807800293;10;3;128;128
42;1;0.0001;concept2;0.009661205;None;0.033068217;0.9903388023376465;10;3;128;128
42;2;0.0001;concept3;0.1802861;None;0.11429881;0.8197138905525208;10;3;128;128
43;0;0.0001;concept1;0.02554888;None;0.040046617;0.9744511246681213;10;3;128;128
43;1;0.0001;concept2;0.009618669;None;0.032986965;0.9903813600540161;10;3;128;128
43;2;0.0001;concept3;0.17741443;None;0.11291049;0.8225855827331543;10;3;128;128
44;0;0.0001;concept1;0.025406435;None;0.03995205;0.9745935797691345;10;3;128;128
44;1;0.0001;concept2;0.009632325;None;0.03300224;0.9903676509857178;10;3;128;128
44;2;0.0001;concept3;0.17527209;None;0.11182689;0.8247278928756714;10;3;128;128
45;0;0.0001;concept1;0.025168048;None;0.039757583;0.9748319387435913;10;3;128;128
45;1;0.0001;concept2;0.009610122;None;0.03296072;0.990389883518219;10;3;128;128
45;2;0.0001;concept3;0.17145129;None;0.11052074;0.8285487294197083;10;3;128;128
46;0;0.0001;concept1;0.02521826;None;0.039775748;0.9747817516326904;10;3;128;128
46;1;0.0001;concept2;0.009555841;None;0.032861214;0.9904441833496094;10;3;128;128
46;2;0.0001;concept3;0.1699088;None;0.10965042;0.8300911784172058;10;3;128;128
47;0;0.0001;concept1;0.024949627;None;0.039581638;0.9750503897666931;10;3;128;128
47;1;0.0001;concept2;0.009491136;None;0.032747235;0.9905088543891907;10;3;128;128
47;2;0.0001;concept3;0.16761887;None;0.10854826;0.8323811292648315;10;3;128;128
48;0;0.0001;concept1;0.024693495;None;0.03946092;0.975306510925293;10;3;128;128
48;1;0.0001;concept2;0.009431;None;0.032631926;0.990568995475769;10;3;128;128
48;2;0.0001;concept3;0.16579857;None;0.10744906;0.834201455116272;10;3;128;128
49;0;0.0001;concept1;0.024549985;None;0.03934278;0.9754500389099121;10;3;128;128
49;1;0.0001;concept2;0.009351179;None;0.03248496;0.9906488060951233;10;3;128;128
49;2;0.0001;concept3;0.16338487;None;0.10630586;0.8366150856018066;10;3;128;128
50;0;0.0001;concept3;0.16152425;None;0.10527632;0.83847576379776;10;3;128;128
50;1;0.0001;concept1;0.024446173;None;0.03922249;0.9755538105964661;10;3;128;128
50;2;0.0001;concept2;0.0092936065;None;0.032366376;0.9907063841819763;10;3;128;128
51;0;0.0001;concept3;0.14481413;None;0.09417416;0.855185866355896;10;3;128;128
51;1;0.0001;concept1;0.024455043;None;0.03898182;0.9755449295043945;10;3;128;128
51;2;0.0001;concept2;0.00991488;None;0.033425935;0.9900851249694824;10;3;128;128
52;0;0.0001;concept3;0.12971693;None;0.08745374;0.8702830672264099;10;3;128;128
52;1;0.0001;concept1;0.024358299;None;0.039004464;0.9756417274475098;10;3;128;128
52;2;0.0001;concept2;0.00955096;None;0.032717433;0.9904490113258362;10;3;128;128
53;0;0.0001;concept3;0.120410845;None;0.08727084;0.8795891404151917;10;3;128;128
53;1;0.0001;concept1;0.024209151;None;0.03894621;0.9757908582687378;10;3;128;128
53;2;0.0001;concept2;0.009211279;None;0.032051634;0.9907886981964111;10;3;128;128
54;0;0.0001;concept3;0.13702878;None;0.09501648;0.8629711866378784;10;3;128;128
54;1;0.0001;concept1;0.024385152;None;0.039099075;0.9756148457527161;10;3;128;128
54;2;0.0001;concept2;0.008861818;None;0.031415805;0.9911381602287292;10;3;128;128
55;0;0.0001;concept3;0.112876564;None;0.07761802;0.8871234655380249;10;3;128;128
55;1;0.0001;concept1;0.024628114;None;0.039219737;0.9753718972206116;10;3;128;128
55;2;0.0001;concept2;0.008515965;None;0.030795654;0.9914840459823608;10;3;128;128
56;0;0.0001;concept3;0.17332561;None;0.09975484;0.8266744017601013;10;3;128;128
56;1;0.0001;concept1;0.024255475;None;0.039016634;0.9757445454597473;10;3;128;128
56;2;0.0001;concept2;0.008531959;None;0.030886723;0.9914680123329163;10;3;128;128
57;0;0.0001;concept3;0.10563623;None;0.074990414;0.8943637609481812;10;3;128;128
57;1;0.0001;concept1;0.024433017;None;0.03909709;0.9755669832229614;10;3;128;128
57;2;0.0001;concept2;0.008328381;None;0.03055813;0.991671621799469;10;3;128;128
58;0;0.0001;concept3;0.13472332;None;0.0757674;0.8652766942977905;10;3;128;128
58;1;0.0001;concept1;0.024098039;None;0.03888163;0.9759019613265991;10;3;128;128
58;2;0.0001;concept2;0.008325449;None;0.030590225;0.991674542427063;10;3;128;128
59;0;0.0001;concept3;0.10851262;None;0.079525486;0.8914873600006104;10;3;128;128
59;1;0.0001;concept1;0.023860551;None;0.038728368;0.9761394262313843;10;3;128;128
59;2;0.0001;concept2;0.008289785;None;0.030561786;0.9917101860046387;10;3;128;128
60;0;0.0001;concept3;0.14529963;None;0.076634444;0.8547003865242004;10;3;128;128
60;1;0.0001;concept1;0.023933498;None;0.038804356;0.976066529750824;10;3;128;128
60;2;0.0001;concept2;0.008012699;None;0.030073209;0.9919872879981995;10;3;128;128
61;0;0.0001;concept3;0.11229831;None;0.08017805;0.887701690196991;10;3;128;128
61;1;0.0001;concept1;0.023808304;None;0.038680345;0.9761916995048523;10;3;128;128
61;2;0.0001;concept2;0.008098686;None;0.030261204;0.9919013381004333;10;3;128;128
62;0;0.0001;concept3;0.13021049;None;0.072640814;0.8697894811630249;10;3;128;128
62;1;0.0001;concept1;0.023991574;None;0.038844157;0.976008415222168;10;3;128;128
62;2;0.0001;concept2;0.007708495;None;0.029537598;0.9922915101051331;10;3;128;128
63;0;0.0001;concept3;0.109129794;None;0.0780978;0.890870213508606;10;3;128;128
63;1;0.0001;concept1;0.023603296;None;0.038562126;0.9763966798782349;10;3;128;128
63;2;0.0001;concept2;0.007806645;None;0.029727668;0.992193341255188;10;3;128;128
64;0;0.0001;concept3;0.15373604;None;0.07702567;0.8462639451026917;10;3;128;128
64;1;0.0001;concept1;0.023758993;None;0.038722016;0.9762409925460815;10;3;128;128
64;2;0.0001;concept2;0.007528134;None;0.029207325;0.9924718737602234;10;3;128;128
65;0;0.0001;concept3;0.10278575;None;0.07470343;0.8972142338752747;10;3;128;128
65;1;0.0001;concept1;0.023294847;None;0.03837864;0.9767051339149475;10;3;128;128
65;2;0.0001;concept2;0.0076356344;None;0.029434774;0.9923643469810486;10;3;128;128
66;0;0.0001;concept3;0.14657742;None;0.074971616;0.8534225821495056;10;3;128;128
66;1;0.0001;concept1;0.023411797;None;0.038492996;0.9765881896018982;10;3;128;128
66;2;0.0001;concept2;0.007375919;None;0.0289055;0.9926241040229797;10;3;128;128
67;0;0.0001;concept3;0.1077777;None;0.07703096;0.8922222852706909;10;3;128;128
67;1;0.0001;concept1;0.022892097;None;0.03813966;0.9771078824996948;10;3;128;128
67;2;0.0001;concept2;0.0074690366;None;0.029097222;0.9925309419631958;10;3;128;128
68;0;0.0001;concept3;0.14299628;None;0.07368757;0.8570036888122559;10;3;128;128
68;1;0.0001;concept1;0.023244519;None;0.038473785;0.9767554998397827;10;3;128;128
68;2;0.0001;concept2;0.0071989777;None;0.028530985;0.9928010106086731;10;3;128;128
69;0;0.0001;concept3;0.105319075;None;0.075755194;0.894680917263031;10;3;128;128
69;1;0.0001;concept1;0.022692284;None;0.038095042;0.9773077368736267;10;3;128;128
69;2;0.0001;concept2;0.0073100077;None;0.028757475;0.9926899671554565;10;3;128;128
70;0;0.0001;concept3;0.1463261;None;0.07332413;0.8536739349365234;10;3;128;128
70;1;0.0001;concept1;0.023035202;None;0.038410023;0.9769647717475891;10;3;128;128
70;2;0.0001;concept2;0.007043117;None;0.028182726;0.9929568767547607;10;3;128;128
71;0;0.0001;concept3;0.12601838;None;0.069010474;0.8739815950393677;10;3;128;128
71;1;0.0001;concept1;0.022338256;None;0.037905708;0.9776617288589478;10;3;128;128
71;2;0.0001;concept2;0.0072660046;None;0.02864937;0.9927340149879456;10;3;128;128
72;0;0.0001;concept3;0.09857428;None;0.071634255;0.9014257192611694;10;3;128;128
72;1;0.0001;concept1;0.022217657;None;0.037846737;0.9777823686599731;10;3;128;128
72;2;0.0001;concept2;0.0071710115;None;0.028445484;0.9928289651870728;10;3;128;128
73;0;0.0001;concept3;0.11156744;None;0.06932856;0.8884325623512268;10;3;128;128
73;1;0.0001;concept1;0.02235576;None;0.037985593;0.9776442646980286;10;3;128;128
73;2;0.0001;concept2;0.0068993806;None;0.027853042;0.993100643157959;10;3;128;128
74;0;0.0001;concept3;0.092297114;None;0.068728864;0.9077028632164001;10;3;128;128
74;1;0.0001;concept1;0.021875832;None;0.037682872;0.9781241416931152;10;3;128;128
74;2;0.0001;concept2;0.0069539826;None;0.027972318;0.9930460453033447;10;3;128;128
75;0;0.0001;concept3;0.0947484;None;0.070444204;0.9052516222000122;10;3;128;128
75;1;0.0001;concept1;0.02209125;None;0.037835434;0.977908730506897;10;3;128;128
75;2;0.0001;concept2;0.0068773455;None;0.02781512;0.9931226372718811;10;3;128;128
76;0;0.0001;concept3;0.09580104;None;0.07098382;0.904198944568634;10;3;128;128
76;1;0.0001;concept1;0.02203754;None;0.037809692;0.9779624342918396;10;3;128;128
76;2;0.0001;concept2;0.006851577;None;0.027773267;0.9931484460830688;10;3;128;128
77;0;0.0001;concept3;0.09620392;None;0.07101195;0.9037960767745972;10;3;128;128
77;1;0.0001;concept1;0.021853913;None;0.037684996;0.9781460762023926;10;3;128;128
77;2;0.0001;concept2;0.006821482;None;0.027721062;0.9931785464286804;10;3;128;128
78;0;0.0001;concept3;0.096359424;None;0.07090404;0.9036405682563782;10;3;128;128
78;1;0.0001;concept1;0.021914057;None;0.03774483;0.9780859351158142;10;3;128;128
78;2;0.0001;concept2;0.006812811;None;0.027720137;0.9931871891021729;10;3;128;128
79;0;0.0001;concept3;0.09843669;None;0.071991004;0.901563286781311;10;3;128;128
79;1;0.0001;concept1;0.02173733;None;0.037639745;0.9782626628875732;10;3;128;128
79;2;0.0001;concept2;0.0067880317;None;0.027685942;0.9932119846343994;10;3;128;128
80;0;0.0001;concept3;0.100194894;None;0.07268164;0.8998051285743713;10;3;128;128
80;1;0.0001;concept1;0.021653926;None;0.037589233;0.978346049785614;10;3;128;128
80;2;0.0001;concept2;0.0067505804;None;0.027611014;0.9932494163513184;10;3;128;128
81;0;0.0001;concept3;0.10001266;None;0.07253233;0.8999873399734497;10;3;128;128
81;1;0.0001;concept1;0.021601249;None;0.03754787;0.9783987402915955;10;3;128;128
81;2;0.0001;concept2;0.0067283534;None;0.02757024;0.9932716488838196;10;3;128;128
82;0;0.0001;concept3;0.100703545;None;0.07266874;0.8992964625358582;10;3;128;128
82;1;0.0001;concept1;0.021569908;None;0.037526704;0.9784300923347473;10;3;128;128
82;2;0.0001;concept2;0.0066999746;None;0.027518649;0.9933000206947327;10;3;128;128
83;0;0.0001;concept3;0.10135084;None;0.07279706;0.8986491560935974;10;3;128;128
83;1;0.0001;concept1;0.021386178;None;0.03740849;0.9786138534545898;10;3;128;128
83;2;0.0001;concept2;0.006681615;None;0.027494742;0.9933183789253235;10;3;128;128
84;0;0.0001;concept3;0.10056017;None;0.07258163;0.899439811706543;10;3;128;128
84;1;0.0001;concept1;0.021277364;None;0.03736883;0.9787226319313049;10;3;128;128
84;2;0.0001;concept2;0.006627331;None;0.027359148;0.9933726787567139;10;3;128;128
85;0;0.0001;concept3;0.101034634;None;0.07266531;0.8989653587341309;10;3;128;128
85;1;0.0001;concept1;0.021369046;None;0.037438527;0.9786309599876404;10;3;128;128
85;2;0.0001;concept2;0.0065768664;None;0.027261266;0.9934231042861938;10;3;128;128
86;0;0.0001;concept3;0.100039236;None;0.072064474;0.8999607563018799;10;3;128;128
86;1;0.0001;concept1;0.021293487;None;0.03742236;0.9787065386772156;10;3;128;128
86;2;0.0001;concept2;0.006547622;None;0.027193893;0.9934523701667786;10;3;128;128
87;0;0.0001;concept3;0.10217215;None;0.07276648;0.8978278636932373;10;3;128;128
87;1;0.0001;concept1;0.021285845;None;0.03743677;0.9787141680717468;10;3;128;128
87;2;0.0001;concept2;0.006537353;None;0.027174087;0.9934626221656799;10;3;128;128
88;0;0.0001;concept3;0.1014127;None;0.07258707;0.8985872864723206;10;3;128;128
88;1;0.0001;concept1;0.021017697;None;0.037253663;0.9789823293685913;10;3;128;128
88;2;0.0001;concept2;0.0064992714;None;0.027095202;0.9935007095336914;10;3;128;128
89;0;0.0001;concept3;0.1038808;None;0.07325958;0.8961191773414612;10;3;128;128
89;1;0.0001;concept1;0.021029573;None;0.037281275;0.9789704084396362;10;3;128;128
89;2;0.0001;concept2;0.006474193;None;0.027046626;0.9935258030891418;10;3;128;128
90;0;0.0001;concept3;0.099924274;None;0.071899794;0.9000757336616516;10;3;128;128
90;1;0.0001;concept1;0.021007435;None;0.037265025;0.9789925813674927;10;3;128;128
90;2;0.0001;concept2;0.0064454097;None;0.026984962;0.9935545921325684;10;3;128;128
91;0;0.0001;concept3;0.100598216;None;0.071183175;0.8994017839431763;10;3;128;128
91;1;0.0001;concept1;0.021024898;None;0.037289865;0.9789751172065735;10;3;128;128
91;2;0.0001;concept2;0.0064070285;None;0.026897954;0.9935929775238037;10;3;128;128
92;0;0.0001;concept3;0.10343479;None;0.07267909;0.8965651988983154;10;3;128;128
92;1;0.0001;concept1;0.02092208;None;0.037229914;0.979077935218811;10;3;128;128
92;2;0.0001;concept2;0.0063960603;None;0.02686527;0.9936039447784424;10;3;128;128
93;0;0.0001;concept3;0.10553825;None;0.07370832;0.8944617509841919;10;3;128;128
93;1;0.0001;concept1;0.020793201;None;0.037109844;0.9792068004608154;10;3;128;128
93;2;0.0001;concept2;0.006341676;None;0.026748916;0.9936583042144775;10;3;128;128
94;0;0.0001;concept3;0.10459748;None;0.07348953;0.8954025506973267;10;3;128;128
94;1;0.0001;concept1;0.020805081;None;0.03712551;0.9791949391365051;10;3;128;128
94;2;0.0001;concept2;0.006302271;None;0.026656248;0.9936977028846741;10;3;128;128
95;0;0.0001;concept3;0.1025085;None;0.07176636;0.8974915146827698;10;3;128;128
95;1;0.0001;concept1;0.02079558;None;0.03714046;0.9792044162750244;10;3;128;128
95;2;0.0001;concept2;0.006259189;None;0.026553743;0.9937407970428467;10;3;128;128
96;0;0.0001;concept3;0.1041806;None;0.07244035;0.8958194255828857;10;3;128;128
96;1;0.0001;concept1;0.020644072;None;0.03702568;0.9793559312820435;10;3;128;128
96;2;0.0001;concept2;0.0062448625;None;0.026503002;0.9937551617622375;10;3;128;128
97;0;0.0001;concept3;0.10548264;None;0.07321651;0.8945173621177673;10;3;128;128
97;1;0.0001;concept1;0.020672746;None;0.037052885;0.9793272614479065;10;3;128;128
97;2;0.0001;concept2;0.0061969697;None;0.026384268;0.9938030242919922;10;3;128;128
98;0;0.0001;concept3;0.102546595;None;0.071565084;0.8974534273147583;10;3;128;128
98;1;0.0001;concept1;0.02054864;None;0.03697818;0.9794513583183289;10;3;128;128
98;2;0.0001;concept2;0.0061673047;None;0.026295967;0.9938327074050903;10;3;128;128
99;0;0.0001;concept3;0.1052516;None;0.07301785;0.8947483897209167;10;3;128;128
99;1;0.0001;concept1;0.02051363;None;0.0369754;0.979486346244812;10;3;128;128
99;2;0.0001;concept2;0.006129475;None;0.02619559;0.9938704967498779;10;3;128;128
100;0;0.0001;concept3;0.098860964;None;0.06948936;0.9011390209197998;10;3;128;128
100;1;0.0001;concept1;0.020492045;None;0.036961388;0.9795079827308655;10;3;128;128
100;2;0.0001;concept2;0.006102392;None;0.026119545;0.9938976168632507;10;3;128;128
101;0;0.0001;concept3;0.09879505;None;0.06941421;0.9012049436569214;10;3;128;128
101;1;0.0001;concept1;0.020435316;None;0.03694004;0.9795646667480469;10;3;128;128
101;2;0.0001;concept2;0.006088025;None;0.026064958;0.9939119815826416;10;3;128;128
102;0;0.0001;concept3;0.08689385;None;0.061603103;0.9131061434745789;10;3;128;128
102;1;0.0001;concept1;0.02050778;None;0.037017;0.9794922471046448;10;3;128;128
102;2;0.0001;concept2;0.0060631647;None;0.025994029;0.9939368367195129;10;3;128;128
103;0;0.0001;concept3;0.09977501;None;0.069900535;0.9002249836921692;10;3;128;128
103;1;0.0001;concept1;0.02021174;None;0.03679841;0.9797882437705994;10;3;128;128
103;2;0.0001;concept2;0.0060545756;None;0.025960477;0.9939454197883606;10;3;128;128
104;0;0.0001;concept3;0.08822548;None;0.06308362;0.9117745161056519;10;3;128;128
104;1;0.0001;concept1;0.020518333;None;0.037029065;0.9794816970825195;10;3;128;128
104;2;0.0001;concept2;0.006020766;None;0.02584705;0.9939792156219482;10;3;128;128
105;0;0.0001;concept3;0.09397759;None;0.066603266;0.9060224294662476;10;3;128;128
105;1;0.0001;concept1;0.020381315;None;0.036943663;0.9796186685562134;10;3;128;128
105;2;0.0001;concept2;0.0060093207;None;0.025801456;0.9939906597137451;10;3;128;128
106;0;0.0001;concept3;0.0893788;None;0.063636824;0.9106212258338928;10;3;128;128
106;1;0.0001;concept1;0.020411687;None;0.037009884;0.9795883297920227;10;3;128;128
106;2;0.0001;concept2;0.0059675933;None;0.02567436;0.9940323829650879;10;3;128;128
107;0;0.0001;concept3;0.092088856;None;0.06535198;0.9079111218452454;10;3;128;128
107;1;0.0001;concept1;0.020602057;None;0.037174646;0.9793979525566101;10;3;128;128
107;2;0.0001;concept2;0.005936837;None;0.025590297;0.994063138961792;10;3;128;128
108;0;0.0001;concept3;0.09432643;None;0.066608265;0.9056735634803772;10;3;128;128
108;1;0.0001;concept1;0.020664653;None;0.03725014;0.979335367679596;10;3;128;128
108;2;0.0001;concept2;0.0058995634;None;0.025473345;0.9941004514694214;10;3;128;128
109;0;0.0001;concept3;0.08959823;None;0.063412175;0.9104017615318298;10;3;128;128
109;1;0.0001;concept1;0.020756735;None;0.03733741;0.979243278503418;10;3;128;128
109;2;0.0001;concept2;0.005863949;None;0.025367325;0.9941360354423523;10;3;128;128
110;0;0.0001;concept3;0.10096472;None;0.07003059;0.8990352749824524;10;3;128;128
110;1;0.0001;concept1;0.020619113;None;0.037241265;0.9793809056282043;10;3;128;128
110;2;0.0001;concept2;0.005835645;None;0.025293255;0.9941643476486206;10;3;128;128
111;0;0.0001;concept3;0.10168794;None;0.0703209;0.8983120918273926;10;3;128;128
111;1;0.0001;concept1;0.020793136;None;0.03737772;0.9792068600654602;10;3;128;128
111;2;0.0001;concept2;0.0057833334;None;0.025149792;0.9942166805267334;10;3;128;128
112;0;0.0001;concept3;0.10251575;None;0.0712607;0.8974842429161072;10;3;128;128
112;1;0.0001;concept1;0.020815086;None;0.037405297;0.9791849255561829;10;3;128;128
112;2;0.0001;concept2;0.0057645016;None;0.02509912;0.9942355155944824;10;3;128;128
113;0;0.0001;concept3;0.10523714;None;0.0721361;0.8947628736495972;10;3;128;128
113;1;0.0001;concept1;0.020801798;None;0.037410546;0.9791982173919678;10;3;128;128
113;2;0.0001;concept2;0.005741954;None;0.025039732;0.9942580461502075;10;3;128;128
114;0;0.0001;concept3;0.1048826;None;0.07226921;0.8951174020767212;10;3;128;128
114;1;0.0001;concept1;0.020647734;None;0.03729984;0.9793522357940674;10;3;128;128
114;2;0.0001;concept2;0.005729004;None;0.024997354;0.9942709803581238;10;3;128;128
115;0;0.0001;concept3;0.10636055;None;0.072883286;0.8936394453048706;10;3;128;128
115;1;0.0001;concept1;0.020549705;None;0.03722272;0.9794502854347229;10;3;128;128
115;2;0.0001;concept2;0.00568701;None;0.024891937;0.9943130016326904;10;3;128;128
116;0;0.0001;concept3;0.10575291;None;0.07265111;0.8942471146583557;10;3;128;128
116;1;0.0001;concept1;0.020615192;None;0.037298374;0.9793847799301147;10;3;128;128
116;2;0.0001;concept2;0.0056620375;None;0.02482152;0.9943379759788513;10;3;128;128
117;0;0.0001;concept3;0.10561363;None;0.072499976;0.894386351108551;10;3;128;128
117;1;0.0001;concept1;0.020396333;None;0.03710996;0.97960364818573;10;3;128;128
117;2;0.0001;concept2;0.0056482437;None;0.02478788;0.9943517446517944;10;3;128;128
118;0;0.0001;concept3;0.105433695;None;0.07238742;0.8945662975311279;10;3;128;128
118;1;0.0001;concept1;0.020437963;None;0.03715483;0.9795620441436768;10;3;128;128
118;2;0.0001;concept2;0.005627605;None;0.02472728;0.9943723678588867;10;3;128;128
119;0;0.0001;concept3;0.10605284;None;0.072537825;0.8939471244812012;10;3;128;128
119;1;0.0001;concept1;0.020279316;None;0.037020307;0.9797207117080688;10;3;128;128
119;2;0.0001;concept2;0.0056021446;None;0.024663145;0.9943978786468506;10;3;128;128
120;0;0.0001;concept3;0.106785;None;0.07277561;0.893215000629425;10;3;128;128
120;1;0.0001;concept1;0.020308085;None;0.037053254;0.9796919226646423;10;3;128;128
120;2;0.0001;concept2;0.0055713304;None;0.024579152;0.9944286942481995;10;3;128;128
121;0;0.0001;concept3;0.10663453;None;0.0727888;0.8933655023574829;10;3;128;128
121;1;0.0001;concept1;0.020192528;None;0.036977313;0.9798074960708618;10;3;128;128
121;2;0.0001;concept2;0.0055546914;None;0.024531204;0.9944453239440918;10;3;128;128
122;0;0.0001;concept3;0.10721658;None;0.07298731;0.8927834033966064;10;3;128;128
122;1;0.0001;concept1;0.020146832;None;0.036951873;0.9798531532287598;10;3;128;128
122;2;0.0001;concept2;0.0055297674;None;0.02445831;0.9944702386856079;10;3;128;128
123;0;0.0001;concept3;0.105242655;None;0.072156295;0.8947573304176331;10;3;128;128
123;1;0.0001;concept1;0.0201074;None;0.036923468;0.9798926115036011;10;3;128;128
123;2;0.0001;concept2;0.0055249142;None;0.024437254;0.9944750666618347;10;3;128;128
124;0;0.0001;concept3;0.104022086;None;0.071493804;0.8959779143333435;10;3;128;128
124;1;0.0001;concept1;0.020199208;None;0.03701378;0.979800820350647;10;3;128;128
124;2;0.0001;concept2;0.005522546;None;0.024423447;0.9944774508476257;10;3;128;128
125;0;0.0001;concept3;0.10258733;None;0.07076465;0.8974126577377319;10;3;128;128
125;1;0.0001;concept1;0.020100849;None;0.036918145;0.9798991680145264;10;3;128;128
125;2;0.0001;concept2;0.0055086943;None;0.024375712;0.9944912791252136;10;3;128;128
126;0;0.0001;concept3;0.100283496;None;0.06947244;0.8997164964675903;10;3;128;128
126;1;0.0001;concept1;0.02013692;None;0.036968358;0.9798631072044373;10;3;128;128
126;2;0.0001;concept2;0.0054785786;None;0.024285482;0.99452143907547;10;3;128;128
127;0;0.0001;concept3;0.101498745;None;0.069921896;0.8985012769699097;10;3;128;128
127;1;0.0001;concept1;0.02020303;None;0.03703228;0.9797969460487366;10;3;128;128
127;2;0.0001;concept2;0.005483643;None;0.024278913;0.9945163726806641;10;3;128;128
128;0;0.0001;concept3;0.10333702;None;0.0705452;0.8966629505157471;10;3;128;128
128;1;0.0001;concept1;0.020204134;None;0.03704584;0.9797958731651306;10;3;128;128
128;2;0.0001;concept2;0.0055082496;None;0.024321154;0.9944917559623718;10;3;128;128
129;0;0.0001;concept3;0.10129775;None;0.06947622;0.8987022638320923;10;3;128;128
129;1;0.0001;concept1;0.020169275;None;0.03704808;0.9798307418823242;10;3;128;128
129;2;0.0001;concept2;0.005497469;None;0.024281602;0.9945025444030762;10;3;128;128
130;0;0.0001;concept3;0.10176043;None;0.06977073;0.8982395529747009;10;3;128;128
130;1;0.0001;concept1;0.020222288;None;0.03710739;0.9797776937484741;10;3;128;128
130;2;0.0001;concept2;0.0055092582;None;0.024292385;0.9944907426834106;10;3;128;128
131;0;0.0001;concept3;0.10219133;None;0.06989527;0.8978086709976196;10;3;128;128
131;1;0.0001;concept1;0.020196386;None;0.03709776;0.9798036217689514;10;3;128;128
131;2;0.0001;concept2;0.005484307;None;0.024215735;0.9945157170295715;10;3;128;128
132;0;0.0001;concept3;0.103880346;None;0.07078269;0.8961196541786194;10;3;128;128
132;1;0.0001;concept1;0.020355413;None;0.03723945;0.9796445965766907;10;3;128;128
132;2;0.0001;concept2;0.0054909172;None;0.024220526;0.9945091009140015;10;3;128;128
133;0;0.0001;concept3;0.10108516;None;0.0693266;0.8989148139953613;10;3;128;128
133;1;0.0001;concept1;0.02043783;None;0.03730924;0.9795621633529663;10;3;128;128
133;2;0.0001;concept2;0.00547479;None;0.02417083;0.9945251941680908;10;3;128;128
134;0;0.0001;concept3;0.09985783;None;0.06867836;0.9001421928405762;10;3;128;128
134;1;0.0001;concept1;0.020492498;None;0.037360806;0.9795075058937073;10;3;128;128
134;2;0.0001;concept2;0.0054911324;None;0.024200154;0.9945088624954224;10;3;128;128
135;0;0.0001;concept3;0.10052873;None;0.06914097;0.8994712829589844;10;3;128;128
135;1;0.0001;concept1;0.020514732;None;0.037378255;0.979485273361206;10;3;128;128
135;2;0.0001;concept2;0.005489482;None;0.024190348;0.9945105314254761;10;3;128;128
136;0;0.0001;concept3;0.098266;None;0.068273224;0.9017339944839478;10;3;128;128
136;1;0.0001;concept1;0.020551147;None;0.037399933;0.9794488549232483;10;3;128;128
136;2;0.0001;concept2;0.005471616;None;0.024140114;0.9945284128189087;10;3;128;128
137;0;0.0001;concept3;0.10265552;None;0.070383966;0.8973444700241089;10;3;128;128
137;1;0.0001;concept1;0.020605003;None;0.037447415;0.9793949723243713;10;3;128;128
137;2;0.0001;concept2;0.0054668076;None;0.024122301;0.9945331811904907;10;3;128;128
138;0;0.0001;concept3;0.097390085;None;0.06784431;0.9026099443435669;10;3;128;128
138;1;0.0001;concept1;0.020615289;None;0.037434343;0.97938472032547;10;3;128;128
138;2;0.0001;concept2;0.0054369024;None;0.024043927;0.994563102722168;10;3;128;128
139;0;0.0001;concept3;0.097571686;None;0.06784955;0.9024283289909363;10;3;128;128
139;1;0.0001;concept1;0.020733519;None;0.037527125;0.9792664647102356;10;3;128;128
139;2;0.0001;concept2;0.005458085;None;0.024092643;0.9945419430732727;10;3;128;128
140;0;0.0001;concept3;0.09737808;None;0.06743093;0.9026219248771667;10;3;128;128
140;1;0.0001;concept1;0.020825228;None;0.037593737;0.979174792766571;10;3;128;128
140;2;0.0001;concept2;0.005462921;None;0.024098063;0.9945370554924011;10;3;128;128
141;0;0.0001;concept3;0.09896767;None;0.06816348;0.9010323286056519;10;3;128;128
141;1;0.0001;concept1;0.020760326;None;0.03752405;0.9792397022247314;10;3;128;128
141;2;0.0001;concept2;0.0054513193;None;0.024060387;0.9945486783981323;10;3;128;128
142;0;0.0001;concept3;0.09927589;None;0.0683417;0.9007241129875183;10;3;128;128
142;1;0.0001;concept1;0.02094605;None;0.03764905;0.9790539741516113;10;3;128;128
142;2;0.0001;concept2;0.005426167;None;0.023991888;0.9945738315582275;10;3;128;128
143;0;0.0001;concept3;0.09966898;None;0.06850366;0.9003310203552246;10;3;128;128
143;1;0.0001;concept1;0.020934619;None;0.03762729;0.9790653586387634;10;3;128;128
143;2;0.0001;concept2;0.0054306025;None;0.023996795;0.9945694208145142;10;3;128;128
144;0;0.0001;concept3;0.100980714;None;0.06907051;0.8990193009376526;10;3;128;128
144;1;0.0001;concept1;0.020979982;None;0.03766781;0.9790199995040894;10;3;128;128
144;2;0.0001;concept2;0.00540333;None;0.02392558;0.9945966601371765;10;3;128;128
145;0;0.0001;concept3;0.099432684;None;0.067951374;0.9005672931671143;10;3;128;128
145;1;0.0001;concept1;0.0209973;None;0.037671324;0.9790027141571045;10;3;128;128
145;2;0.0001;concept2;0.0053830408;None;0.023867399;0.9946169853210449;10;3;128;128
146;0;0.0001;concept3;0.100455165;None;0.068413116;0.8995448350906372;10;3;128;128
146;1;0.0001;concept1;0.021005906;None;0.037690353;0.9789940714836121;10;3;128;128
146;2;0.0001;concept2;0.0053867237;None;0.023880893;0.9946132898330688;10;3;128;128
147;0;0.0001;concept3;0.10177855;None;0.06906049;0.8982214331626892;10;3;128;128
147;1;0.0001;concept1;0.021203835;None;0.037858736;0.9787961840629578;10;3;128;128
147;2;0.0001;concept2;0.0053759394;None;0.023850018;0.9946240782737732;10;3;128;128
148;0;0.0001;concept3;0.10089027;None;0.06830915;0.8991097211837769;10;3;128;128
148;1;0.0001;concept1;0.02109515;None;0.03777302;0.9789048433303833;10;3;128;128
148;2;0.0001;concept2;0.005357707;None;0.023801545;0.9946423172950745;10;3;128;128
149;0;0.0001;concept3;0.10220987;None;0.06889965;0.8977901339530945;10;3;128;128
149;1;0.0001;concept1;0.021136938;None;0.037765864;0.9788630604743958;10;3;128;128
149;2;0.0001;concept2;0.0053460896;None;0.023770941;0.9946539402008057;10;3;128;128
150;0;0.0001;concept1;0.021149537;None;0.03780256;0.9788504838943481;10;3;128;128
150;1;0.0001;concept2;0.005355475;None;0.023790285;0.9946445226669312;10;3;128;128
150;2;0.0001;concept3;0.102492504;None;0.06885837;0.8975074887275696;10;3;128;128
151;0;0.0001;concept1;0.02088852;None;0.037434753;0.9791114926338196;10;3;128;128
151;1;0.0001;concept2;0.00577224;None;0.024709938;0.9942277669906616;10;3;128;128
151;2;0.0001;concept3;0.100673735;None;0.06604114;0.8993262648582458;10;3;128;128
152;0;0.0001;concept1;0.020744001;None;0.03723753;0.9792559742927551;10;3;128;128
152;1;0.0001;concept2;0.006101646;None;0.025417043;0.993898332118988;10;3;128;128
152;2;0.0001;concept3;0.103474766;None;0.06681174;0.8965252637863159;10;3;128;128
153;0;0.0001;concept1;0.020554617;None;0.03703574;0.9794453978538513;10;3;128;128
153;1;0.0001;concept2;0.006264117;None;0.02575463;0.9937359094619751;10;3;128;128
153;2;0.0001;concept3;0.105228156;None;0.06707415;0.8947718143463135;10;3;128;128
154;0;0.0001;concept1;0.020749249;None;0.037163135;0.9792507290840149;10;3;128;128
154;1;0.0001;concept2;0.006358819;None;0.025953183;0.993641197681427;10;3;128;128
154;2;0.0001;concept3;0.105844244;None;0.067255706;0.894155740737915;10;3;128;128
155;0;0.0001;concept1;0.020896208;None;0.03725948;0.9791038036346436;10;3;128;128
155;1;0.0001;concept2;0.00640203;None;0.026017377;0.9935979843139648;10;3;128;128
155;2;0.0001;concept3;0.10659219;None;0.067498855;0.8934078216552734;10;3;128;128
156;0;0.0001;concept1;0.021124747;None;0.0373769;0.9788752794265747;10;3;128;128
156;1;0.0001;concept2;0.0064130537;None;0.02602169;0.9935869574546814;10;3;128;128
156;2;0.0001;concept3;0.10695164;None;0.06794435;0.8930483460426331;10;3;128;128
157;0;0.0001;concept1;0.021180242;None;0.03739106;0.978819727897644;10;3;128;128
157;1;0.0001;concept2;0.0064376006;None;0.026066652;0.9935624003410339;10;3;128;128
157;2;0.0001;concept3;0.10673418;None;0.06785058;0.8932658433914185;10;3;128;128
158;0;0.0001;concept1;0.021410823;None;0.037539445;0.9785891771316528;10;3;128;128
158;1;0.0001;concept2;0.0064489576;None;0.026079409;0.9935510158538818;10;3;128;128
158;2;0.0001;concept3;0.10797009;None;0.06835833;0.892029881477356;10;3;128;128
159;0;0.0001;concept1;0.02132394;None;0.03742594;0.9786760807037354;10;3;128;128
159;1;0.0001;concept2;0.006469583;None;0.02610886;0.9935303926467896;10;3;128;128
159;2;0.0001;concept3;0.10755398;None;0.06844591;0.8924460411071777;10;3;128;128
160;0;0.0001;concept1;0.021565612;None;0.037576303;0.9784343838691711;10;3;128;128
160;1;0.0001;concept2;0.0064804805;None;0.026115127;0.9935195446014404;10;3;128;128
160;2;0.0001;concept3;0.10759267;None;0.06864239;0.8924072980880737;10;3;128;128
161;0;0.0001;concept1;0.021330427;None;0.037349813;0.9786695837974548;10;3;128;128
161;1;0.0001;concept2;0.006496104;None;0.026129106;0.9935038685798645;10;3;128;128
161;2;0.0001;concept3;0.108403675;None;0.068731904;0.8915963172912598;10;3;128;128
162;0;0.0001;concept1;0.021442436;None;0.037412457;0.9785575866699219;10;3;128;128
162;1;0.0001;concept2;0.0065431297;None;0.026212145;0.9934568405151367;10;3;128;128
162;2;0.0001;concept3;0.109393865;None;0.06919265;0.890606164932251;10;3;128;128
163;0;0.0001;concept1;0.02164428;None;0.037576105;0.9783557057380676;10;3;128;128
163;1;0.0001;concept2;0.0065650605;None;0.026239133;0.9934349656105042;10;3;128;128
163;2;0.0001;concept3;0.11098873;None;0.069948375;0.8890112638473511;10;3;128;128
164;0;0.0001;concept1;0.021657655;None;0.037553925;0.9783423542976379;10;3;128;128
164;1;0.0001;concept2;0.0065615834;None;0.026209531;0.9934384226799011;10;3;128;128
164;2;0.0001;concept3;0.110844366;None;0.07021506;0.8891556262969971;10;3;128;128
165;0;0.0001;concept1;0.021206863;None;0.03715692;0.9787931442260742;10;3;128;128
165;1;0.0001;concept2;0.0065604127;None;0.026184205;0.9934396147727966;10;3;128;128
165;2;0.0001;concept3;0.11084386;None;0.07055691;0.8891561031341553;10;3;128;128
166;0;0.0001;concept1;0.021197487;None;0.03714195;0.978802502155304;10;3;128;128
166;1;0.0001;concept2;0.006567661;None;0.026180496;0.993432343006134;10;3;128;128
166;2;0.0001;concept3;0.11120875;None;0.0706918;0.8887912631034851;10;3;128;128
167;0;0.0001;concept1;0.021358313;None;0.037234068;0.9786416888237;10;3;128;128
167;1;0.0001;concept2;0.006598544;None;0.026225053;0.9934014678001404;10;3;128;128
167;2;0.0001;concept3;0.11190834;None;0.07104681;0.8880916833877563;10;3;128;128
168;0;0.0001;concept1;0.021307783;None;0.03715081;0.9786922335624695;10;3;128;128
168;1;0.0001;concept2;0.0066038296;None;0.026214482;0.9933961629867554;10;3;128;128
168;2;0.0001;concept3;0.112285085;None;0.07130289;0.8877149224281311;10;3;128;128
169;0;0.0001;concept1;0.02134679;None;0.03714418;0.9786531925201416;10;3;128;128
169;1;0.0001;concept2;0.0066065476;None;0.026199417;0.9933934807777405;10;3;128;128
169;2;0.0001;concept3;0.11255739;None;0.07156266;0.8874425888061523;10;3;128;128
170;0;0.0001;concept1;0.021437239;None;0.037190627;0.9785627722740173;10;3;128;128
170;1;0.0001;concept2;0.006623041;None;0.026208928;0.9933769702911377;10;3;128;128
170;2;0.0001;concept3;0.111857414;None;0.0713438;0.8881425857543945;10;3;128;128
171;0;0.0001;concept1;0.021285702;None;0.0370331;0.9787142872810364;10;3;128;128
171;1;0.0001;concept2;0.0066000298;None;0.026132163;0.993399977684021;10;3;128;128
171;2;0.0001;concept3;0.11223956;None;0.07135952;0.8877604603767395;10;3;128;128
172;0;0.0001;concept1;0.021353219;None;0.037037935;0.9786467552185059;10;3;128;128
172;1;0.0001;concept2;0.006594178;None;0.026094394;0.993405818939209;10;3;128;128
172;2;0.0001;concept3;0.112292156;None;0.07154353;0.8877078294754028;10;3;128;128
173;0;0.0001;concept1;0.021503711;None;0.037109878;0.9784963130950928;10;3;128;128
173;1;0.0001;concept2;0.006600532;None;0.026089398;0.993399441242218;10;3;128;128
173;2;0.0001;concept3;0.11319432;None;0.071815304;0.8868056535720825;10;3;128;128
174;0;0.0001;concept1;0.021467963;None;0.03702799;0.9785320162773132;10;3;128;128
174;1;0.0001;concept2;0.006569447;None;0.026003333;0.9934305548667908;10;3;128;128
174;2;0.0001;concept3;0.112781204;None;0.071728535;0.8872187733650208;10;3;128;128
175;0;0.0001;concept1;0.021430137;None;0.036931317;0.9785698652267456;10;3;128;128
175;1;0.0001;concept2;0.006577533;None;0.02600556;0.9934224486351013;10;3;128;128
175;2;0.0001;concept3;0.113180585;None;0.07178065;0.8868194222450256;10;3;128;128
176;0;0.0001;concept1;0.021592664;None;0.03696104;0.9784073233604431;10;3;128;128
176;1;0.0001;concept2;0.006561075;None;0.0259539;0.9934388995170593;10;3;128;128
176;2;0.0001;concept3;0.113654055;None;0.07189006;0.8863459229469299;10;3;128;128
177;0;0.0001;concept1;0.02157267;None;0.03694027;0.9784273505210876;10;3;128;128
177;1;0.0001;concept2;0.0065701785;None;0.025958128;0.9934298396110535;10;3;128;128
177;2;0.0001;concept3;0.11338468;None;0.07172632;0.8866153359413147;10;3;128;128
178;0;0.0001;concept1;0.021680685;None;0.036997475;0.9783192873001099;10;3;128;128
178;1;0.0001;concept2;0.006561566;None;0.02592484;0.9934384226799011;10;3;128;128
178;2;0.0001;concept3;0.113904834;None;0.07191759;0.8860951662063599;10;3;128;128
179;0;0.0001;concept1;0.021783536;None;0.03698998;0.9782164692878723;10;3;128;128
179;1;0.0001;concept2;0.006536351;None;0.025851393;0.9934636354446411;10;3;128;128
179;2;0.0001;concept3;0.11344462;None;0.071900755;0.8865553736686707;10;3;128;128
180;0;0.0001;concept1;0.021768108;None;0.03695463;0.9782319068908691;10;3;128;128
180;1;0.0001;concept2;0.006558807;None;0.025880318;0.9934411644935608;10;3;128;128
180;2;0.0001;concept3;0.11337101;None;0.07211882;0.8866289854049683;10;3;128;128
181;0;0.0001;concept1;0.021829046;None;0.036985513;0.9781709313392639;10;3;128;128
181;1;0.0001;concept2;0.0065578343;None;0.025865842;0.993442177772522;10;3;128;128
181;2;0.0001;concept3;0.11394419;None;0.07236815;0.8860558271408081;10;3;128;128
182;0;0.0001;concept1;0.021902813;None;0.03701589;0.9780972003936768;10;3;128;128
182;1;0.0001;concept2;0.0065510557;None;0.025841024;0.9934489727020264;10;3;128;128
182;2;0.0001;concept3;0.11558136;None;0.07278276;0.8844186067581177;10;3;128;128
183;0;0.0001;concept1;0.021914266;None;0.036992807;0.9780857563018799;10;3;128;128
183;1;0.0001;concept2;0.006566806;None;0.02587184;0.9934331774711609;10;3;128;128
183;2;0.0001;concept3;0.11624726;None;0.07326104;0.883752703666687;10;3;128;128
184;0;0.0001;concept1;0.021895045;None;0.036932398;0.9781049489974976;10;3;128;128
184;1;0.0001;concept2;0.006584307;None;0.025903188;0.9934157133102417;10;3;128;128
184;2;0.0001;concept3;0.11747956;None;0.073468626;0.8825204372406006;10;3;128;128
185;0;0.0001;concept1;0.021883518;None;0.036946807;0.978116512298584;10;3;128;128
185;1;0.0001;concept2;0.006587057;None;0.025905184;0.993412971496582;10;3;128;128
185;2;0.0001;concept3;0.1166113;None;0.073168;0.8833886981010437;10;3;128;128
186;0;0.0001;concept1;0.02183564;None;0.036896076;0.9781643748283386;10;3;128;128
186;1;0.0001;concept2;0.0066141114;None;0.02595598;0.993385910987854;10;3;128;128
186;2;0.0001;concept3;0.11718141;None;0.07323595;0.8828185796737671;10;3;128;128
187;0;0.0001;concept1;0.021742418;None;0.036839858;0.9782575964927673;10;3;128;128
187;1;0.0001;concept2;0.0066250004;None;0.02597796;0.9933750033378601;10;3;128;128
187;2;0.0001;concept3;0.11708764;None;0.07325884;0.8829123377799988;10;3;128;128
188;0;0.0001;concept1;0.021570021;None;0.036752097;0.9784299731254578;10;3;128;128
188;1;0.0001;concept2;0.0066457405;None;0.026014162;0.9933542609214783;10;3;128;128
188;2;0.0001;concept3;0.11765229;None;0.073263645;0.8823477029800415;10;3;128;128
189;0;0.0001;concept1;0.021563118;None;0.036718465;0.9784368872642517;10;3;128;128
189;1;0.0001;concept2;0.0066770334;None;0.026073247;0.9933229684829712;10;3;128;128
189;2;0.0001;concept3;0.1174277;None;0.07328242;0.8825722932815552;10;3;128;128
190;0;0.0001;concept1;0.021588264;None;0.03672147;0.9784117341041565;10;3;128;128
190;1;0.0001;concept2;0.006708265;None;0.026126787;0.9932917356491089;10;3;128;128
190;2;0.0001;concept3;0.11846402;None;0.07345325;0.8815360069274902;10;3;128;128
191;0;0.0001;concept1;0.021429207;None;0.036581837;0.978570818901062;10;3;128;128
191;1;0.0001;concept2;0.006720057;None;0.026136693;0.9932799339294434;10;3;128;128
191;2;0.0001;concept3;0.118725985;None;0.07358117;0.8812739849090576;10;3;128;128
192;0;0.0001;concept1;0.02146738;None;0.036555015;0.978532612323761;10;3;128;128
192;1;0.0001;concept2;0.006733185;None;0.026152005;0.9932668209075928;10;3;128;128
192;2;0.0001;concept3;0.11909911;None;0.07368177;0.8809008598327637;10;3;128;128
193;0;0.0001;concept1;0.021467483;None;0.03656728;0.9785324931144714;10;3;128;128
193;1;0.0001;concept2;0.0067698285;None;0.02622134;0.9932301640510559;10;3;128;128
193;2;0.0001;concept3;0.12002225;None;0.073960975;0.8799777626991272;10;3;128;128
194;0;0.0001;concept1;0.021568911;None;0.036605883;0.9784311056137085;10;3;128;128
194;1;0.0001;concept2;0.006785945;None;0.026235772;0.9932140707969666;10;3;128;128
194;2;0.0001;concept3;0.1205039;None;0.07378404;0.8794960975646973;10;3;128;128
195;0;0.0001;concept1;0.021553012;None;0.036592726;0.9784469604492188;10;3;128;128
195;1;0.0001;concept2;0.0067834286;None;0.02621813;0.9932165741920471;10;3;128;128
195;2;0.0001;concept3;0.12087498;None;0.07392276;0.8791249990463257;10;3;128;128
196;0;0.0001;concept1;0.021689266;None;0.03662319;0.978310763835907;10;3;128;128
196;1;0.0001;concept2;0.0068213446;None;0.026276983;0.99317866563797;10;3;128;128
196;2;0.0001;concept3;0.12178355;None;0.074056424;0.8782164454460144;10;3;128;128
197;0;0.0001;concept1;0.021726618;None;0.036614925;0.9782733917236328;10;3;128;128
197;1;0.0001;concept2;0.006811483;None;0.026241943;0.9931885004043579;10;3;128;128
197;2;0.0001;concept3;0.12210094;None;0.07418675;0.8778990507125854;10;3;128;128
198;0;0.0001;concept1;0.021803785;None;0.03662188;0.9781962037086487;10;3;128;128
198;1;0.0001;concept2;0.006844278;None;0.026298152;0.9931557178497314;10;3;128;128
198;2;0.0001;concept3;0.12225268;None;0.07425532;0.8777472972869873;10;3;128;128
199;0;0.0001;concept1;0.021768518;None;0.03661692;0.9782314896583557;10;3;128;128
199;1;0.0001;concept2;0.006819099;None;0.026238743;0.9931808710098267;10;3;128;128
199;2;0.0001;concept3;0.122832835;None;0.07439927;0.8771671652793884;10;3;128;128
