0;0;0.0001;concept1;0.19026901;None;0.15752877;0.8097310066223145;10;3;128;128
0;1;0.0001;concept2;0.47664317;None;0.2519882;0.5233567953109741;10;3;128;128
0;2;0.0001;concept3;0.61232007;None;0.29065275;0.3876798748970032;10;3;128;128
1;0;0.0001;concept1;0.30211526;None;0.18833344;0.697884738445282;10;3;128;128
1;1;0.0001;concept2;0.6372863;None;0.29245135;0.36271369457244873;10;3;128;128
1;2;0.0001;concept3;0.47025967;None;0.25015253;0.5297403335571289;10;3;128;128
2;0;0.0001;concept1;0.28134528;None;0.18175945;0.7186547517776489;10;3;128;128
2;1;0.0001;concept2;0.5792236;None;0.27769864;0.4207764267921448;10;3;128;128
2;2;0.0001;concept3;0.43195474;None;0.23740803;0.5680452585220337;10;3;128;128
3;0;0.0001;concept1;0.26104444;None;0.17506456;0.738955557346344;10;3;128;128
3;1;0.0001;concept2;0.52559435;None;0.2631209;0.4744056463241577;10;3;128;128
3;2;0.0001;concept3;0.3964848;None;0.22464916;0.6035152077674866;10;3;128;128
4;0;0.0001;concept1;0.24211454;None;0.168582;0.7578854560852051;10;3;128;128
4;1;0.0001;concept2;0.47699687;None;0.24933751;0.523003101348877;10;3;128;128
4;2;0.0001;concept3;0.36544415;None;0.21287653;0.6345558166503906;10;3;128;128
5;0;0.0001;concept1;0.22487879;None;0.16222404;0.7751212120056152;10;3;128;128
5;1;0.0001;concept2;0.42982417;None;0.23509811;0.57017582654953;10;3;128;128
5;2;0.0001;concept3;0.33876097;None;0.20196362;0.6612390279769897;10;3;128;128
6;0;0.0001;concept1;0.21094108;None;0.15713914;0.7890589237213135;10;3;128;128
6;1;0.0001;concept2;0.38502467;None;0.22102515;0.6149753332138062;10;3;128;128
6;2;0.0001;concept3;0.3161964;None;0.19178474;0.6838035583496094;10;3;128;128
7;0;0.0001;concept1;0.19795035;None;0.15230784;0.8020496368408203;10;3;128;128
7;1;0.0001;concept2;0.3440291;None;0.20739755;0.6559709310531616;10;3;128;128
7;2;0.0001;concept3;0.29486218;None;0.18171021;0.7051378488540649;10;3;128;128
8;0;0.0001;concept1;0.18760368;None;0.14831;0.8123962879180908;10;3;128;128
8;1;0.0001;concept2;0.30638316;None;0.19425009;0.6936168670654297;10;3;128;128
8;2;0.0001;concept3;0.27710754;None;0.1726874;0.7228924036026001;10;3;128;128
9;0;0.0001;concept1;0.17786337;None;0.14450702;0.822136640548706;10;3;128;128
9;1;0.0001;concept2;0.27148405;None;0.181365;0.7285159826278687;10;3;128;128
9;2;0.0001;concept3;0.259827;None;0.16377676;0.7401729822158813;10;3;128;128
10;0;0.0001;concept1;0.16840829;None;0.14060256;0.8315917253494263;10;3;128;128
10;1;0.0001;concept2;0.24076544;None;0.16949655;0.7592345476150513;10;3;128;128
10;2;0.0001;concept3;0.2460644;None;0.15583919;0.7539355754852295;10;3;128;128
11;0;0.0001;concept1;0.15929182;None;0.13673864;0.8407081961631775;10;3;128;128
11;1;0.0001;concept2;0.21313982;None;0.15821877;0.7868601679801941;10;3;128;128
11;2;0.0001;concept3;0.2334576;None;0.14831026;0.7665424346923828;10;3;128;128
12;0;0.0001;concept1;0.15359068;None;0.13422412;0.8464093208312988;10;3;128;128
12;1;0.0001;concept2;0.18753381;None;0.14710163;0.8124662041664124;10;3;128;128
12;2;0.0001;concept3;0.22520335;None;0.14228812;0.7747966051101685;10;3;128;128
13;0;0.0001;concept1;0.14740703;None;0.13135816;0.852592945098877;10;3;128;128
13;1;0.0001;concept2;0.16471668;None;0.13662858;0.8352833390235901;10;3;128;128
13;2;0.0001;concept3;0.21541955;None;0.13602483;0.7845804691314697;10;3;128;128
14;0;0.0001;concept1;0.14169191;None;0.12863609;0.8583080768585205;10;3;128;128
14;1;0.0001;concept2;0.14493011;None;0.12715732;0.8550698757171631;10;3;128;128
14;2;0.0001;concept3;0.20916888;None;0.1310725;0.7908310890197754;10;3;128;128
15;0;0.0001;concept1;0.13674991;None;0.1260649;0.8632500767707825;10;3;128;128
15;1;0.0001;concept2;0.1269101;None;0.11812427;0.8730899095535278;10;3;128;128
15;2;0.0001;concept3;0.20379393;None;0.12679999;0.7962060570716858;10;3;128;128
16;0;0.0001;concept1;0.13226487;None;0.12365467;0.8677351474761963;10;3;128;128
16;1;0.0001;concept2;0.11103095;None;0.109701335;0.8889690637588501;10;3;128;128
16;2;0.0001;concept3;0.19891493;None;0.12319897;0.8010851144790649;10;3;128;128
17;0;0.0001;concept1;0.12837477;None;0.121659875;0.8716252446174622;10;3;128;128
17;1;0.0001;concept2;0.09736231;None;0.10204699;0.9026377201080322;10;3;128;128
17;2;0.0001;concept3;0.19444148;None;0.12015471;0.8055585622787476;10;3;128;128
18;0;0.0001;concept1;0.124278314;None;0.11947852;0.8757216930389404;10;3;128;128
18;1;0.0001;concept2;0.08564713;None;0.09520573;0.9143528938293457;10;3;128;128
18;2;0.0001;concept3;0.19017175;None;0.11731458;0.8098282814025879;10;3;128;128
19;0;0.0001;concept1;0.120443396;None;0.11737008;0.8795565962791443;10;3;128;128
19;1;0.0001;concept2;0.075746916;None;0.08925102;0.9242531061172485;10;3;128;128
19;2;0.0001;concept3;0.18812668;None;0.11533743;0.8118733167648315;10;3;128;128
20;0;0.0001;concept1;0.11693584;None;0.115455486;0.8830641508102417;10;3;128;128
20;1;0.0001;concept2;0.067566186;None;0.08409166;0.9324338436126709;10;3;128;128
20;2;0.0001;concept3;0.18597169;None;0.113535985;0.814028263092041;10;3;128;128
21;0;0.0001;concept1;0.11387699;None;0.11367836;0.88612300157547;10;3;128;128
21;1;0.0001;concept2;0.060239553;None;0.07926342;0.9397604465484619;10;3;128;128
21;2;0.0001;concept3;0.18452471;None;0.11224004;0.8154752850532532;10;3;128;128
22;0;0.0001;concept1;0.11049414;None;0.11165059;0.8895058631896973;10;3;128;128
22;1;0.0001;concept2;0.05360519;None;0.07474039;0.9463948011398315;10;3;128;128
22;2;0.0001;concept3;0.18397164;None;0.111373544;0.816028356552124;10;3;128;128
23;0;0.0001;concept1;0.107815705;None;0.11003212;0.892184317111969;10;3;128;128
23;1;0.0001;concept2;0.0485677;None;0.071092695;0.9514322876930237;10;3;128;128
23;2;0.0001;concept3;0.1835519;None;0.11079438;0.8164480924606323;10;3;128;128
24;0;0.0001;concept1;0.105692856;None;0.10861791;0.8943071365356445;10;3;128;128
24;1;0.0001;concept2;0.04435419;None;0.067928135;0.9556457996368408;10;3;128;128
24;2;0.0001;concept3;0.18516369;None;0.11090385;0.814836323261261;10;3;128;128
25;0;0.0001;concept1;0.103420176;None;0.10724804;0.8965798020362854;10;3;128;128
25;1;0.0001;concept2;0.040666927;None;0.06503196;0.959333062171936;10;3;128;128
25;2;0.0001;concept3;0.18478957;None;0.11051871;0.8152104020118713;10;3;128;128
26;0;0.0001;concept1;0.10143653;None;0.10606267;0.8985635042190552;10;3;128;128
26;1;0.0001;concept2;0.037158713;None;0.06222171;0.962841272354126;10;3;128;128
26;2;0.0001;concept3;0.18486817;None;0.11025353;0.8151318430900574;10;3;128;128
27;0;0.0001;concept1;0.09986061;None;0.10493379;0.9001393914222717;10;3;128;128
27;1;0.0001;concept2;0.034408942;None;0.0598918;0.9655910730361938;10;3;128;128
27;2;0.0001;concept3;0.18462019;None;0.10997027;0.815379798412323;10;3;128;128
28;0;0.0001;concept1;0.09841237;None;0.103896484;0.9015876054763794;10;3;128;128
28;1;0.0001;concept2;0.032667078;None;0.058328543;0.9673328995704651;10;3;128;128
28;2;0.0001;concept3;0.18492186;None;0.10988884;0.8150781393051147;10;3;128;128
29;0;0.0001;concept1;0.09684752;None;0.10299072;0.9031524658203125;10;3;128;128
29;1;0.0001;concept2;0.03091037;None;0.056748033;0.9690896272659302;10;3;128;128
29;2;0.0001;concept3;0.18482882;None;0.10971923;0.8151711821556091;10;3;128;128
30;0;0.0001;concept1;0.0954163;None;0.101964615;0.9045836925506592;10;3;128;128
30;1;0.0001;concept2;0.029406283;None;0.055361126;0.9705936908721924;10;3;128;128
30;2;0.0001;concept3;0.18485016;None;0.109639496;0.8151498436927795;10;3;128;128
31;0;0.0001;concept1;0.094254054;None;0.10114106;0.9057459831237793;10;3;128;128
31;1;0.0001;concept2;0.028225517;None;0.054267593;0.9717744588851929;10;3;128;128
31;2;0.0001;concept3;0.18466108;None;0.10952641;0.8153389096260071;10;3;128;128
32;0;0.0001;concept1;0.092843175;None;0.10016675;0.9071568250656128;10;3;128;128
32;1;0.0001;concept2;0.027154267;None;0.053234596;0.972845733165741;10;3;128;128
32;2;0.0001;concept3;0.18391421;None;0.10928736;0.8160858154296875;10;3;128;128
33;0;0.0001;concept1;0.09169341;None;0.09934656;0.9083065986633301;10;3;128;128
33;1;0.0001;concept2;0.026221594;None;0.052302133;0.9737784266471863;10;3;128;128
33;2;0.0001;concept3;0.18447681;None;0.109437555;0.8155232071876526;10;3;128;128
34;0;0.0001;concept1;0.090334006;None;0.09842447;0.9096660017967224;10;3;128;128
34;1;0.0001;concept2;0.02535361;None;0.051403068;0.9746463894844055;10;3;128;128
34;2;0.0001;concept3;0.18449621;None;0.10940093;0.8155037760734558;10;3;128;128
35;0;0.0001;concept1;0.089196235;None;0.09757957;0.9108037948608398;10;3;128;128
35;1;0.0001;concept2;0.024633031;None;0.050655697;0.9753669500350952;10;3;128;128
35;2;0.0001;concept3;0.18515323;None;0.10952542;0.8148467540740967;10;3;128;128
36;0;0.0001;concept1;0.08822251;None;0.096884884;0.9117774963378906;10;3;128;128
36;1;0.0001;concept2;0.023899382;None;0.049873248;0.9761006236076355;10;3;128;128
36;2;0.0001;concept3;0.18539843;None;0.10961137;0.8146015405654907;10;3;128;128
37;0;0.0001;concept1;0.08706523;None;0.09603767;0.9129347801208496;10;3;128;128
37;1;0.0001;concept2;0.023367466;None;0.049261928;0.9766325354576111;10;3;128;128
37;2;0.0001;concept3;0.18551064;None;0.10968868;0.8144893646240234;10;3;128;128
38;0;0.0001;concept1;0.08613269;None;0.09532996;0.9138672947883606;10;3;128;128
38;1;0.0001;concept2;0.022798909;None;0.048613645;0.9772011041641235;10;3;128;128
38;2;0.0001;concept3;0.18680891;None;0.11012586;0.8131910562515259;10;3;128;128
39;0;0.0001;concept1;0.0850793;None;0.09455524;0.9149206876754761;10;3;128;128
39;1;0.0001;concept2;0.022193765;None;0.04789129;0.9778062105178833;10;3;128;128
39;2;0.0001;concept3;0.18729101;None;0.110234626;0.8127089738845825;10;3;128;128
40;0;0.0001;concept1;0.084178366;None;0.09388837;0.9158216118812561;10;3;128;128
40;1;0.0001;concept2;0.02168455;None;0.047283128;0.9783154726028442;10;3;128;128
40;2;0.0001;concept3;0.18785584;None;0.110374525;0.8121441602706909;10;3;128;128
41;0;0.0001;concept1;0.08331951;None;0.09321907;0.9166805148124695;10;3;128;128
41;1;0.0001;concept2;0.02112505;None;0.046581615;0.978874921798706;10;3;128;128
41;2;0.0001;concept3;0.1879974;None;0.11049702;0.8120025992393494;10;3;128;128
42;0;0.0001;concept1;0.08236648;None;0.09255082;0.9176335334777832;10;3;128;128
42;1;0.0001;concept2;0.020648474;None;0.046012547;0.9793515205383301;10;3;128;128
42;2;0.0001;concept3;0.18919708;None;0.11082852;0.8108029365539551;10;3;128;128
43;0;0.0001;concept1;0.08184998;None;0.0920899;0.918150007724762;10;3;128;128
43;1;0.0001;concept2;0.020156858;None;0.045426533;0.9798431396484375;10;3;128;128
43;2;0.0001;concept3;0.188787;None;0.110671006;0.8112130165100098;10;3;128;128
44;0;0.0001;concept1;0.08092019;None;0.09141831;0.9190797805786133;10;3;128;128
44;1;0.0001;concept2;0.019689668;None;0.04486433;0.980310320854187;10;3;128;128
44;2;0.0001;concept3;0.18844856;None;0.1105334;0.8115514516830444;10;3;128;128
45;0;0.0001;concept1;0.080254816;None;0.09085711;0.9197452068328857;10;3;128;128
45;1;0.0001;concept2;0.01925547;None;0.0443517;0.9807445406913757;10;3;128;128
45;2;0.0001;concept3;0.18898001;None;0.11067835;0.811020016670227;10;3;128;128
46;0;0.0001;concept1;0.079461835;None;0.090270005;0.9205381870269775;10;3;128;128
46;1;0.0001;concept2;0.018910475;None;0.04388854;0.9810895323753357;10;3;128;128
46;2;0.0001;concept3;0.18960537;None;0.110795304;0.8103946447372437;10;3;128;128
47;0;0.0001;concept1;0.07822454;None;0.08941739;0.9217754602432251;10;3;128;128
47;1;0.0001;concept2;0.018503692;None;0.04337552;0.9814963340759277;10;3;128;128
47;2;0.0001;concept3;0.19090648;None;0.111107185;0.8090934753417969;10;3;128;128
48;0;0.0001;concept1;0.07751888;None;0.08887752;0.922481119632721;10;3;128;128
48;1;0.0001;concept2;0.018122563;None;0.042874508;0.9818774461746216;10;3;128;128
48;2;0.0001;concept3;0.19079028;None;0.11104952;0.8092097043991089;10;3;128;128
49;0;0.0001;concept1;0.0769682;None;0.088376;0.9230318069458008;10;3;128;128
49;1;0.0001;concept2;0.017775137;None;0.042413495;0.9822248816490173;10;3;128;128
49;2;0.0001;concept3;0.1911813;None;0.111124024;0.8088186979293823;10;3;128;128
50;0;0.0001;concept2;0.017432716;None;0.04198452;0.982567310333252;10;3;128;128
50;1;0.0001;concept3;0.19086199;None;0.1109785;0.8091380000114441;10;3;128;128
50;2;0.0001;concept1;0.0761794;None;0.0877977;0.9238206148147583;10;3;128;128
51;0;0.0001;concept2;0.017097278;None;0.041534357;0.9829027056694031;10;3;128;128
51;1;0.0001;concept3;0.19168738;None;0.1111544;0.8083126544952393;10;3;128;128
51;2;0.0001;concept1;0.07535034;None;0.08720131;0.9246496558189392;10;3;128;128
52;0;0.0001;concept2;0.016710905;None;0.040992707;0.9832891225814819;10;3;128;128
52;1;0.0001;concept3;0.19260857;None;0.111613244;0.8073914051055908;10;3;128;128
52;2;0.0001;concept1;0.0746422;None;0.0866517;0.9253578186035156;10;3;128;128
53;0;0.0001;concept2;0.016348897;None;0.04049268;0.9836511015892029;10;3;128;128
53;1;0.0001;concept3;0.1946031;None;0.11227816;0.8053969144821167;10;3;128;128
53;2;0.0001;concept1;0.07382697;None;0.086018264;0.9261730313301086;10;3;128;128
54;0;0.0001;concept2;0.015999304;None;0.040008802;0.9840006828308105;10;3;128;128
54;1;0.0001;concept3;0.19562276;None;0.112477265;0.8043772578239441;10;3;128;128
54;2;0.0001;concept1;0.07277104;None;0.08528792;0.9272289872169495;10;3;128;128
55;0;0.0001;concept2;0.015645167;None;0.03952138;0.9843548536300659;10;3;128;128
55;1;0.0001;concept3;0.19955237;None;0.113453366;0.8004475831985474;10;3;128;128
55;2;0.0001;concept1;0.072038874;None;0.08470369;0.9279611110687256;10;3;128;128
56;0;0.0001;concept2;0.015310008;None;0.039065156;0.9846900105476379;10;3;128;128
56;1;0.0001;concept3;0.19967282;None;0.113394156;0.8003271818161011;10;3;128;128
56;2;0.0001;concept1;0.071228035;None;0.08412058;0.92877197265625;10;3;128;128
57;0;0.0001;concept2;0.014999608;None;0.03863799;0.9850003719329834;10;3;128;128
57;1;0.0001;concept3;0.19985054;None;0.11337346;0.8001494407653809;10;3;128;128
57;2;0.0001;concept1;0.07059411;None;0.08361307;0.9294058680534363;10;3;128;128
58;0;0.0001;concept2;0.014669103;None;0.038185194;0.9853308796882629;10;3;128;128
58;1;0.0001;concept3;0.20017779;None;0.11328618;0.799822211265564;10;3;128;128
58;2;0.0001;concept1;0.07012901;None;0.08320515;0.9298709630966187;10;3;128;128
59;0;0.0001;concept2;0.014459638;None;0.037903547;0.9855403900146484;10;3;128;128
59;1;0.0001;concept3;0.20215295;None;0.11366885;0.7978470325469971;10;3;128;128
59;2;0.0001;concept1;0.06947356;None;0.082695894;0.9305264353752136;10;3;128;128
60;0;0.0001;concept2;0.014128648;None;0.03745175;0.9858713746070862;10;3;128;128
60;1;0.0001;concept3;0.20168473;None;0.113366574;0.7983152866363525;10;3;128;128
60;2;0.0001;concept1;0.06856041;None;0.08198345;0.9314395785331726;10;3;128;128
61;0;0.0001;concept2;0.013845715;None;0.03705585;0.9861542582511902;10;3;128;128
61;1;0.0001;concept3;0.2015507;None;0.11311992;0.7984492778778076;10;3;128;128
61;2;0.0001;concept1;0.06799091;None;0.08154147;0.9320091009140015;10;3;128;128
62;0;0.0001;concept2;0.013526383;None;0.036606185;0.9864736199378967;10;3;128;128
62;1;0.0001;concept3;0.20181091;None;0.11303855;0.798189103603363;10;3;128;128
62;2;0.0001;concept1;0.067450546;None;0.081101656;0.9325494766235352;10;3;128;128
63;0;0.0001;concept2;0.013282089;None;0.03625704;0.986717939376831;10;3;128;128
63;1;0.0001;concept3;0.20064259;None;0.11255921;0.7993574142456055;10;3;128;128
63;2;0.0001;concept1;0.06676764;None;0.08052038;0.9332323670387268;10;3;128;128
64;0;0.0001;concept2;0.013005278;None;0.035843786;0.986994743347168;10;3;128;128
64;1;0.0001;concept3;0.20042646;None;0.11231519;0.799573540687561;10;3;128;128
64;2;0.0001;concept1;0.06594975;None;0.07999126;0.9340502619743347;10;3;128;128
65;0;0.0001;concept2;0.012788708;None;0.035527393;0.987211287021637;10;3;128;128
65;1;0.0001;concept3;0.19948423;None;0.111853264;0.8005157709121704;10;3;128;128
65;2;0.0001;concept1;0.06535572;None;0.07951094;0.9346442818641663;10;3;128;128
66;0;0.0001;concept2;0.012527758;None;0.035137918;0.9874722361564636;10;3;128;128
66;1;0.0001;concept3;0.1996171;None;0.11168898;0.8003829121589661;10;3;128;128
66;2;0.0001;concept1;0.06461582;None;0.07893342;0.9353841543197632;10;3;128;128
67;0;0.0001;concept2;0.012290705;None;0.03477924;0.9877092838287354;10;3;128;128
67;1;0.0001;concept3;0.19932538;None;0.11142949;0.8006746172904968;10;3;128;128
67;2;0.0001;concept1;0.06402414;None;0.07848843;0.9359758496284485;10;3;128;128
68;0;0.0001;concept2;0.01204591;None;0.03440451;0.9879540801048279;10;3;128;128
68;1;0.0001;concept3;0.19886984;None;0.11112239;0.8011301755905151;10;3;128;128
68;2;0.0001;concept1;0.06347739;None;0.078017965;0.9365226030349731;10;3;128;128
69;0;0.0001;concept2;0.011812626;None;0.034041844;0.9881873726844788;10;3;128;128
69;1;0.0001;concept3;0.19780917;None;0.110657945;0.8021908402442932;10;3;128;128
69;2;0.0001;concept1;0.062859006;None;0.0775022;0.9371410012245178;10;3;128;128
70;0;0.0001;concept2;0.011601885;None;0.033708718;0.9883981347084045;10;3;128;128
70;1;0.0001;concept3;0.19701295;None;0.11028227;0.8029870390892029;10;3;128;128
70;2;0.0001;concept1;0.062184293;None;0.076995485;0.9378157258033752;10;3;128;128
71;0;0.0001;concept2;0.011401053;None;0.033386637;0.9885989427566528;10;3;128;128
71;1;0.0001;concept3;0.19659552;None;0.1100212;0.8034044504165649;10;3;128;128
71;2;0.0001;concept1;0.061514013;None;0.07650681;0.9384859800338745;10;3;128;128
72;0;0.0001;concept2;0.011196727;None;0.033059124;0.9888032674789429;10;3;128;128
72;1;0.0001;concept3;0.19579084;None;0.10965634;0.8042091727256775;10;3;128;128
72;2;0.0001;concept1;0.06096273;None;0.07605069;0.9390372633934021;10;3;128;128
73;0;0.0001;concept2;0.01098161;None;0.03270921;0.9890183806419373;10;3;128;128
73;1;0.0001;concept3;0.19524144;None;0.10937052;0.8047585487365723;10;3;128;128
73;2;0.0001;concept1;0.060434733;None;0.075608425;0.9395652413368225;10;3;128;128
74;0;0.0001;concept2;0.010790526;None;0.032385815;0.9892094731330872;10;3;128;128
74;1;0.0001;concept3;0.19468094;None;0.10909602;0.80531907081604;10;3;128;128
74;2;0.0001;concept1;0.060028978;None;0.07525537;0.9399710297584534;10;3;128;128
75;0;0.0001;concept2;0.01061784;None;0.032084096;0.9893821477890015;10;3;128;128
75;1;0.0001;concept3;0.19352204;None;0.10863937;0.806477963924408;10;3;128;128
75;2;0.0001;concept1;0.05957733;None;0.074871704;0.9404226541519165;10;3;128;128
76;0;0.0001;concept2;0.010442367;None;0.031776734;0.9895576238632202;10;3;128;128
76;1;0.0001;concept3;0.19278981;None;0.10829258;0.8072102069854736;10;3;128;128
76;2;0.0001;concept1;0.058902565;None;0.07436145;0.9410974383354187;10;3;128;128
77;0;0.0001;concept2;0.010287615;None;0.03150427;0.9897123575210571;10;3;128;128
77;1;0.0001;concept3;0.19242656;None;0.108019546;0.8075734376907349;10;3;128;128
77;2;0.0001;concept1;0.058297314;None;0.07389157;0.941702663898468;10;3;128;128
78;0;0.0001;concept2;0.010112614;None;0.031194922;0.9898873567581177;10;3;128;128
78;1;0.0001;concept3;0.19189663;None;0.10775557;0.8081033229827881;10;3;128;128
78;2;0.0001;concept1;0.0577646;None;0.07345698;0.9422354102134705;10;3;128;128
79;0;0.0001;concept2;0.009958011;None;0.030916102;0.990041971206665;10;3;128;128
79;1;0.0001;concept3;0.1912184;None;0.10743802;0.8087815642356873;10;3;128;128
79;2;0.0001;concept1;0.057323415;None;0.073106304;0.9426766037940979;10;3;128;128
80;0;0.0001;concept2;0.0098065585;None;0.030629836;0.9901934266090393;10;3;128;128
80;1;0.0001;concept3;0.19040966;None;0.10708361;0.8095903396606445;10;3;128;128
80;2;0.0001;concept1;0.056967817;None;0.072787836;0.9430322051048279;10;3;128;128
81;0;0.0001;concept2;0.009635497;None;0.030313155;0.9903644919395447;10;3;128;128
81;1;0.0001;concept3;0.1901639;None;0.106885046;0.8098360896110535;10;3;128;128
81;2;0.0001;concept1;0.056500223;None;0.072400086;0.9434998035430908;10;3;128;128
82;0;0.0001;concept2;0.009486807;None;0.030034453;0.9905132055282593;10;3;128;128
82;1;0.0001;concept3;0.1889787;None;0.10642457;0.8110213279724121;10;3;128;128
82;2;0.0001;concept1;0.05598054;None;0.07195552;0.9440194368362427;10;3;128;128
83;0;0.0001;concept2;0.009333081;None;0.029743101;0.990666925907135;10;3;128;128
83;1;0.0001;concept3;0.18765028;None;0.1059508;0.8123497366905212;10;3;128;128
83;2;0.0001;concept1;0.054852687;None;0.0710954;0.9451473355293274;10;3;128;128
84;0;0.0001;concept2;0.009203537;None;0.02949678;0.9907964468002319;10;3;128;128
84;1;0.0001;concept3;0.187132;None;0.105690345;0.8128679990768433;10;3;128;128
84;2;0.0001;concept1;0.0535295;None;0.07023389;0.9464704990386963;10;3;128;128
85;0;0.0001;concept2;0.00904786;None;0.02920744;0.9909521341323853;10;3;128;128
85;1;0.0001;concept3;0.18559279;None;0.10514266;0.814407229423523;10;3;128;128
85;2;0.0001;concept1;0.053439967;None;0.07007475;0.9465600252151489;10;3;128;128
86;0;0.0001;concept2;0.008928077;None;0.028971657;0.9910719394683838;10;3;128;128
86;1;0.0001;concept3;0.18489756;None;0.10485491;0.8151024580001831;10;3;128;128
86;2;0.0001;concept1;0.052999754;None;0.069701776;0.94700026512146;10;3;128;128
87;0;0.0001;concept2;0.008813202;None;0.028749727;0.991186797618866;10;3;128;128
87;1;0.0001;concept3;0.18415397;None;0.10456508;0.8158460259437561;10;3;128;128
87;2;0.0001;concept1;0.052638084;None;0.069371946;0.947361946105957;10;3;128;128
88;0;0.0001;concept2;0.008728586;None;0.0285744;0.991271436214447;10;3;128;128
88;1;0.0001;concept3;0.18335074;None;0.10423718;0.8166492581367493;10;3;128;128
88;2;0.0001;concept1;0.052317735;None;0.06904743;0.94768226146698;10;3;128;128
89;0;0.0001;concept2;0.008619073;None;0.028360328;0.9913809299468994;10;3;128;128
89;1;0.0001;concept3;0.18239725;None;0.103882104;0.8176027536392212;10;3;128;128
89;2;0.0001;concept1;0.05192683;None;0.06870575;0.948073148727417;10;3;128;128
90;0;0.0001;concept2;0.008481034;None;0.028104456;0.9915189743041992;10;3;128;128
90;1;0.0001;concept3;0.1816064;None;0.103556454;0.8183935880661011;10;3;128;128
90;2;0.0001;concept1;0.05147291;None;0.06834517;0.9485270977020264;10;3;128;128
91;0;0.0001;concept2;0.008376343;None;0.027903827;0.9916236400604248;10;3;128;128
91;1;0.0001;concept3;0.18081017;None;0.10325994;0.8191898465156555;10;3;128;128
91;2;0.0001;concept1;0.051182657;None;0.068048544;0.9488173723220825;10;3;128;128
92;0;0.0001;concept2;0.008291152;None;0.02773379;0.9917088747024536;10;3;128;128
92;1;0.0001;concept3;0.17997581;None;0.10295701;0.8200241923332214;10;3;128;128
92;2;0.0001;concept1;0.050528165;None;0.06755973;0.9494718313217163;10;3;128;128
93;0;0.0001;concept2;0.0082066115;None;0.027569506;0.9917933940887451;10;3;128;128
93;1;0.0001;concept3;0.17941292;None;0.102740064;0.8205870985984802;10;3;128;128
93;2;0.0001;concept1;0.050152823;None;0.06718388;0.9498471617698669;10;3;128;128
94;0;0.0001;concept2;0.008163217;None;0.02747652;0.9918367862701416;10;3;128;128
94;1;0.0001;concept3;0.17866157;None;0.10244956;0.821338415145874;10;3;128;128
94;2;0.0001;concept1;0.04968024;None;0.066816516;0.950319766998291;10;3;128;128
95;0;0.0001;concept2;0.008091592;None;0.027335111;0.9919084310531616;10;3;128;128
95;1;0.0001;concept3;0.17782612;None;0.10217238;0.8221738338470459;10;3;128;128
95;2;0.0001;concept1;0.04932377;None;0.066485025;0.9506762027740479;10;3;128;128
96;0;0.0001;concept2;0.007981603;None;0.0271227;0.9920184016227722;10;3;128;128
96;1;0.0001;concept3;0.17699748;None;0.10188686;0.8230025172233582;10;3;128;128
96;2;0.0001;concept1;0.048937142;None;0.06608274;0.9510628581047058;10;3;128;128
97;0;0.0001;concept2;0.00789399;None;0.026956776;0.992106020450592;10;3;128;128
97;1;0.0001;concept3;0.17635994;None;0.10163991;0.8236401081085205;10;3;128;128
97;2;0.0001;concept1;0.04851575;None;0.06570786;0.9514842629432678;10;3;128;128
98;0;0.0001;concept2;0.007744611;None;0.02668289;0.9922553896903992;10;3;128;128
98;1;0.0001;concept3;0.17585205;None;0.101441346;0.8241479396820068;10;3;128;128
98;2;0.0001;concept1;0.048202384;None;0.06542979;0.951797604560852;10;3;128;128
99;0;0.0001;concept2;0.007661037;None;0.026524466;0.9923389554023743;10;3;128;128
99;1;0.0001;concept3;0.1748664;None;0.101098016;0.8251335620880127;10;3;128;128
99;2;0.0001;concept1;0.047844894;None;0.06511465;0.9521551132202148;10;3;128;128
100;0;0.0001;concept3;0.17319159;None;0.10057702;0.8268083930015564;10;3;128;128
100;1;0.0001;concept3;0.17319159;None;0.10057702;0.8268083930015564;10;3;128;128
100;2;0.0001;concept3;0.17319159;None;0.10057702;0.8268083930015564;10;3;128;128
101;0;0.0001;concept3;0.17065518;None;0.09921257;0.8293448090553284;10;3;128;128
101;1;0.0001;concept3;0.17065518;None;0.09921257;0.8293448090553284;10;3;128;128
101;2;0.0001;concept3;0.17065518;None;0.09921257;0.8293448090553284;10;3;128;128
102;0;0.0001;concept3;0.16776988;None;0.09775456;0.8322300910949707;10;3;128;128
102;1;0.0001;concept3;0.16776988;None;0.09775456;0.8322300910949707;10;3;128;128
102;2;0.0001;concept3;0.16776988;None;0.09775456;0.8322300910949707;10;3;128;128
103;0;0.0001;concept3;0.16531219;None;0.09648487;0.8346878290176392;10;3;128;128
103;1;0.0001;concept3;0.16531219;None;0.09648487;0.8346878290176392;10;3;128;128
103;2;0.0001;concept3;0.16531219;None;0.09648487;0.8346878290176392;10;3;128;128
104;0;0.0001;concept3;0.16283463;None;0.095176265;0.837165355682373;10;3;128;128
104;1;0.0001;concept3;0.16283463;None;0.095176265;0.837165355682373;10;3;128;128
104;2;0.0001;concept3;0.16283463;None;0.095176265;0.837165355682373;10;3;128;128
105;0;0.0001;concept3;0.16025038;None;0.09394489;0.8397496342658997;10;3;128;128
105;1;0.0001;concept3;0.16025038;None;0.09394489;0.8397496342658997;10;3;128;128
105;2;0.0001;concept3;0.16025038;None;0.09394489;0.8397496342658997;10;3;128;128
106;0;0.0001;concept3;0.1583828;None;0.09293656;0.8416171669960022;10;3;128;128
106;1;0.0001;concept3;0.1583828;None;0.09293656;0.8416171669960022;10;3;128;128
106;2;0.0001;concept3;0.1583828;None;0.09293656;0.8416171669960022;10;3;128;128
107;0;0.0001;concept3;0.15490273;None;0.09145798;0.8450973033905029;10;3;128;128
107;1;0.0001;concept3;0.15490273;None;0.09145798;0.8450973033905029;10;3;128;128
107;2;0.0001;concept3;0.15490273;None;0.09145798;0.8450973033905029;10;3;128;128
108;0;0.0001;concept3;0.15326907;None;0.09054497;0.8467309474945068;10;3;128;128
108;1;0.0001;concept3;0.15326907;None;0.09054497;0.8467309474945068;10;3;128;128
108;2;0.0001;concept3;0.15326907;None;0.09054497;0.8467309474945068;10;3;128;128
109;0;0.0001;concept3;0.15056004;None;0.089325964;0.8494399785995483;10;3;128;128
109;1;0.0001;concept3;0.15056004;None;0.089325964;0.8494399785995483;10;3;128;128
109;2;0.0001;concept3;0.15056004;None;0.089325964;0.8494399785995483;10;3;128;128
110;0;0.0001;concept3;0.14725836;None;0.08792877;0.8527416586875916;10;3;128;128
110;1;0.0001;concept3;0.14725836;None;0.08792877;0.8527416586875916;10;3;128;128
110;2;0.0001;concept3;0.14725836;None;0.08792877;0.8527416586875916;10;3;128;128
111;0;0.0001;concept3;0.14237928;None;0.086041674;0.8576207160949707;10;3;128;128
111;1;0.0001;concept3;0.14237928;None;0.086041674;0.8576207160949707;10;3;128;128
111;2;0.0001;concept3;0.14237928;None;0.086041674;0.8576207160949707;10;3;128;128
112;0;0.0001;concept3;0.13763162;None;0.084058076;0.8623683452606201;10;3;128;128
112;1;0.0001;concept3;0.13763162;None;0.084058076;0.8623683452606201;10;3;128;128
112;2;0.0001;concept3;0.13763162;None;0.084058076;0.8623683452606201;10;3;128;128
113;0;0.0001;concept3;0.13248244;None;0.08194706;0.8675175905227661;10;3;128;128
113;1;0.0001;concept3;0.13248244;None;0.08194706;0.8675175905227661;10;3;128;128
113;2;0.0001;concept3;0.13248244;None;0.08194706;0.8675175905227661;10;3;128;128
114;0;0.0001;concept3;0.12759715;None;0.079919904;0.8724028468132019;10;3;128;128
114;1;0.0001;concept3;0.12759715;None;0.079919904;0.8724028468132019;10;3;128;128
114;2;0.0001;concept3;0.12759715;None;0.079919904;0.8724028468132019;10;3;128;128
115;0;0.0001;concept3;0.12310873;None;0.078007884;0.8768912553787231;10;3;128;128
115;1;0.0001;concept3;0.12310873;None;0.078007884;0.8768912553787231;10;3;128;128
115;2;0.0001;concept3;0.12310873;None;0.078007884;0.8768912553787231;10;3;128;128
116;0;0.0001;concept3;0.11838175;None;0.076444075;0.8816182613372803;10;3;128;128
116;1;0.0001;concept3;0.11838175;None;0.076444075;0.8816182613372803;10;3;128;128
116;2;0.0001;concept3;0.11838175;None;0.076444075;0.8816182613372803;10;3;128;128
117;0;0.0001;concept3;0.11449485;None;0.07517942;0.8855051398277283;10;3;128;128
117;1;0.0001;concept3;0.11449485;None;0.07517942;0.8855051398277283;10;3;128;128
117;2;0.0001;concept3;0.11449485;None;0.07517942;0.8855051398277283;10;3;128;128
118;0;0.0001;concept3;0.11332232;None;0.07465338;0.8866776823997498;10;3;128;128
118;1;0.0001;concept3;0.11332232;None;0.07465338;0.8866776823997498;10;3;128;128
118;2;0.0001;concept3;0.11332232;None;0.07465338;0.8866776823997498;10;3;128;128
119;0;0.0001;concept3;0.11192529;None;0.074157305;0.8880746960639954;10;3;128;128
119;1;0.0001;concept3;0.11192529;None;0.074157305;0.8880746960639954;10;3;128;128
119;2;0.0001;concept3;0.11192529;None;0.074157305;0.8880746960639954;10;3;128;128
120;0;0.0001;concept3;0.110826276;None;0.07358435;0.8891737461090088;10;3;128;128
120;1;0.0001;concept3;0.110826276;None;0.07358435;0.8891737461090088;10;3;128;128
120;2;0.0001;concept3;0.110826276;None;0.07358435;0.8891737461090088;10;3;128;128
121;0;0.0001;concept3;0.10953892;None;0.073113404;0.8904610872268677;10;3;128;128
121;1;0.0001;concept3;0.10953892;None;0.073113404;0.8904610872268677;10;3;128;128
121;2;0.0001;concept3;0.10953892;None;0.073113404;0.8904610872268677;10;3;128;128
122;0;0.0001;concept3;0.107907265;None;0.07256067;0.8920927047729492;10;3;128;128
122;1;0.0001;concept3;0.107907265;None;0.07256067;0.8920927047729492;10;3;128;128
122;2;0.0001;concept3;0.107907265;None;0.07256067;0.8920927047729492;10;3;128;128
123;0;0.0001;concept3;0.10636769;None;0.07196544;0.8936322927474976;10;3;128;128
123;1;0.0001;concept3;0.10636769;None;0.07196544;0.8936322927474976;10;3;128;128
123;2;0.0001;concept3;0.10636769;None;0.07196544;0.8936322927474976;10;3;128;128
124;0;0.0001;concept3;0.105491556;None;0.07162069;0.894508421421051;10;3;128;128
124;1;0.0001;concept3;0.105491556;None;0.07162069;0.894508421421051;10;3;128;128
124;2;0.0001;concept3;0.105491556;None;0.07162069;0.894508421421051;10;3;128;128
125;0;0.0001;concept3;0.10445734;None;0.071274;0.8955426812171936;10;3;128;128
125;1;0.0001;concept3;0.10445734;None;0.071274;0.8955426812171936;10;3;128;128
125;2;0.0001;concept3;0.10445734;None;0.071274;0.8955426812171936;10;3;128;128
126;0;0.0001;concept3;0.103676185;None;0.070979215;0.8963238000869751;10;3;128;128
126;1;0.0001;concept3;0.103676185;None;0.070979215;0.8963238000869751;10;3;128;128
126;2;0.0001;concept3;0.103676185;None;0.070979215;0.8963238000869751;10;3;128;128
127;0;0.0001;concept3;0.10305499;None;0.070670985;0.8969449996948242;10;3;128;128
127;1;0.0001;concept3;0.10305499;None;0.070670985;0.8969449996948242;10;3;128;128
127;2;0.0001;concept3;0.10305499;None;0.070670985;0.8969449996948242;10;3;128;128
128;0;0.0001;concept3;0.10277467;None;0.070451856;0.8972253203392029;10;3;128;128
128;1;0.0001;concept3;0.10277467;None;0.070451856;0.8972253203392029;10;3;128;128
128;2;0.0001;concept3;0.10277467;None;0.070451856;0.8972253203392029;10;3;128;128
129;0;0.0001;concept3;0.10195439;None;0.07005575;0.8980455994606018;10;3;128;128
129;1;0.0001;concept3;0.10195439;None;0.07005575;0.8980455994606018;10;3;128;128
129;2;0.0001;concept3;0.10195439;None;0.07005575;0.8980455994606018;10;3;128;128
130;0;0.0001;concept3;0.10147462;None;0.06983538;0.8985253572463989;10;3;128;128
130;1;0.0001;concept3;0.10147462;None;0.06983538;0.8985253572463989;10;3;128;128
130;2;0.0001;concept3;0.10147462;None;0.06983538;0.8985253572463989;10;3;128;128
131;0;0.0001;concept3;0.10093604;None;0.06966374;0.8990639448165894;10;3;128;128
131;1;0.0001;concept3;0.10093604;None;0.06966374;0.8990639448165894;10;3;128;128
131;2;0.0001;concept3;0.10093604;None;0.06966374;0.8990639448165894;10;3;128;128
132;0;0.0001;concept3;0.100290224;None;0.0694389;0.8997097611427307;10;3;128;128
132;1;0.0001;concept3;0.100290224;None;0.0694389;0.8997097611427307;10;3;128;128
132;2;0.0001;concept3;0.100290224;None;0.0694389;0.8997097611427307;10;3;128;128
133;0;0.0001;concept3;0.09978768;None;0.069211304;0.900212287902832;10;3;128;128
133;1;0.0001;concept3;0.09978768;None;0.069211304;0.900212287902832;10;3;128;128
133;2;0.0001;concept3;0.09978768;None;0.069211304;0.900212287902832;10;3;128;128
134;0;0.0001;concept3;0.09915244;None;0.06897093;0.9008475542068481;10;3;128;128
134;1;0.0001;concept3;0.09915244;None;0.06897093;0.9008475542068481;10;3;128;128
134;2;0.0001;concept3;0.09915244;None;0.06897093;0.9008475542068481;10;3;128;128
135;0;0.0001;concept3;0.09840162;None;0.06886446;0.9015983939170837;10;3;128;128
135;1;0.0001;concept3;0.09840162;None;0.06886446;0.9015983939170837;10;3;128;128
135;2;0.0001;concept3;0.09840162;None;0.06886446;0.9015983939170837;10;3;128;128
136;0;0.0001;concept3;0.09842249;None;0.06866588;0.9015774726867676;10;3;128;128
136;1;0.0001;concept3;0.09842249;None;0.06866588;0.9015774726867676;10;3;128;128
136;2;0.0001;concept3;0.09842249;None;0.06866588;0.9015774726867676;10;3;128;128
137;0;0.0001;concept3;0.097975954;None;0.0684644;0.9020240306854248;10;3;128;128
137;1;0.0001;concept3;0.097975954;None;0.0684644;0.9020240306854248;10;3;128;128
137;2;0.0001;concept3;0.097975954;None;0.0684644;0.9020240306854248;10;3;128;128
138;0;0.0001;concept3;0.09776212;None;0.06824063;0.9022378921508789;10;3;128;128
138;1;0.0001;concept3;0.09776212;None;0.06824063;0.9022378921508789;10;3;128;128
138;2;0.0001;concept3;0.09776212;None;0.06824063;0.9022378921508789;10;3;128;128
139;0;0.0001;concept3;0.09730486;None;0.06807199;0.9026951193809509;10;3;128;128
139;1;0.0001;concept3;0.09730486;None;0.06807199;0.9026951193809509;10;3;128;128
139;2;0.0001;concept3;0.09730486;None;0.06807199;0.9026951193809509;10;3;128;128
140;0;0.0001;concept3;0.096591726;None;0.0679206;0.9034082889556885;10;3;128;128
140;1;0.0001;concept3;0.096591726;None;0.0679206;0.9034082889556885;10;3;128;128
140;2;0.0001;concept3;0.096591726;None;0.0679206;0.9034082889556885;10;3;128;128
141;0;0.0001;concept3;0.09619654;None;0.06780245;0.9038034677505493;10;3;128;128
141;1;0.0001;concept3;0.09619654;None;0.06780245;0.9038034677505493;10;3;128;128
141;2;0.0001;concept3;0.09619654;None;0.06780245;0.9038034677505493;10;3;128;128
142;0;0.0001;concept3;0.09584899;None;0.06763371;0.9041510224342346;10;3;128;128
142;1;0.0001;concept3;0.09584899;None;0.06763371;0.9041510224342346;10;3;128;128
142;2;0.0001;concept3;0.09584899;None;0.06763371;0.9041510224342346;10;3;128;128
143;0;0.0001;concept3;0.09587208;None;0.06768705;0.9041278958320618;10;3;128;128
143;1;0.0001;concept3;0.09587208;None;0.06768705;0.9041278958320618;10;3;128;128
143;2;0.0001;concept3;0.09587208;None;0.06768705;0.9041278958320618;10;3;128;128
144;0;0.0001;concept3;0.095088236;None;0.067544825;0.9049117565155029;10;3;128;128
144;1;0.0001;concept3;0.095088236;None;0.067544825;0.9049117565155029;10;3;128;128
144;2;0.0001;concept3;0.095088236;None;0.067544825;0.9049117565155029;10;3;128;128
145;0;0.0001;concept3;0.09537181;None;0.0674709;0.9046281576156616;10;3;128;128
145;1;0.0001;concept3;0.09537181;None;0.0674709;0.9046281576156616;10;3;128;128
145;2;0.0001;concept3;0.09537181;None;0.0674709;0.9046281576156616;10;3;128;128
146;0;0.0001;concept3;0.09468865;None;0.06739077;0.9053113460540771;10;3;128;128
146;1;0.0001;concept3;0.09468865;None;0.06739077;0.9053113460540771;10;3;128;128
146;2;0.0001;concept3;0.09468865;None;0.06739077;0.9053113460540771;10;3;128;128
147;0;0.0001;concept3;0.09454789;None;0.06727135;0.9054521322250366;10;3;128;128
147;1;0.0001;concept3;0.09454789;None;0.06727135;0.9054521322250366;10;3;128;128
147;2;0.0001;concept3;0.09454789;None;0.06727135;0.9054521322250366;10;3;128;128
148;0;0.0001;concept3;0.09478093;None;0.06726711;0.9052190780639648;10;3;128;128
148;1;0.0001;concept3;0.09478093;None;0.06726711;0.9052190780639648;10;3;128;128
148;2;0.0001;concept3;0.09478093;None;0.06726711;0.9052190780639648;10;3;128;128
149;0;0.0001;concept3;0.09399985;None;0.06698997;0.9060001373291016;10;3;128;128
149;1;0.0001;concept3;0.09399985;None;0.06698997;0.9060001373291016;10;3;128;128
149;2;0.0001;concept3;0.09399985;None;0.06698997;0.9060001373291016;10;3;128;128
150;0;0.0001;concept1;0.047243983;None;0.06483957;0.9527560472488403;10;3;128;128
150;1;0.0001;concept2;0.0067996257;None;0.02457416;0.9932003617286682;10;3;128;128
150;2;0.0001;concept3;0.09421011;None;0.067020684;0.9057899117469788;10;3;128;128
151;0;0.0001;concept1;0.046569742;None;0.06412112;0.9534302353858948;10;3;128;128
151;1;0.0001;concept2;0.006899493;None;0.024667663;0.9931005239486694;10;3;128;128
151;2;0.0001;concept3;0.09375231;None;0.06817056;0.9062476754188538;10;3;128;128
152;0;0.0001;concept1;0.04612015;None;0.06359506;0.9538798332214355;10;3;128;128
152;1;0.0001;concept2;0.0070593636;None;0.024920138;0.9929406642913818;10;3;128;128
152;2;0.0001;concept3;0.0955143;None;0.06965652;0.9044857025146484;10;3;128;128
153;0;0.0001;concept1;0.04599081;None;0.063273676;0.9540091753005981;10;3;128;128
153;1;0.0001;concept2;0.0071748644;None;0.02509703;0.9928251504898071;10;3;128;128
153;2;0.0001;concept3;0.09730884;None;0.07021889;0.9026911854743958;10;3;128;128
154;0;0.0001;concept1;0.045149367;None;0.06246981;0.9548506140708923;10;3;128;128
154;1;0.0001;concept2;0.0070741936;None;0.024880353;0.9929258227348328;10;3;128;128
154;2;0.0001;concept3;0.09538137;None;0.06920504;0.9046186208724976;10;3;128;128
155;0;0.0001;concept1;0.04474372;None;0.06198465;0.9552562832832336;10;3;128;128
155;1;0.0001;concept2;0.007021725;None;0.024762165;0.9929782748222351;10;3;128;128
155;2;0.0001;concept3;0.09439169;None;0.0684358;0.9056082963943481;10;3;128;128
156;0;0.0001;concept1;0.04486078;None;0.061836325;0.9551392197608948;10;3;128;128
156;1;0.0001;concept2;0.007041057;None;0.024772832;0.9929589629173279;10;3;128;128
156;2;0.0001;concept3;0.09282258;None;0.0671518;0.9071774482727051;10;3;128;128
157;0;0.0001;concept1;0.044464033;None;0.061431427;0.9555359482765198;10;3;128;128
157;1;0.0001;concept2;0.0071106125;None;0.024880387;0.992889404296875;10;3;128;128
157;2;0.0001;concept3;0.09300506;None;0.0665341;0.9069949388504028;10;3;128;128
158;0;0.0001;concept1;0.04346245;None;0.06067762;0.9565375447273254;10;3;128;128
158;1;0.0001;concept2;0.0070895255;None;0.024831016;0.9929105043411255;10;3;128;128
158;2;0.0001;concept3;0.09503998;None;0.06620514;0.904960036277771;10;3;128;128
159;0;0.0001;concept1;0.04360779;None;0.06059087;0.956392228603363;10;3;128;128
159;1;0.0001;concept2;0.0071228095;None;0.024885645;0.992877185344696;10;3;128;128
159;2;0.0001;concept3;0.09841409;None;0.06700875;0.9015858769416809;10;3;128;128
160;0;0.0001;concept1;0.043309476;None;0.060217474;0.9566905498504639;10;3;128;128
160;1;0.0001;concept2;0.007128439;None;0.024930004;0.9928715825080872;10;3;128;128
160;2;0.0001;concept3;0.100459166;None;0.06776326;0.8995408415794373;10;3;128;128
161;0;0.0001;concept1;0.04254165;None;0.059575565;0.9574583768844604;10;3;128;128
161;1;0.0001;concept2;0.0071174977;None;0.024935484;0.992882490158081;10;3;128;128
161;2;0.0001;concept3;0.10088023;None;0.0681474;0.8991197943687439;10;3;128;128
162;0;0.0001;concept1;0.042434502;None;0.05941372;0.9575654864311218;10;3;128;128
162;1;0.0001;concept2;0.0070944247;None;0.024897391;0.9929055571556091;10;3;128;128
162;2;0.0001;concept3;0.1004698;None;0.068245225;0.8995301723480225;10;3;128;128
163;0;0.0001;concept1;0.041952807;None;0.05900144;0.9580472111701965;10;3;128;128
163;1;0.0001;concept2;0.007046656;None;0.024820311;0.992953360080719;10;3;128;128
163;2;0.0001;concept3;0.10019261;None;0.06846057;0.8998073935508728;10;3;128;128
164;0;0.0001;concept1;0.041823477;None;0.058801487;0.9581765532493591;10;3;128;128
164;1;0.0001;concept2;0.0070240027;None;0.02478371;0.9929760098457336;10;3;128;128
164;2;0.0001;concept3;0.10036801;None;0.06882336;0.8996319770812988;10;3;128;128
165;0;0.0001;concept1;0.04129894;None;0.058315236;0.9587010741233826;10;3;128;128
165;1;0.0001;concept2;0.006958608;None;0.024684815;0.9930413961410522;10;3;128;128
165;2;0.0001;concept3;0.09931194;None;0.06885239;0.9006880521774292;10;3;128;128
166;0;0.0001;concept1;0.04151748;None;0.058364335;0.9584825038909912;10;3;128;128
166;1;0.0001;concept2;0.0069191977;None;0.024617571;0.9930807948112488;10;3;128;128
166;2;0.0001;concept3;0.09871997;None;0.06904313;0.9012800455093384;10;3;128;128
167;0;0.0001;concept1;0.04099354;None;0.057859823;0.9590064883232117;10;3;128;128
167;1;0.0001;concept2;0.00688609;None;0.024558295;0.9931139349937439;10;3;128;128
167;2;0.0001;concept3;0.09776179;None;0.0691556;0.9022381901741028;10;3;128;128
168;0;0.0001;concept1;0.040687833;None;0.057566475;0.9593121409416199;10;3;128;128
168;1;0.0001;concept2;0.006890057;None;0.024577146;0.993109941482544;10;3;128;128
168;2;0.0001;concept3;0.09698092;None;0.069603994;0.9030190706253052;10;3;128;128
169;0;0.0001;concept1;0.040608454;None;0.057422932;0.9593915343284607;10;3;128;128
169;1;0.0001;concept2;0.006835527;None;0.024487007;0.9931644797325134;10;3;128;128
169;2;0.0001;concept3;0.09403785;None;0.06968204;0.9059621095657349;10;3;128;128
170;0;0.0001;concept1;0.039844375;None;0.05679407;0.9601556062698364;10;3;128;128
170;1;0.0001;concept2;0.006823955;None;0.024488062;0.9931760430335999;10;3;128;128
170;2;0.0001;concept3;0.092373595;None;0.06969868;0.9076263904571533;10;3;128;128
171;0;0.0001;concept1;0.03972515;None;0.056607567;0.9602748155593872;10;3;128;128
171;1;0.0001;concept2;0.0068105427;None;0.024478128;0.9931894540786743;10;3;128;128
171;2;0.0001;concept3;0.09211958;None;0.06984798;0.907880425453186;10;3;128;128
172;0;0.0001;concept1;0.0396369;None;0.05647645;0.9603630900382996;10;3;128;128
172;1;0.0001;concept2;0.0067855073;None;0.024448438;0.99321448802948;10;3;128;128
172;2;0.0001;concept3;0.093937054;None;0.0702931;0.9060629606246948;10;3;128;128
173;0;0.0001;concept1;0.039456144;None;0.056277104;0.9605438709259033;10;3;128;128
173;1;0.0001;concept2;0.0067859385;None;0.024463426;0.9932140707969666;10;3;128;128
173;2;0.0001;concept3;0.09699252;None;0.07131105;0.9030075073242188;10;3;128;128
174;0;0.0001;concept1;0.03922364;None;0.056038816;0.9607763290405273;10;3;128;128
174;1;0.0001;concept2;0.006750867;None;0.024405107;0.9932491183280945;10;3;128;128
174;2;0.0001;concept3;0.09684511;None;0.07139291;0.9031549096107483;10;3;128;128
175;0;0.0001;concept1;0.039001692;None;0.05581127;0.9609982967376709;10;3;128;128
175;1;0.0001;concept2;0.006720337;None;0.024364289;0.9932796359062195;10;3;128;128
175;2;0.0001;concept3;0.096169986;None;0.07128303;0.9038299918174744;10;3;128;128
176;0;0.0001;concept1;0.038784545;None;0.055616006;0.9612154364585876;10;3;128;128
176;1;0.0001;concept2;0.0065269307;None;0.024016552;0.9934730529785156;10;3;128;128
176;2;0.0001;concept3;0.09568921;None;0.07122539;0.9043108224868774;10;3;128;128
177;0;0.0001;concept1;0.03848573;None;0.055351395;0.9615142941474915;10;3;128;128
177;1;0.0001;concept2;0.006505394;None;0.023986442;0.9934946298599243;10;3;128;128
177;2;0.0001;concept3;0.09406186;None;0.07086628;0.9059381484985352;10;3;128;128
178;0;0.0001;concept1;0.038332723;None;0.05517546;0.9616672992706299;10;3;128;128
178;1;0.0001;concept2;0.0064735166;None;0.023935098;0.9935264587402344;10;3;128;128
178;2;0.0001;concept3;0.093247704;None;0.070791684;0.9067522883415222;10;3;128;128
179;0;0.0001;concept1;0.038111493;None;0.05494751;0.9618884921073914;10;3;128;128
179;1;0.0001;concept2;0.00653237;None;0.024052175;0.9934676289558411;10;3;128;128
179;2;0.0001;concept3;0.09280941;None;0.07081396;0.9071905612945557;10;3;128;128
180;0;0.0001;concept1;0.038062967;None;0.05490738;0.9619370102882385;10;3;128;128
180;1;0.0001;concept2;0.0065317433;None;0.024059553;0.9934682846069336;10;3;128;128
180;2;0.0001;concept3;0.09264024;None;0.070990995;0.907359778881073;10;3;128;128
181;0;0.0001;concept1;0.037761386;None;0.054610122;0.962238609790802;10;3;128;128
181;1;0.0001;concept2;0.0065142303;None;0.024036434;0.9934857487678528;10;3;128;128
181;2;0.0001;concept3;0.09287081;None;0.0710929;0.907129168510437;10;3;128;128
182;0;0.0001;concept1;0.037372597;None;0.054316748;0.9626274108886719;10;3;128;128
182;1;0.0001;concept2;0.0065064807;None;0.02402633;0.9934934973716736;10;3;128;128
182;2;0.0001;concept3;0.09319736;None;0.071273014;0.9068026542663574;10;3;128;128
183;0;0.0001;concept1;0.037467122;None;0.054316025;0.9625328779220581;10;3;128;128
183;1;0.0001;concept2;0.006523798;None;0.024069238;0.9934762120246887;10;3;128;128
183;2;0.0001;concept3;0.09348111;None;0.07151937;0.9065188765525818;10;3;128;128
184;0;0.0001;concept1;0.036843114;None;0.053907227;0.9631568789482117;10;3;128;128
184;1;0.0001;concept2;0.006520869;None;0.024072004;0.9934791326522827;10;3;128;128
184;2;0.0001;concept3;0.09341832;None;0.07161361;0.906581699848175;10;3;128;128
185;0;0.0001;concept1;0.036787964;None;0.053796604;0.9632120132446289;10;3;128;128
185;1;0.0001;concept2;0.006500647;None;0.02404301;0.9934993386268616;10;3;128;128
185;2;0.0001;concept3;0.09323051;None;0.07164986;0.9067695140838623;10;3;128;128
186;0;0.0001;concept1;0.036502853;None;0.0535466;0.9634971618652344;10;3;128;128
186;1;0.0001;concept2;0.006519152;None;0.024081698;0.9934808611869812;10;3;128;128
186;2;0.0001;concept3;0.09316475;None;0.07172005;0.9068352580070496;10;3;128;128
187;0;0.0001;concept1;0.036355775;None;0.05340396;0.9636442065238953;10;3;128;128
187;1;0.0001;concept2;0.006529472;None;0.024108652;0.9934705495834351;10;3;128;128
187;2;0.0001;concept3;0.093113445;None;0.07184108;0.9068865776062012;10;3;128;128
188;0;0.0001;concept1;0.036145266;None;0.053186003;0.9638547301292419;10;3;128;128
188;1;0.0001;concept2;0.006548854;None;0.024145648;0.9934511184692383;10;3;128;128
188;2;0.0001;concept3;0.09325236;None;0.07195336;0.9067476391792297;10;3;128;128
189;0;0.0001;concept1;0.035959035;None;0.05301546;0.964040994644165;10;3;128;128
189;1;0.0001;concept2;0.006536281;None;0.024131982;0.9934636950492859;10;3;128;128
189;2;0.0001;concept3;0.0936113;None;0.07217945;0.9063887000083923;10;3;128;128
190;0;0.0001;concept1;0.03585984;None;0.052867744;0.9641401767730713;10;3;128;128
190;1;0.0001;concept2;0.006552735;None;0.0241664;0.9934472441673279;10;3;128;128
190;2;0.0001;concept3;0.09342664;None;0.0721619;0.9065733551979065;10;3;128;128
191;0;0.0001;concept1;0.0357782;None;0.05276147;0.9642217755317688;10;3;128;128
191;1;0.0001;concept2;0.006564211;None;0.024195524;0.993435800075531;10;3;128;128
191;2;0.0001;concept3;0.093453355;None;0.07229469;0.9065466523170471;10;3;128;128
192;0;0.0001;concept1;0.03554245;None;0.052545704;0.9644575715065002;10;3;128;128
192;1;0.0001;concept2;0.006657463;None;0.024369836;0.9933425188064575;10;3;128;128
192;2;0.0001;concept3;0.09351706;None;0.072432116;0.9064829349517822;10;3;128;128
193;0;0.0001;concept1;0.035532776;None;0.052478876;0.9644672274589539;10;3;128;128
193;1;0.0001;concept2;0.006668302;None;0.024394449;0.9933316707611084;10;3;128;128
193;2;0.0001;concept3;0.09368382;None;0.07263363;0.9063161611557007;10;3;128;128
194;0;0.0001;concept1;0.03538417;None;0.052317858;0.9646158218383789;10;3;128;128
194;1;0.0001;concept2;0.006679893;None;0.024424596;0.993320107460022;10;3;128;128
194;2;0.0001;concept3;0.09381061;None;0.072743006;0.9061893820762634;10;3;128;128
195;0;0.0001;concept1;0.035113804;None;0.05210324;0.9648861885070801;10;3;128;128
195;1;0.0001;concept2;0.0066922866;None;0.02445717;0.9933077096939087;10;3;128;128
195;2;0.0001;concept3;0.09556685;None;0.07322294;0.9044331312179565;10;3;128;128
196;0;0.0001;concept1;0.034909926;None;0.051910557;0.9650900959968567;10;3;128;128
196;1;0.0001;concept2;0.006693201;None;0.02446246;0.9933068156242371;10;3;128;128
196;2;0.0001;concept3;0.095439315;None;0.07329272;0.9045606851577759;10;3;128;128
197;0;0.0001;concept1;0.034879897;None;0.051823728;0.9651200771331787;10;3;128;128
197;1;0.0001;concept2;0.006702803;None;0.024487063;0.9932972192764282;10;3;128;128
197;2;0.0001;concept3;0.099777065;None;0.0746594;0.9002229571342468;10;3;128;128
198;0;0.0001;concept1;0.03473329;None;0.051676482;0.9652667045593262;10;3;128;128
198;1;0.0001;concept2;0.0066954847;None;0.024481796;0.9933044910430908;10;3;128;128
198;2;0.0001;concept3;0.09754203;None;0.0740982;0.9024579524993896;10;3;128;128
199;0;0.0001;concept1;0.03463967;None;0.051541697;0.9653603434562683;10;3;128;128
199;1;0.0001;concept2;0.0066905804;None;0.024479087;0.9933094382286072;10;3;128;128
199;2;0.0001;concept3;0.09615431;None;0.07380998;0.9038456678390503;10;3;128;128
