0;0;0.0001;concept1;0.10546359219052351;None;0.11645378257747158;0.8945364078094765;10;20;128;128
0;1;0.0001;concept2;0.6627841463225981;None;0.17679374579069673;0.3372158536774018;10;20;128;128
0;2;0.0001;concept3;0.4360763658213921;None;0.09702842565577495;0.563923634178608;10;20;128;128
1;0;0.0001;concept1;0.2068358276464253;None;0.1657920272799019;0.7931641723535747;10;20;128;128
1;1;0.0001;concept2;1.4256068170597092;None;0.25867760729709266;-0.42560681705970915;10;20;128;128
1;2;0.0001;concept3;0.5357850951101731;None;0.11146930342789704;0.46421490488982686;10;20;128;128
2;0;0.0001;concept1;0.1165452064309625;None;0.12324913630028721;0.8834547935690376;10;20;128;128
2;1;0.0001;concept2;0.39389179743220415;None;0.1305164448474359;0.6061082025677959;10;20;128;128
2;2;0.0001;concept3;0.15229954021879571;None;0.057824073502863706;0.8477004597812043;10;20;128;128
3;0;0.0001;concept1;0.09907682220283713;None;0.11334873880888063;0.9009231777971629;10;20;128;128
3;1;0.0001;concept2;0.1786101821558094;None;0.08519050401586592;0.8213898178441905;10;20;128;128
3;2;0.0001;concept3;0.1200499505917218;None;0.05393717930116084;0.8799500494082781;10;20;128;128
4;0;0.0001;concept1;0.0914221054064951;None;0.10873489774986848;0.9085778945935049;10;20;128;128
4;1;0.0001;concept2;0.11406002621379999;None;0.0683482945012601;0.8859399737862;10;20;128;128
4;2;0.0001;concept3;0.11590511775386621;None;0.05374086117935849;0.8840948822461338;10;20;128;128
5;0;0.0001;concept1;0.08685074022250244;None;0.10590224848343625;0.9131492597774975;10;20;128;128
5;1;0.0001;concept2;0.0897351267060566;None;0.06070625798746631;0.9102648732939433;10;20;128;128
5;2;0.0001;concept3;0.11303687133124783;None;0.05337772347422551;0.8869631286687522;10;20;128;128
6;0;0.0001;concept1;0.08370070431948715;None;0.1038955419047721;0.9162992956805128;10;20;128;128
6;1;0.0001;concept2;0.07855886615595264;None;0.056849876905674314;0.9214411338440474;10;20;128;128
6;2;0.0001;concept3;0.11036332541513853;None;0.05300793966168584;0.8896366745848615;10;20;128;128
7;0;0.0001;concept1;0.08137944444146895;None;0.10237484089846799;0.9186205555585311;10;20;128;128
7;1;0.0001;concept2;0.07255235406857688;None;0.054569021161499955;0.9274476459314231;10;20;128;128
7;2;0.0001;concept3;0.10780419620541562;None;0.05256586584025137;0.8921958037945844;10;20;128;128
8;0;0.0001;concept1;0.07945492503095068;None;0.1011080746462796;0.9205450749690494;10;20;128;128
8;1;0.0001;concept2;0.06884325938797695;None;0.05304530730442744;0.931156740612023;10;20;128;128
8;2;0.0001;concept3;0.10584026207756275;None;0.052183553295950855;0.8941597379224373;10;20;128;128
9;0;0.0001;concept1;0.0778470919860191;None;0.10005614878952641;0.9221529080139809;10;20;128;128
9;1;0.0001;concept2;0.06634386756590674;None;0.05195372970061556;0.9336561324340933;10;20;128;128
9;2;0.0001;concept3;0.10424344595519974;None;0.051854030362359436;0.8957565540448003;10;20;128;128
10;0;0.0001;concept1;0.07650190106981275;None;0.099157244707863;0.9234980989301873;10;20;128;128
10;1;0.0001;concept2;0.0644784908629037;None;0.05117577545090013;0.9355215091370963;10;20;128;128
10;2;0.0001;concept3;0.10292352974071166;None;0.051588573858470425;0.8970764702592884;10;20;128;128
11;0;0.0001;concept1;0.07533901609684551;None;0.0983651490920926;0.9246609839031545;10;20;128;128
11;1;0.0001;concept2;0.06299222108057201;None;0.05056603281218652;0.937007778919428;10;20;128;128
11;2;0.0001;concept3;0.10179623729610705;None;0.05134388118920061;0.8982037627038929;10;20;128;128
12;0;0.0001;concept1;0.07435524228843586;None;0.09767818573328009;0.9256447577115642;10;20;128;128
12;1;0.0001;concept2;0.06177580868805888;None;0.050065865537526136;0.9382241913119411;10;20;128;128
12;2;0.0001;concept3;0.1008812026305565;None;0.051157562978891506;0.8991187973694434;10;20;128;128
13;0;0.0001;concept1;0.07342027479943507;None;0.09702435022612425;0.926579725200565;10;20;128;128
13;1;0.0001;concept2;0.06076294442737388;None;0.04964742127554662;0.9392370555726262;10;20;128;128
13;2;0.0001;concept3;0.09990153760332592;None;0.05094656322138619;0.9000984623966741;10;20;128;128
14;0;0.0001;concept1;0.07262475762249465;None;0.09646013506499813;0.9273752423775053;10;20;128;128
14;1;0.0001;concept2;0.059870837184565096;None;0.049271768367103494;0.9401291628154349;10;20;128;128
14;2;0.0001;concept3;0.09894437413257628;None;0.05073575163842146;0.9010556258674237;10;20;128;128
15;0;0.0001;concept1;0.07190596563948476;None;0.09594427647970523;0.9280940343605153;10;20;128;128
15;1;0.0001;concept2;0.05908376814702919;None;0.04893768673928649;0.9409162318529708;10;20;128;128
15;2;0.0001;concept3;0.09809374375117644;None;0.05054483422114034;0.9019062562488236;10;20;128;128
16;0;0.0001;concept1;0.07121385703428318;None;0.09544122499173756;0.9287861429657168;10;20;128;128
16;1;0.0001;concept2;0.058384729013626346;None;0.048632604701702296;0.9416152709863737;10;20;128;128
16;2;0.0001;concept3;0.09726689974592172;None;0.050352377139465665;0.9027331002540783;10;20;128;128
17;0;0.0001;concept1;0.07059850409618063;None;0.09499540753804511;0.9294014959038194;10;20;128;128
17;1;0.0001;concept2;0.0577558511396702;None;0.04835519333803881;0.9422441488603298;10;20;128;128
17;2;0.0001;concept3;0.09648197659454126;None;0.05016413652326201;0.9035180234054587;10;20;128;128
18;0;0.0001;concept1;0.07003528558257259;None;0.09457546294858726;0.9299647144174275;10;20;128;128
18;1;0.0001;concept2;0.05718373479670123;None;0.04810095730901597;0.9428162652032988;10;20;128;128
18;2;0.0001;concept3;0.0955805938626227;None;0.04992663699550834;0.9044194061373774;10;20;128;128
19;0;0.0001;concept1;0.0695411792137898;None;0.09420271465997679;0.9304588207862102;10;20;128;128
19;1;0.0001;concept2;0.056635672300706735;None;0.04785906133196431;0.9433643276992932;10;20;128;128
19;2;0.0001;concept3;0.09464297092894411;None;0.04963626604767256;0.9053570290710559;10;20;128;128
20;0;0.0001;concept1;0.06906396996387247;None;0.09384209205394521;0.9309360300361276;10;20;128;128
20;1;0.0001;concept2;0.056160653155672154;None;0.04764842658810264;0.9438393468443278;10;20;128;128
20;2;0.0001;concept3;0.09502674047715011;None;0.04986203216517257;0.9049732595228499;10;20;128;128
21;0;0.0001;concept1;0.06858289125738266;None;0.09348418708023624;0.9314171087426173;10;20;128;128
21;1;0.0001;concept2;0.05571935271051531;None;0.047451292611949386;0.9442806472894847;10;20;128;128
21;2;0.0001;concept3;0.09333255132082317;None;0.049365995099584434;0.9066674486791768;10;20;128;128
22;0;0.0001;concept1;0.06813315847731687;None;0.09314814181763381;0.9318668415226832;10;20;128;128
22;1;0.0001;concept2;0.0552954298721754;None;0.04726142106929576;0.9447045701278246;10;20;128;128
22;2;0.0001;concept3;0.0927308453167244;None;0.0492192721312337;0.9072691546832756;10;20;128;128
23;0;0.0001;concept1;0.06774872104488816;None;0.09284271772375448;0.9322512789551118;10;20;128;128
23;1;0.0001;concept2;0.05490553856313982;None;0.047085865478380264;0.9450944614368602;10;20;128;128
23;2;0.0001;concept3;0.09193519350606598;None;0.04900321211193011;0.9080648064939341;10;20;128;128
24;0;0.0001;concept1;0.06736040264574515;None;0.09254086589880615;0.9326395973542548;10;20;128;128
24;1;0.0001;concept2;0.05453151934561261;None;0.046920993131816864;0.9454684806543874;10;20;128;128
24;2;0.0001;concept3;0.09118560208362109;None;0.048815252440723586;0.908814397916379;10;20;128;128
25;0;0.0001;concept1;0.06695375345753889;None;0.09223621553019835;0.9330462465424612;10;20;128;128
25;1;0.0001;concept2;0.05417414721802346;None;0.0467632496111957;0.9458258527819765;10;20;128;128
25;2;0.0001;concept3;0.0905216070951551;None;0.04864042092664648;0.9094783929048449;10;20;128;128
26;0;0.0001;concept1;0.0666274897595929;None;0.09197347766803624;0.9333725102404071;10;20;128;128
26;1;0.0001;concept2;0.053829835110576554;None;0.04660990899988939;0.9461701648894234;10;20;128;128
26;2;0.0001;concept3;0.09001092687323364;None;0.04851580285335563;0.9099890731267664;10;20;128;128
27;0;0.0001;concept1;0.06630080212567628;None;0.0917222967371371;0.9336991978743236;10;20;128;128
27;1;0.0001;concept2;0.053515309208619785;None;0.04647103762795871;0.9464846907913802;10;20;128;128
27;2;0.0001;concept3;0.08947818337941292;None;0.048381524226314136;0.9105218166205871;10;20;128;128
28;0;0.0001;concept1;0.0659570495860465;None;0.09145860390768423;0.9340429504139535;10;20;128;128
28;1;0.0001;concept2;0.053211286203029846;None;0.04633688187938262;0.9467887137969702;10;20;128;128
28;2;0.0001;concept3;0.0890116697383241;None;0.04826568601184148;0.9109883302616759;10;20;128;128
29;0;0.0001;concept1;0.06567901229035594;None;0.09122668490708477;0.934320987709644;10;20;128;128
29;1;0.0001;concept2;0.0529174495068565;None;0.04620587214514346;0.9470825504931435;10;20;128;128
29;2;0.0001;concept3;0.08845225491108476;None;0.04811783188192652;0.9115477450889152;10;20;128;128
30;0;0.0001;concept1;0.06538879334303495;None;0.09100667811548557;0.9346112066569651;10;20;128;128
30;1;0.0001;concept2;0.052637363409133234;None;0.04607958974630654;0.9473626365908667;10;20;128;128
30;2;0.0001;concept3;0.0879704709844743;None;0.04799340077764254;0.9120295290155257;10;20;128;128
31;0;0.0001;concept1;0.06511849485518038;None;0.09078781637696792;0.9348815051448196;10;20;128;128
31;1;0.0001;concept2;0.05236979121352391;None;0.04595841533362641;0.9476302087864761;10;20;128;128
31;2;0.0001;concept3;0.08749025699760421;None;0.047867651443871874;0.9125097430023958;10;20;128;128
32;0;0.0001;concept1;0.06488095444755895;None;0.09059769198103973;0.9351190455524411;10;20;128;128
32;1;0.0001;concept2;0.05212222267365748;None;0.04584543892428059;0.9478777773263425;10;20;128;128
32;2;0.0001;concept3;0.08703049611857218;None;0.0477451375462319;0.9129695038814278;10;20;128;128
33;0;0.0001;concept1;0.06464867631217926;None;0.09039697236033527;0.9353513236878208;10;20;128;128
33;1;0.0001;concept2;0.05187876096403243;None;0.04573779108763307;0.9481212390359676;10;20;128;128
33;2;0.0001;concept3;0.08646990372257107;None;0.0475909271934036;0.9135300962774289;10;20;128;128
34;0;0.0001;concept1;0.06441623295023254;None;0.09020641083917079;0.9355837670497674;10;20;128;128
34;1;0.0001;concept2;0.0516408624050487;None;0.045631302391264304;0.9483591375949513;10;20;128;128
34;2;0.0001;concept3;0.08603694864482181;None;0.047474256533167336;0.9139630513551782;10;20;128;128
35;0;0.0001;concept1;0.06406204709949269;None;0.08995436970543477;0.9359379529005073;10;20;128;128
35;1;0.0001;concept2;0.05140804597067515;None;0.045527667530070856;0.9485919540293248;10;20;128;128
35;2;0.0001;concept3;0.08551479093988205;None;0.04732724388124555;0.914485209060118;10;20;128;128
36;0;0.0001;concept1;0.06392230799068988;None;0.08982830161354095;0.9360776920093101;10;20;128;128
36;1;0.0001;concept2;0.05118925815597459;None;0.045427747210678625;0.9488107418440254;10;20;128;128
36;2;0.0001;concept3;0.08505185583375478;None;0.047196934711997755;0.9149481441662453;10;20;128;128
37;0;0.0001;concept1;0.0636981573625268;None;0.08964697843251694;0.9363018426374732;10;20;128;128
37;1;0.0001;concept2;0.0509792851873613;None;0.04533121820634762;0.9490207148126387;10;20;128;128
37;2;0.0001;concept3;0.08447124376801335;None;0.04702731962888476;0.9155287562319867;10;20;128;128
38;0;0.0001;concept1;0.06345570926065323;None;0.08946316577175735;0.9365442907393468;10;20;128;128
38;1;0.0001;concept2;0.05078300786152441;None;0.04524127203033963;0.9492169921384755;10;20;128;128
38;2;0.0001;concept3;0.08409105616995678;None;0.04692316933276888;0.9159089438300432;10;20;128;128
39;0;0.0001;concept1;0.06330629148143678;None;0.08932955754684059;0.9366937085185633;10;20;128;128
39;1;0.0001;concept2;0.05059071568596598;None;0.045151929147088106;0.949409284314034;10;20;128;128
39;2;0.0001;concept3;0.08347302855906726;None;0.04674060897199202;0.9165269714409328;10;20;128;128
40;0;0.0001;concept1;0.06308506111317326;None;0.08915831501079326;0.9369149388868268;10;20;128;128
40;1;0.0001;concept2;0.050398466487367656;None;0.04506296987482235;0.9496015335126323;10;20;128;128
40;2;0.0001;concept3;0.08311727386338907;None;0.046647457678077764;0.9168827261366109;10;20;128;128
41;0;0.0001;concept1;0.06293566166339522;None;0.08902899325734583;0.9370643383366047;10;20;128;128
41;1;0.0001;concept2;0.05022077818851902;None;0.04497941044962712;0.949779221811481;10;20;128;128
41;2;0.0001;concept3;0.08306444861833713;None;0.04665087172484818;0.9169355513816628;10;20;128;128
42;0;0.0001;concept1;0.06274203951119015;None;0.08886774437736622;0.9372579604888098;10;20;128;128
42;1;0.0001;concept2;0.05004531333599511;None;0.044896070161762024;0.9499546866640048;10;20;128;128
42;2;0.0001;concept3;0.08303447148316992;None;0.04665648995711055;0.9169655285168301;10;20;128;128
43;0;0.0001;concept1;0.06255700037937423;None;0.08871270513071149;0.9374429996206257;10;20;128;128
43;1;0.0001;concept2;0.04988454476496485;None;0.04481959777472252;0.9501154552350352;10;20;128;128
43;2;0.0001;concept3;0.08372206456327283;None;0.04686494011589269;0.9162779354367272;10;20;128;128
44;0;0.0001;concept1;0.06239230928806214;None;0.088580948430108;0.9376076907119378;10;20;128;128
44;1;0.0001;concept2;0.049712701403870234;None;0.04473876756304477;0.9502872985961297;10;20;128;128
44;2;0.0001;concept3;0.08177044430695571;None;0.04625379826400138;0.9182295556930443;10;20;128;128
45;0;0.0001;concept1;0.06218844377768889;None;0.08842247388173505;0.9378115562223112;10;20;128;128
45;1;0.0001;concept2;0.04955099187600339;None;0.04466386624606995;0.9504490081239966;10;20;128;128
45;2;0.0001;concept3;0.08174022391732809;None;0.046273222973216045;0.918259776082672;10;20;128;128
46;0;0.0001;concept1;0.06202577982390779;None;0.08828950205478964;0.9379742201760922;10;20;128;128
46;1;0.0001;concept2;0.049385335259375766;None;0.0445857585949511;0.9506146647406242;10;20;128;128
46;2;0.0001;concept3;0.0813548978801224;None;0.04616254668721883;0.9186451021198776;10;20;128;128
47;0;0.0001;concept1;0.06185558765502413;None;0.08815699644078777;0.9381444123449759;10;20;128;128
47;1;0.0001;concept2;0.04923796854883022;None;0.04451698529590052;0.9507620314511698;10;20;128;128
47;2;0.0001;concept3;0.0813172166084891;None;0.04616158943162171;0.9186827833915109;10;20;128;128
48;0;0.0001;concept1;0.06172099711164525;None;0.08804070626351579;0.9382790028883548;10;20;128;128
48;1;0.0001;concept2;0.04908516926354592;None;0.04444525262962873;0.9509148307364541;10;20;128;128
48;2;0.0001;concept3;0.08108783704964659;None;0.046100120917815825;0.9189121629503534;10;20;128;128
49;0;0.0001;concept1;0.06158461229945599;None;0.08792190735761066;0.938415387700544;10;20;128;128
49;1;0.0001;concept2;0.048939397545793385;None;0.04437618743284232;0.9510606024542066;10;20;128;128
49;2;0.0001;concept3;0.08077496868143637;None;0.04601187811209541;0.9192250313185636;10;20;128;128
50;0;0.0001;concept1;0.07227892714781359;None;0.07806922261134681;0.9277210728521864;10;20;128;128
50;1;0.0001;concept2;0.018781687966379433;None;0.06381422801477771;0.9812183120336205;10;20;128;128
50;2;0.0001;concept3;0.014427555468864957;None;0.062461971736173225;0.985572444531135;10;20;128;128
51;0;0.0001;concept1;0.07459243241603071;None;0.07898937252833732;0.9254075675839692;10;20;128;128
51;1;0.0001;concept2;0.018662039922195034;None;0.06361358479706533;0.9813379600778049;10;20;128;128
51;2;0.0001;concept3;0.014223882394947296;None;0.06160277457184309;0.9857761176050527;10;20;128;128
52;0;0.0001;concept1;0.07032035962628859;None;0.07726724155104417;0.9296796403737114;10;20;128;128
52;1;0.0001;concept2;0.018544208117822723;None;0.06341456447085311;0.9814557918821772;10;20;128;128
52;2;0.0001;concept3;0.014145376410092668;None;0.061440702856490934;0.9858546235899074;10;20;128;128
53;0;0.0001;concept1;0.0706875065655997;None;0.0773430403150669;0.9293124934344003;10;20;128;128
53;1;0.0001;concept2;0.01843067349355985;None;0.06322151559634932;0.9815693265064401;10;20;128;128
53;2;0.0001;concept3;0.01409251574198691;None;0.06131483780050248;0.9859074842580131;10;20;128;128
54;0;0.0001;concept1;0.07016856609212328;None;0.07708471047772023;0.9298314339078767;10;20;128;128
54;1;0.0001;concept2;0.018321796670569827;None;0.0630366889412853;0.9816782033294301;10;20;128;128
54;2;0.0001;concept3;0.014030390182957726;None;0.061196998563166266;0.9859696098170423;10;20;128;128
55;0;0.0001;concept1;0.07049778660327319;None;0.07714047997977332;0.9295022133967268;10;20;128;128
55;1;0.0001;concept2;0.018210564216192774;None;0.0628471141491141;0.9817894357838072;10;20;128;128
55;2;0.0001;concept3;0.013966209157547588;None;0.06116007432779811;0.9860337908424525;10;20;128;128
56;0;0.0001;concept1;0.07018016818123879;None;0.07700898835987367;0.9298198318187612;10;20;128;128
56;1;0.0001;concept2;0.01810264151487357;None;0.06265962573406025;0.9818973584851264;10;20;128;128
56;2;0.0001;concept3;0.013897661748341325;None;0.061038728420924185;0.9861023382516587;10;20;128;128
57;0;0.0001;concept1;0.07176348935648746;None;0.0774922999009501;0.9282365106435125;10;20;128;128
57;1;0.0001;concept2;0.017996166624105882;None;0.06247615018351788;0.9820038333758941;10;20;128;128
57;2;0.0001;concept3;0.013833530857584786;None;0.06082083988818855;0.9861664691424152;10;20;128;128
58;0;0.0001;concept1;0.07015702467482529;None;0.07687344870223678;0.9298429753251747;10;20;128;128
58;1;0.0001;concept2;0.017893141519905075;None;0.06229855283173;0.9821068584800949;10;20;128;128
58;2;0.0001;concept3;0.013941927236260388;None;0.06193591462884656;0.9860580727637396;10;20;128;128
59;0;0.0001;concept1;0.07020217614660508;None;0.0768348205850736;0.9297978238533949;10;20;128;128
59;1;0.0001;concept2;0.01779442172829924;None;0.06212732988126931;0.9822055782717007;10;20;128;128
59;2;0.0001;concept3;0.013726752836436854;None;0.06084491342279842;0.9862732471635631;10;20;128;128
60;0;0.0001;concept1;0.06952654082810658;None;0.07653551762379054;0.9304734591718934;10;20;128;128
60;1;0.0001;concept2;0.01769663426153595;None;0.06195984471423989;0.9823033657384641;10;20;128;128
60;2;0.0001;concept3;0.013640805776631848;None;0.06060590286995536;0.9863591942233682;10;20;128;128
61;0;0.0001;concept1;0.0708266360281499;None;0.07696931702405621;0.9291733639718501;10;20;128;128
61;1;0.0001;concept2;0.017603169692024818;None;0.06179796356506292;0.9823968303079752;10;20;128;128
61;2;0.0001;concept3;0.01357527509380411;None;0.06049305282525533;0.9864247249061959;10;20;128;128
62;0;0.0001;concept1;0.07078486881446606;None;0.07690365132936239;0.9292151311855339;10;20;128;128
62;1;0.0001;concept2;0.017508561253055815;None;0.06162955505502812;0.9824914387469442;10;20;128;128
62;2;0.0001;concept3;0.01351393574246779;None;0.06036948601379031;0.9864860642575322;10;20;128;128
63;0;0.0001;concept1;0.06937654193015362;None;0.07635388522837752;0.9306234580698464;10;20;128;128
63;1;0.0001;concept2;0.017413978835876705;None;0.06146526893249109;0.9825860211641233;10;20;128;128
63;2;0.0001;concept3;0.013461765598179966;None;0.060298829113066964;0.98653823440182;10;20;128;128
64;0;0.0001;concept1;0.07030221508521704;None;0.07663914932172734;0.9296977849147829;10;20;128;128
64;1;0.0001;concept2;0.01732404280660706;None;0.061306504278717706;0.982675957193393;10;20;128;128
64;2;0.0001;concept3;0.013409532241758133;None;0.060227406350945936;0.9865904677582419;10;20;128;128
65;0;0.0001;concept1;0.07278453546281193;None;0.0776188215724635;0.9272154645371881;10;20;128;128
65;1;0.0001;concept2;0.01723806389481637;None;0.06115630124299717;0.9827619361051836;10;20;128;128
65;2;0.0001;concept3;0.013353752755327304;None;0.06012682268568156;0.9866462472446726;10;20;128;128
66;0;0.0001;concept1;0.07073370787687257;None;0.07669094932408826;0.9292662921231274;10;20;128;128
66;1;0.0001;concept2;0.017150477643308182;None;0.06100253224387729;0.9828495223566918;10;20;128;128
66;2;0.0001;concept3;0.013303903585109945;None;0.060035318482629677;0.9866960964148901;10;20;128;128
67;0;0.0001;concept1;0.07102392046076034;None;0.07673760804924033;0.9289760795392397;10;20;128;128
67;1;0.0001;concept2;0.017064081716538337;None;0.06085138490947555;0.9829359182834617;10;20;128;128
67;2;0.0001;concept3;0.013244595977574948;None;0.05985326605213537;0.986755404022425;10;20;128;128
68;0;0.0001;concept1;0.06738914233350862;None;0.07565815645142504;0.9326108576664914;10;20;128;128
68;1;0.0001;concept2;0.01698055889825029;None;0.060702796148702644;0.9830194411017497;10;20;128;128
68;2;0.0001;concept3;0.0131926012475719;None;0.059715782725953945;0.9868073987524281;10;20;128;128
69;0;0.0001;concept1;0.06739183521588855;None;0.07556562428452782;0.9326081647841115;10;20;128;128
69;1;0.0001;concept2;0.01689974173772927;None;0.060557585508912055;0.9831002582622708;10;20;128;128
69;2;0.0001;concept3;0.013149797018508195;None;0.05968412612932808;0.9868502029814918;10;20;128;128
70;0;0.0001;concept1;0.0669358785760773;None;0.0754536353077391;0.9330641214239227;10;20;128;128
70;1;0.0001;concept2;0.016818632410856432;None;0.060413411441960316;0.9831813675891435;10;20;128;128
70;2;0.0001;concept3;0.013087626662658846;None;0.05948499975826734;0.9869123733373412;10;20;128;128
71;0;0.0001;concept1;0.06700279330593105;None;0.07551932997939466;0.9329972066940689;10;20;128;128
71;1;0.0001;concept2;0.016734380159727235;None;0.060265322567021835;0.9832656198402727;10;20;128;128
71;2;0.0001;concept3;0.013046582486712806;None;0.059340945240110965;0.9869534175132872;10;20;128;128
72;0;0.0001;concept1;0.06664817728701926;None;0.0753896078568123;0.9333518227129808;10;20;128;128
72;1;0.0001;concept2;0.016657914497441764;None;0.06012995404281849;0.9833420855025582;10;20;128;128
72;2;0.0001;concept3;0.013002857457102527;None;0.05927381314261496;0.9869971425428975;10;20;128;128
73;0;0.0001;concept1;0.06654498014837831;None;0.07532575726817957;0.9334550198516217;10;20;128;128
73;1;0.0001;concept2;0.01657976236090611;None;0.05999402830047308;0.9834202376390939;10;20;128;128
73;2;0.0001;concept3;0.012953736474730885;None;0.05919481017313723;0.9870462635252691;10;20;128;128
74;0;0.0001;concept1;0.06638432215834233;None;0.0751715239717377;0.9336156778416577;10;20;128;128
74;1;0.0001;concept2;0.016503846938605224;None;0.05985925297795267;0.9834961530613948;10;20;128;128
74;2;0.0001;concept3;0.012912659667367534;None;0.05915841237350986;0.9870873403326325;10;20;128;128
75;0;0.0001;concept1;0.0663768323654572;None;0.07520127961886248;0.9336231676345428;10;20;128;128
75;1;0.0001;concept2;0.01642443094042384;None;0.05972029222401613;0.9835755690595762;10;20;128;128
75;2;0.0001;concept3;0.012875666418776856;None;0.05910574826823297;0.9871243335812232;10;20;128;128
76;0;0.0001;concept1;0.06622941108972628;None;0.07508142638327335;0.9337705889102738;10;20;128;128
76;1;0.0001;concept2;0.016347774194234936;None;0.05958254667128473;0.9836522258057651;10;20;128;128
76;2;0.0001;concept3;0.012840184300105154;None;0.0590683166349584;0.9871598156998949;10;20;128;128
77;0;0.0001;concept1;0.06626640225176766;None;0.07508394019180285;0.9337335977482324;10;20;128;128
77;1;0.0001;concept2;0.016276362987151467;None;0.059456878364715894;0.9837236370128485;10;20;128;128
77;2;0.0001;concept3;0.012817266309573028;None;0.05903245272772629;0.987182733690427;10;20;128;128
78;0;0.0001;concept1;0.06596265437158204;None;0.0748722637764939;0.934037345628418;10;20;128;128
78;1;0.0001;concept2;0.016175784638111618;None;0.059271701375249945;0.9838242153618884;10;20;128;128
78;2;0.0001;concept3;0.012784665783448796;None;0.05889860225514928;0.9872153342165512;10;20;128;128
79;0;0.0001;concept1;0.06581381445968595;None;0.07469292464867087;0.9341861855403141;10;20;128;128
79;1;0.0001;concept2;0.016089260968767408;None;0.05911597197678406;0.9839107390312326;10;20;128;128
79;2;0.0001;concept3;0.012735718120205866;None;0.05888414658571199;0.9872642818797941;10;20;128;128
80;0;0.0001;concept1;0.06584785949291459;None;0.07480215163804071;0.9341521405070854;10;20;128;128
80;1;0.0001;concept2;0.016019465881353386;None;0.058990248637489355;0.9839805341186466;10;20;128;128
80;2;0.0001;concept3;0.01268371719686898;None;0.05871268053211903;0.987316282803131;10;20;128;128
81;0;0.0001;concept1;0.06571501603177547;None;0.07470083169311541;0.9342849839682246;10;20;128;128
81;1;0.0001;concept2;0.015955158675758856;None;0.0588760260215211;0.9840448413242412;10;20;128;128
81;2;0.0001;concept3;0.012638584026893409;None;0.058639714740313834;0.9873614159731066;10;20;128;128
82;0;0.0001;concept1;0.06566536358644523;None;0.07465914481998139;0.9343346364135547;10;20;128;128
82;1;0.0001;concept2;0.015890698056727208;None;0.058757069046281696;0.9841093019432728;10;20;128;128
82;2;0.0001;concept3;0.012604346267000882;None;0.058591070330528155;0.9873956537329991;10;20;128;128
83;0;0.0001;concept1;0.06557341291758714;None;0.0745423959628303;0.9344265870824129;10;20;128;128
83;1;0.0001;concept2;0.01582266525254695;None;0.05863258158870435;0.9841773347474531;10;20;128;128
83;2;0.0001;concept3;0.012565302703731726;None;0.058505685978519316;0.9874346972962683;10;20;128;128
84;0;0.0001;concept1;0.0654863168605943;None;0.0744719682400618;0.9345136831394056;10;20;128;128
84;1;0.0001;concept2;0.01576227033763411;None;0.058519315551576974;0.9842377296623659;10;20;128;128
84;2;0.0001;concept3;0.01253179682683886;None;0.058455639382451824;0.9874682031731611;10;20;128;128
85;0;0.0001;concept1;0.06539124769061486;None;0.07442311350702485;0.9346087523093851;10;20;128;128
85;1;0.0001;concept2;0.01570312847332898;None;0.058409727217867885;0.984296871526671;10;20;128;128
85;2;0.0001;concept3;0.012493604904980613;None;0.05837512521121688;0.9875063950950194;10;20;128;128
86;0;0.0001;concept1;0.06533928871970492;None;0.07420270234091024;0.934660711280295;10;20;128;128
86;1;0.0001;concept2;0.01564317308498349;None;0.05829894377382948;0.9843568269150165;10;20;128;128
86;2;0.0001;concept3;0.01245428766842383;None;0.05831267479555285;0.9875457123315762;10;20;128;128
87;0;0.0001;concept1;0.06529948771555455;None;0.07411304450021425;0.9347005122844455;10;20;128;128
87;1;0.0001;concept2;0.015586822232376557;None;0.05819299689269595;0.9844131777676235;10;20;128;128
87;2;0.0001;concept3;0.012423812524855367;None;0.058250443284507555;0.9875761874751446;10;20;128;128
88;0;0.0001;concept1;0.06525553397283407;None;0.07400268013201318;0.934744466027166;10;20;128;128
88;1;0.0001;concept2;0.015531758239151875;None;0.05808853076139348;0.9844682417608481;10;20;128;128
88;2;0.0001;concept3;0.01238879830772917;None;0.05819085248566726;0.9876112016922708;10;20;128;128
89;0;0.0001;concept1;0.06511558588262352;None;0.07394117929747021;0.9348844141173764;10;20;128;128
89;1;0.0001;concept2;0.015474400291928014;None;0.057981465638855936;0.984525599708072;10;20;128;128
89;2;0.0001;concept3;0.01235599411494864;None;0.05815095152133295;0.9876440058850514;10;20;128;128
90;0;0.0001;concept1;0.06506334706699864;None;0.07387195275264509;0.9349366529330013;10;20;128;128
90;1;0.0001;concept2;0.015419753385321663;None;0.05787877274452976;0.9845802466146784;10;20;128;128
90;2;0.0001;concept3;0.012326017465358274;None;0.05811480587650147;0.9876739825346417;10;20;128;128
91;0;0.0001;concept1;0.06504335787126014;None;0.07380674030562548;0.9349566421287399;10;20;128;128
91;1;0.0001;concept2;0.015365386909781299;None;0.05777464425865497;0.9846346130902187;10;20;128;128
91;2;0.0001;concept3;0.012293137618933187;None;0.05807656569400633;0.9877068623810669;10;20;128;128
92;0;0.0001;concept1;0.06491475808403403;None;0.0737637034046567;0.935085241915966;10;20;128;128
92;1;0.0001;concept2;0.0153122363204962;None;0.05767308788052868;0.9846877636795038;10;20;128;128
92;2;0.0001;concept3;0.012265951652503854;None;0.05805990040654892;0.9877340483474961;10;20;128;128
93;0;0.0001;concept1;0.06487790760814174;None;0.07370849277145526;0.9351220923918583;10;20;128;128
93;1;0.0001;concept2;0.015255982030093831;None;0.05756609913162192;0.9847440179699062;10;20;128;128
93;2;0.0001;concept3;0.012238328929323413;None;0.05802965872534387;0.9877616710706766;10;20;128;128
94;0;0.0001;concept1;0.06483596915367107;None;0.07364141329882665;0.9351640308463289;10;20;128;128
94;1;0.0001;concept2;0.015206740811884962;None;0.05747193307466582;0.984793259188115;10;20;128;128
94;2;0.0001;concept3;0.0122140805405259;None;0.05805106734917803;0.9877859194594741;10;20;128;128
95;0;0.0001;concept1;0.06482492347397464;None;0.07359634663721619;0.9351750765260254;10;20;128;128
95;1;0.0001;concept2;0.015156958169852549;None;0.05737637767330541;0.9848430418301475;10;20;128;128
95;2;0.0001;concept3;0.012187452473307003;None;0.05806496987504815;0.987812547526693;10;20;128;128
96;0;0.0001;concept1;0.06485583810176591;None;0.0735739224358779;0.9351441618982341;10;20;128;128
96;1;0.0001;concept2;0.015106265879745628;None;0.05727769309149809;0.9848937341202544;10;20;128;128
96;2;0.0001;concept3;0.012155994049384741;None;0.05800508364437115;0.9878440059506153;10;20;128;128
97;0;0.0001;concept1;0.06475300707060686;None;0.07352242654898983;0.9352469929293932;10;20;128;128
97;1;0.0001;concept2;0.015057471243952668;None;0.05718355735757394;0.9849425287560474;10;20;128;128
97;2;0.0001;concept3;0.012121082531967083;None;0.05790327437534225;0.9878789174680329;10;20;128;128
98;0;0.0001;concept1;0.06475975659050474;None;0.07347436226131912;0.9352402434094953;10;20;128;128
98;1;0.0001;concept2;0.015010171644331018;None;0.0570925817993141;0.984989828355669;10;20;128;128
98;2;0.0001;concept3;0.012091305851786506;None;0.0578614869891796;0.9879086941482135;10;20;128;128
99;0;0.0001;concept1;0.06465510754272613;None;0.07342613358396562;0.9353448924572738;10;20;128;128
99;1;0.0001;concept2;0.014963378921498429;None;0.05700152741453626;0.9850366210785015;10;20;128;128
99;2;0.0001;concept3;0.012067258409846965;None;0.05788914121128951;0.987932741590153;10;20;128;128
100;0;0.0001;concept1;0.07516221651671581;None;0.08270623397577646;0.9248377834832842;10;20;128;128
100;1;0.0001;concept2;0.052779814365219085;None;0.04277331949638421;0.9472201856347809;10;20;128;128
100;2;0.0001;concept3;0.13190968619991286;None;0.14438656714514647;0.8680903138000872;10;20;128;128
101;0;0.0001;concept1;0.07505214306454856;None;0.0826440440559908;0.9249478569354515;10;20;128;128
101;1;0.0001;concept2;0.05267212101088183;None;0.042728077049131105;0.9473278789891182;10;20;128;128
101;2;0.0001;concept3;0.13162921482364542;None;0.1442960185795549;0.8683707851763546;10;20;128;128
102;0;0.0001;concept1;0.07502739668195578;None;0.08263091452748378;0.9249726033180442;10;20;128;128
102;1;0.0001;concept2;0.05257408270905936;None;0.042684883845711716;0.9474259172909406;10;20;128;128
102;2;0.0001;concept3;0.13237073124269796;None;0.14445345924155178;0.8676292687573021;10;20;128;128
103;0;0.0001;concept1;0.07493289785061134;None;0.08251065309251598;0.9250671021493887;10;20;128;128
103;1;0.0001;concept2;0.05249482872969132;None;0.04265036268508685;0.9475051712703086;10;20;128;128
103;2;0.0001;concept3;0.13192382000742112;None;0.14430620437275427;0.8680761799925789;10;20;128;128
104;0;0.0001;concept1;0.07490012940498374;None;0.0824900769241052;0.9250998705950163;10;20;128;128
104;1;0.0001;concept2;0.0523899557190139;None;0.04260315453445848;0.947610044280986;10;20;128;128
104;2;0.0001;concept3;0.13114630086270296;None;0.14397071641372663;0.868853699137297;10;20;128;128
105;0;0.0001;concept1;0.07480795605086911;None;0.08236541679982114;0.9251920439491309;10;20;128;128
105;1;0.0001;concept2;0.0523247371644928;None;0.042577983917230104;0.9476752628355072;10;20;128;128
105;2;0.0001;concept3;0.13145328855449717;None;0.14408099948924957;0.8685467114455028;10;20;128;128
106;0;0.0001;concept1;0.0748835491397777;None;0.0824822851805446;0.9251164508602223;10;20;128;128
106;1;0.0001;concept2;0.05221167924507463;None;0.04252831769802744;0.9477883207549254;10;20;128;128
106;2;0.0001;concept3;0.1310455168448113;None;0.14393642656253064;0.8689544831551888;10;20;128;128
107;0;0.0001;concept1;0.07478061231470708;None;0.08235936024204618;0.9252193876852929;10;20;128;128
107;1;0.0001;concept2;0.05211724846439567;None;0.04248666938327073;0.9478827515356043;10;20;128;128
107;2;0.0001;concept3;0.13088247257638347;None;0.14386280168520488;0.8691175274236165;10;20;128;128
108;0;0.0001;concept1;0.07476356935136466;None;0.08232403617647865;0.9252364306486354;10;20;128;128
108;1;0.0001;concept2;0.052033493407016095;None;0.04244979144259699;0.9479665065929839;10;20;128;128
108;2;0.0001;concept3;0.13052549444325412;None;0.14372365264447712;0.8694745055567459;10;20;128;128
109;0;0.0001;concept1;0.07471029476502884;None;0.0822076905631841;0.9252897052349711;10;20;128;128
109;1;0.0001;concept2;0.05193464912573312;None;0.04240819743687827;0.9480653508742669;10;20;128;128
109;2;0.0001;concept3;0.1303215963155517;None;0.1436633219817861;0.8696784036844483;10;20;128;128
110;0;0.0001;concept1;0.07469861442685505;None;0.08223919773987376;0.925301385573145;10;20;128;128
110;1;0.0001;concept2;0.05186896183070704;None;0.0423804894746565;0.948131038169293;10;20;128;128
110;2;0.0001;concept3;0.13011772090798338;None;0.14354562364334236;0.8698822790920167;10;20;128;128
111;0;0.0001;concept1;0.0746769700240909;None;0.08218911962705683;0.9253230299759091;10;20;128;128
111;1;0.0001;concept2;0.05178101252995355;None;0.04234146904653835;0.9482189874700464;10;20;128;128
111;2;0.0001;concept3;0.129913488479865;None;0.14342204966416672;0.870086511520135;10;20;128;128
112;0;0.0001;concept1;0.07467869053394684;None;0.08215103655780093;0.9253213094660532;10;20;128;128
112;1;0.0001;concept2;0.051702026155713746;None;0.04230666982270075;0.9482979738442863;10;20;128;128
112;2;0.0001;concept3;0.12964735145338865;None;0.1433533402427839;0.8703526485466113;10;20;128;128
113;0;0.0001;concept1;0.07463517004364556;None;0.08207429993401834;0.9253648299563545;10;20;128;128
113;1;0.0001;concept2;0.0516677943337902;None;0.04229494016816703;0.9483322056662098;10;20;128;128
113;2;0.0001;concept3;0.12961551282140799;None;0.14334387629030082;0.870384487178592;10;20;128;128
114;0;0.0001;concept1;0.07451828339204623;None;0.08195704398761207;0.9254817166079538;10;20;128;128
114;1;0.0001;concept2;0.05156061600555011;None;0.04224496998722443;0.9484393839944499;10;20;128;128
114;2;0.0001;concept3;0.1292915390689854;None;0.1431285741732099;0.8707084609310146;10;20;128;128
115;0;0.0001;concept1;0.0746176053220953;None;0.08209222045635528;0.9253823946779047;10;20;128;128
115;1;0.0001;concept2;0.05154548656896372;None;0.042242940876786615;0.9484545134310363;10;20;128;128
115;2;0.0001;concept3;0.12911985978443835;None;0.14311039249830654;0.8708801402155617;10;20;128;128
116;0;0.0001;concept1;0.07451164036382887;None;0.08197128252193911;0.9254883596361712;10;20;128;128
116;1;0.0001;concept2;0.05145610258985249;None;0.04220331817070164;0.9485438974101476;10;20;128;128
116;2;0.0001;concept3;0.12893475258200468;None;0.14303535849500856;0.8710652474179953;10;20;128;128
117;0;0.0001;concept1;0.07446328273992273;None;0.08188823442853226;0.9255367172600772;10;20;128;128
117;1;0.0001;concept2;0.05139879582554877;None;0.04217766450442621;0.9486012041744513;10;20;128;128
117;2;0.0001;concept3;0.12878792302064632;None;0.14294696736064494;0.8712120769793537;10;20;128;128
118;0;0.0001;concept1;0.07445465085013223;None;0.08189431480821537;0.9255453491498677;10;20;128;128
118;1;0.0001;concept2;0.05129515820173957;None;0.04213214625732561;0.9487048417982604;10;20;128;128
118;2;0.0001;concept3;0.12868007373138649;None;0.1428407588138072;0.8713199262686135;10;20;128;128
119;0;0.0001;concept1;0.0744266260416447;None;0.0818644870235178;0.9255733739583553;10;20;128;128
119;1;0.0001;concept2;0.05122202668825005;None;0.042100949063135384;0.94877797331175;10;20;128;128
119;2;0.0001;concept3;0.12831381107228212;None;0.14271178919302702;0.8716861889277179;10;20;128;128
120;0;0.0001;concept1;0.07437637783441767;None;0.08181034589394415;0.9256236221655824;10;20;128;128
120;1;0.0001;concept2;0.05114518752295031;None;0.042068110063687415;0.9488548124770497;10;20;128;128
120;2;0.0001;concept3;0.12814984451015762;None;0.14263444059566618;0.8718501554898423;10;20;128;128
121;0;0.0001;concept1;0.07436677271512757;None;0.08178295589327224;0.9256332272848724;10;20;128;128
121;1;0.0001;concept2;0.05106811586405531;None;0.0420343954655723;0.9489318841359446;10;20;128;128
121;2;0.0001;concept3;0.12795763896380088;None;0.14256170817567065;0.8720423610361991;10;20;128;128
122;0;0.0001;concept1;0.0742965163010475;None;0.08171077389726518;0.9257034836989525;10;20;128;128
122;1;0.0001;concept2;0.051064513584960954;None;0.042034004257553145;0.948935486415039;10;20;128;128
122;2;0.0001;concept3;0.12793872495038897;None;0.14246652645810168;0.8720612750496111;10;20;128;128
123;0;0.0001;concept1;0.07422719869070761;None;0.08161416949641018;0.9257728013092924;10;20;128;128
123;1;0.0001;concept2;0.05098646325687001;None;0.042000148896885005;0.94901353674313;10;20;128;128
123;2;0.0001;concept3;0.1277189788428087;None;0.1424193711100381;0.8722810211571913;10;20;128;128
124;0;0.0001;concept1;0.07418301557861215;None;0.08155172868484159;0.9258169844213878;10;20;128;128
124;1;0.0001;concept2;0.05092633919634188;None;0.041975547064509115;0.9490736608036581;10;20;128;128
124;2;0.0001;concept3;0.1272858399994326;None;0.14229334371649432;0.8727141600005675;10;20;128;128
125;0;0.0001;concept1;0.07424450763637822;None;0.08162781741647933;0.9257554923636218;10;20;128;128
125;1;0.0001;concept2;0.05082610500832633;None;0.041929739599206164;0.9491738949916737;10;20;128;128
125;2;0.0001;concept3;0.12743068891913906;None;0.1422539177860316;0.872569311080861;10;20;128;128
126;0;0.0001;concept1;0.07429962781165096;None;0.08166094978769328;0.925700372188349;10;20;128;128
126;1;0.0001;concept2;0.050710900749025775;None;0.041877804395070585;0.9492890992509743;10;20;128;128
126;2;0.0001;concept3;0.12699545185289307;None;0.1421698699450448;0.8730045481471069;10;20;128;128
127;0;0.0001;concept1;0.0740756349222707;None;0.08147871930376947;0.9259243650777293;10;20;128;128
127;1;0.0001;concept2;0.05059818544089581;None;0.041825031804440055;0.9494018145591042;10;20;128;128
127;2;0.0001;concept3;0.1268858637464751;None;0.14210782050961135;0.8731141362535249;10;20;128;128
128;0;0.0001;concept1;0.07409681853124407;None;0.08144959400866147;0.9259031814687559;10;20;128;128
128;1;0.0001;concept2;0.050597339828321646;None;0.04182540047731618;0.9494026601716784;10;20;128;128
128;2;0.0001;concept3;0.12687117438731732;None;0.1420176401625284;0.8731288256126827;10;20;128;128
129;0;0.0001;concept1;0.07402908283741902;None;0.08141613772301505;0.925970917162581;10;20;128;128
129;1;0.0001;concept2;0.050546144005237645;None;0.04180317124509114;0.9494538559947624;10;20;128;128
129;2;0.0001;concept3;0.1268447727512938;None;0.14196364668835554;0.8731552272487062;10;20;128;128
130;0;0.0001;concept1;0.07404120758216078;None;0.08132693995601545;0.9259587924178392;10;20;128;128
130;1;0.0001;concept2;0.050458307807766646;None;0.04176374929598298;0.9495416921922334;10;20;128;128
130;2;0.0001;concept3;0.12662388740095476;None;0.14198059904848218;0.8733761125990452;10;20;128;128
131;0;0.0001;concept1;0.07397395066163842;None;0.08126828333073526;0.9260260493383616;10;20;128;128
131;1;0.0001;concept2;0.05035619342968866;None;0.04171698898206793;0.9496438065703113;10;20;128;128
131;2;0.0001;concept3;0.12627884911218734;None;0.1418712542322076;0.8737211508878127;10;20;128;128
132;0;0.0001;concept1;0.07396800676009563;None;0.08121509902114153;0.9260319932399044;10;20;128;128
132;1;0.0001;concept2;0.050264980942595634;None;0.04167463085721461;0.9497350190574043;10;20;128;128
132;2;0.0001;concept3;0.12623428940264025;None;0.14185790371533377;0.8737657105973597;10;20;128;128
133;0;0.0001;concept1;0.07389424154719915;None;0.08121715895474438;0.9261057584528009;10;20;128;128
133;1;0.0001;concept2;0.05030939582974292;None;0.04169766176401869;0.9496906041702571;10;20;128;128
133;2;0.0001;concept3;0.12626910069795516;None;0.14181091221424721;0.8737308993020448;10;20;128;128
134;0;0.0001;concept1;0.0739780414303257;None;0.08129074786175937;0.9260219585696743;10;20;128;128
134;1;0.0001;concept2;0.050193286842595775;None;0.041644883968820885;0.9498067131574042;10;20;128;128
134;2;0.0001;concept3;0.12615513987016636;None;0.14175063820354686;0.8738448601298336;10;20;128;128
135;0;0.0001;concept1;0.07384291219745531;None;0.08114557715453154;0.9261570878025447;10;20;128;128
135;1;0.0001;concept2;0.05003706478491131;None;0.041570809943932634;0.9499629352150887;10;20;128;128
135;2;0.0001;concept3;0.12608187849878752;None;0.1416652658764806;0.8739181215012125;10;20;128;128
136;0;0.0001;concept1;0.07382286390490657;None;0.08103024273777883;0.9261771360950934;10;20;128;128
136;1;0.0001;concept2;0.050142181324746196;None;0.0416234237037884;0.9498578186752538;10;20;128;128
136;2;0.0001;concept3;0.12591079620341603;None;0.14169550680858245;0.874089203796584;10;20;128;128
137;0;0.0001;concept1;0.07386729387940837;None;0.08114815229182086;0.9261327061205916;10;20;128;128
137;1;0.0001;concept2;0.049965328951274826;None;0.04154176318359238;0.9500346710487252;10;20;128;128
137;2;0.0001;concept3;0.12589794930800974;None;0.14165979298640094;0.8741020506919903;10;20;128;128
138;0;0.0001;concept1;0.07376234646581499;None;0.08102038223963215;0.926237653534185;10;20;128;128
138;1;0.0001;concept2;0.05002816898664284;None;0.04157419224420809;0.9499718310133571;10;20;128;128
138;2;0.0001;concept3;0.12575931334663012;None;0.141595396950745;0.8742406866533698;10;20;128;128
139;0;0.0001;concept1;0.07385452796425235;None;0.08110671920941767;0.9261454720357476;10;20;128;128
139;1;0.0001;concept2;0.04990595541016746;None;0.04151813983449198;0.9500940445898325;10;20;128;128
139;2;0.0001;concept3;0.12562812414997027;None;0.1415372439504703;0.8743718758500297;10;20;128;128
140;0;0.0001;concept1;0.07378250499024276;None;0.08100201732146077;0.9262174950097573;10;20;128;128
140;1;0.0001;concept2;0.0497824135823569;None;0.04145940796624669;0.9502175864176431;10;20;128;128
140;2;0.0001;concept3;0.12515350065943098;None;0.141447642279106;0.874846499340569;10;20;128;128
141;0;0.0001;concept1;0.07373718820791733;None;0.08095850825145627;0.9262628117920827;10;20;128;128
141;1;0.0001;concept2;0.049733693338182165;None;0.041438382194627275;0.9502663066618179;10;20;128;128
141;2;0.0001;concept3;0.1251053620309662;None;0.14147696544740465;0.8748946379690338;10;20;128;128
142;0;0.0001;concept1;0.0737695679869943;None;0.08094267284574577;0.9262304320130057;10;20;128;128
142;1;0.0001;concept2;0.04973533196575137;None;0.04144105599239795;0.9502646680342486;10;20;128;128
142;2;0.0001;concept3;0.1250146971210932;None;0.14134912651144352;0.8749853028789067;10;20;128;128
143;0;0.0001;concept1;0.07366129029769988;None;0.08082365881099558;0.9263387097023001;10;20;128;128
143;1;0.0001;concept2;0.04974286532172662;None;0.0414470685142136;0.9502571346782733;10;20;128;128
143;2;0.0001;concept3;0.12518511395289703;None;0.1413159810320134;0.874814886047103;10;20;128;128
144;0;0.0001;concept1;0.07366203662646444;None;0.08086955894652911;0.9263379633735356;10;20;128;128
144;1;0.0001;concept2;0.04967109823069857;None;0.0414144046429427;0.9503289017693014;10;20;128;128
144;2;0.0001;concept3;0.12490104642032883;None;0.14130283383741643;0.8750989535796712;10;20;128;128
145;0;0.0001;concept1;0.0736520224255757;None;0.08085432076723206;0.9263479775744243;10;20;128;128
145;1;0.0001;concept2;0.04969061604427561;None;0.04142432078019854;0.9503093839557244;10;20;128;128
145;2;0.0001;concept3;0.12490175924749591;None;0.14118761394778476;0.8750982407525041;10;20;128;128
146;0;0.0001;concept1;0.07363450390145201;None;0.08077063337461704;0.926365496098548;10;20;128;128
146;1;0.0001;concept2;0.049610058210601334;None;0.041388164902284516;0.9503899417893986;10;20;128;128
146;2;0.0001;concept3;0.12460064132620759;None;0.14117032577169425;0.8753993586737924;10;20;128;128
147;0;0.0001;concept1;0.07362479620901877;None;0.08078160752428568;0.9263752037909813;10;20;128;128
147;1;0.0001;concept2;0.04956899713271261;None;0.04136782827729271;0.9504310028672874;10;20;128;128
147;2;0.0001;concept3;0.12421536289827848;None;0.14114134044014662;0.8757846371017215;10;20;128;128
148;0;0.0001;concept1;0.07355924657805991;None;0.08072439391180959;0.9264407534219401;10;20;128;128
148;1;0.0001;concept2;0.049515054118806946;None;0.04134538964391209;0.950484945881193;10;20;128;128
148;2;0.0001;concept3;0.12426782456684266;None;0.14107307828113927;0.8757321754331573;10;20;128;128
149;0;0.0001;concept1;0.0735477467669378;None;0.08067523874033161;0.9264522532330622;10;20;128;128
149;1;0.0001;concept2;0.049424464370431624;None;0.041301702859174644;0.9505755356295684;10;20;128;128
149;2;0.0001;concept3;0.1244494604785639;None;0.14097983336370226;0.8755505395214361;10;20;128;128
150;0;0.0001;concept1;0.07574729975692111;None;0.08383615474235127;0.9242527002430789;10;20;128;128
150;1;0.0001;concept2;0.01126841904290315;None;0.0410705715943204;0.9887315809570969;10;20;128;128
150;2;0.0001;concept3;0.9628741849528522;None;0.12299084437459847;0.03712581504714774;10;20;128;128
151;0;0.0001;concept1;0.07567265190934228;None;0.08377832463603352;0.9243273480906578;10;20;128;128
151;1;0.0001;concept2;0.01121690217223873;None;0.04097673599565122;0.9887830978277613;10;20;128;128
151;2;0.0001;concept3;0.9623499617555605;None;0.12294292244819897;0.037650038244439465;10;20;128;128
152;0;0.0001;concept1;0.07571284206236494;None;0.08376948022190209;0.924287157937635;10;20;128;128
152;1;0.0001;concept2;0.011182591887612245;None;0.04091406578046179;0.9888174081123877;10;20;128;128
152;2;0.0001;concept3;0.9616692210472336;None;0.12288710706648863;0.038330778952766376;10;20;128;128
153;0;0.0001;concept1;0.07560495435476433;None;0.0837120289353971;0.9243950456452357;10;20;128;128
153;1;0.0001;concept2;0.011153228143503844;None;0.04085812215190307;0.9888467718564962;10;20;128;128
153;2;0.0001;concept3;0.9612923497550504;None;0.12284510854159084;0.0387076502449496;10;20;128;128
154;0;0.0001;concept1;0.07556936373444283;None;0.08368417067032248;0.9244306362655572;10;20;128;128
154;1;0.0001;concept2;0.011127396583009559;None;0.0408094676780315;0.9888726034169905;10;20;128;128
154;2;0.0001;concept3;0.9606829964861071;None;0.12279197277782211;0.039317003513893;10;20;128;128
155;0;0.0001;concept1;0.07558104094817868;None;0.0836497486632219;0.9244189590518214;10;20;128;128
155;1;0.0001;concept2;0.01110153141229211;None;0.040760968437896346;0.9888984685877079;10;20;128;128
155;2;0.0001;concept3;0.9600207086283169;None;0.12273600932650656;0.03997929137168299;10;20;128;128
156;0;0.0001;concept1;0.0754146463853032;None;0.08359656855088497;0.9245853536146968;10;20;128;128
156;1;0.0001;concept2;0.011076504336094084;None;0.040713842818085884;0.9889234956639059;10;20;128;128
156;2;0.0001;concept3;0.959504628220797;None;0.12268933134978698;0.04049537177920293;10;20;128;128
157;0;0.0001;concept1;0.07532561226848712;None;0.08351964835255785;0.9246743877315129;10;20;128;128
157;1;0.0001;concept2;0.011051943241151024;None;0.040667497936316147;0.988948056758849;10;20;128;128
157;2;0.0001;concept3;0.9587630741020965;None;0.1226294665130221;0.04123692589790351;10;20;128;128
158;0;0.0001;concept1;0.07534872309355851;None;0.08350491982498313;0.9246512769064414;10;20;128;128
158;1;0.0001;concept2;0.011029224440745054;None;0.04062274942132587;0.9889707755592549;10;20;128;128
158;2;0.0001;concept3;0.9583243932070443;None;0.1225870518459583;0.04167560679295568;10;20;128;128
159;0;0.0001;concept1;0.07540378737192499;None;0.08348603482032158;0.924596212628075;10;20;128;128
159;1;0.0001;concept2;0.011008383816359048;None;0.04058505388029798;0.988991616183641;10;20;128;128
159;2;0.0001;concept3;0.9576393568527397;None;0.12253057517013759;0.04236064314726018;10;20;128;128
160;0;0.0001;concept1;0.07532032185390732;None;0.08343395565704531;0.9246796781460926;10;20;128;128
160;1;0.0001;concept2;0.010986667120916603;None;0.04054248297228539;0.9890133328790834;10;20;128;128
160;2;0.0001;concept3;0.9583427257375865;None;0.12255664331854664;0.0416572742624135;10;20;128;128
161;0;0.0001;concept1;0.07524347483278927;None;0.08340171594743187;0.9247565251672107;10;20;128;128
161;1;0.0001;concept2;0.010964108545663926;None;0.04049872198992847;0.9890358914543361;10;20;128;128
161;2;0.0001;concept3;0.9576275741224557;None;0.12250048060844144;0.042372425877544195;10;20;128;128
162;0;0.0001;concept1;0.07529279492185278;None;0.08337853289703136;0.9247072050781472;10;20;128;128
162;1;0.0001;concept2;0.010940556521211736;None;0.040455243433050445;0.9890594434787883;10;20;128;128
162;2;0.0001;concept3;0.9572975754835331;None;0.12246520699702196;0.042702424516466886;10;20;128;128
163;0;0.0001;concept1;0.07547404034589046;None;0.0834223792998728;0.9245259596541096;10;20;128;128
163;1;0.0001;concept2;0.010918608691346036;None;0.040412283002326715;0.9890813913086539;10;20;128;128
163;2;0.0001;concept3;0.9567291340318618;None;0.12241661845740606;0.04327086596813823;10;20;128;128
164;0;0.0001;concept1;0.0752850809535198;None;0.08330654336664399;0.9247149190464802;10;20;128;128
164;1;0.0001;concept2;0.010896064079400736;None;0.0403701602541645;0.9891039359205993;10;20;128;128
164;2;0.0001;concept3;0.9564366340604057;None;0.12238341247250802;0.04356336593959431;10;20;128;128
165;0;0.0001;concept1;0.07524891206854174;None;0.08327115456905272;0.9247510879314582;10;20;128;128
165;1;0.0001;concept2;0.0108754706068721;None;0.04033013419799492;0.9891245293931279;10;20;128;128
165;2;0.0001;concept3;0.9562793568161777;None;0.122358739539463;0.043720643183822294;10;20;128;128
166;0;0.0001;concept1;0.07525480512597973;None;0.08327194603751914;0.9247451948740203;10;20;128;128
166;1;0.0001;concept2;0.010855205072095662;None;0.040291321855933274;0.9891447949279043;10;20;128;128
166;2;0.0001;concept3;0.9553378593699644;None;0.12228783729225576;0.044662140630035485;10;20;128;128
167;0;0.0001;concept1;0.0751686451528214;None;0.08325534655500563;0.9248313548471786;10;20;128;128
167;1;0.0001;concept2;0.010836591311432248;None;0.04025593370944797;0.9891634086885678;10;20;128;128
167;2;0.0001;concept3;0.9546895944916616;None;0.12223523294871941;0.045310405508338536;10;20;128;128
168;0;0.0001;concept1;0.07508722346690887;None;0.08321924864533652;0.9249127765330911;10;20;128;128
168;1;0.0001;concept2;0.010816161074979113;None;0.040215971250927594;0.9891838389250209;10;20;128;128
168;2;0.0001;concept3;0.9543557911114121;None;0.12220062180253666;0.04564420888858778;10;20;128;128
169;0;0.0001;concept1;0.07535051356880432;None;0.08312862865910815;0.9246494864311957;10;20;128;128
169;1;0.0001;concept2;0.010793951715052236;None;0.04017193885577948;0.9892060482849477;10;20;128;128
169;2;0.0001;concept3;0.9540024613600723;None;0.12216505768254396;0.045997538639927615;10;20;128;128
170;0;0.0001;concept1;0.07526062259390645;None;0.08307536060687869;0.9247393774060936;10;20;128;128
170;1;0.0001;concept2;0.010772967389830333;None;0.040129891510924574;0.9892270326101696;10;20;128;128
170;2;0.0001;concept3;0.9534157198392333;None;0.12211548371795587;0.046584280160766656;10;20;128;128
171;0;0.0001;concept1;0.07530953888446189;None;0.08305850949406043;0.9246904611155381;10;20;128;128
171;1;0.0001;concept2;0.010753506758235033;None;0.04009332731820375;0.989246493241765;10;20;128;128
171;2;0.0001;concept3;0.9526478156458453;None;0.12205714192817321;0.04735218435415467;10;20;128;128
172;0;0.0001;concept1;0.07494915676208605;None;0.08301642183600579;0.925050843237914;10;20;128;128
172;1;0.0001;concept2;0.010732140337087411;None;0.0400512262007097;0.9892678596629126;10;20;128;128
172;2;0.0001;concept3;0.9519032590499699;None;0.12200061988418545;0.048096740950030026;10;20;128;128
173;0;0.0001;concept1;0.07481823875871797;None;0.08297062541297943;0.925181761241282;10;20;128;128
173;1;0.0001;concept2;0.010711906796299523;None;0.040012230867391384;0.9892880932037005;10;20;128;128
173;2;0.0001;concept3;0.9516910491945523;None;0.12197053221078934;0.048308950805447726;10;20;128;128
174;0;0.0001;concept1;0.07507871560420606;None;0.08304704591305509;0.9249212843957939;10;20;128;128
174;1;0.0001;concept2;0.010692323518556616;None;0.03997481807543122;0.9893076764814434;10;20;128;128
174;2;0.0001;concept3;0.9510438769321586;None;0.12191780417207627;0.04895612306784136;10;20;128;128
175;0;0.0001;concept1;0.07511006853193761;None;0.08302294216820469;0.9248899314680624;10;20;128;128
175;1;0.0001;concept2;0.010674105996538268;None;0.03993982723556838;0.9893258940034617;10;20;128;128
175;2;0.0001;concept3;0.950601593803517;None;0.12187708702098095;0.04939840619648295;10;20;128;128
176;0;0.0001;concept1;0.07501547115654596;None;0.08297269248864214;0.9249845288434541;10;20;128;128
176;1;0.0001;concept2;0.010655056295615273;None;0.03990342768199533;0.9893449437043847;10;20;128;128
176;2;0.0001;concept3;0.9500006011890859;None;0.12182834631570202;0.049999398810914086;10;20;128;128
177;0;0.0001;concept1;0.0748878435205862;None;0.08291523466348258;0.9251121564794138;10;20;128;128
177;1;0.0001;concept2;0.01063378948711591;None;0.039861274840072694;0.9893662105128841;10;20;128;128
177;2;0.0001;concept3;0.9496509585021673;None;0.1217934058637788;0.05034904149783259;10;20;128;128
178;0;0.0001;concept1;0.07500861992616657;None;0.08291537006021076;0.9249913800738334;10;20;128;128
178;1;0.0001;concept2;0.010613457357006284;None;0.039821922310922124;0.9893865426429937;10;20;128;128
178;2;0.0001;concept3;0.9490400634645562;None;0.1217461868958974;0.05095993653544373;10;20;128;128
179;0;0.0001;concept1;0.07490529922863684;None;0.08283876540237795;0.9250947007713631;10;20;128;128
179;1;0.0001;concept2;0.010596268639296108;None;0.039788832317140414;0.9894037313607039;10;20;128;128
179;2;0.0001;concept3;0.9486833086819972;None;0.12170602274145163;0.05131669131800265;10;20;128;128
180;0;0.0001;concept1;0.07496781814739971;None;0.08286661373742366;0.9250321818526003;10;20;128;128
180;1;0.0001;concept2;0.010577027721572782;None;0.03975160897398967;0.9894229722784272;10;20;128;128
180;2;0.0001;concept3;0.9480102897065367;None;0.12165397175224875;0.05198971029346333;10;20;128;128
181;0;0.0001;concept1;0.0750111083357331;None;0.08284618375422259;0.9249888916642669;10;20;128;128
181;1;0.0001;concept2;0.010557210494028413;None;0.039712873795416284;0.9894427895059716;10;20;128;128
181;2;0.0001;concept3;0.9477125312112084;None;0.12162305530789981;0.05228746878879165;10;20;128;128
182;0;0.0001;concept1;0.07489101583424003;None;0.08277575081040282;0.9251089841657599;10;20;128;128
182;1;0.0001;concept2;0.010538215077285645;None;0.03967501242045113;0.9894617849227143;10;20;128;128
182;2;0.0001;concept3;0.9472362616777353;None;0.12157837065175157;0.052763738322264664;10;20;128;128
183;0;0.0001;concept1;0.07486791387680165;None;0.08277404721436217;0.9251320861231983;10;20;128;128
183;1;0.0001;concept2;0.01051988387614799;None;0.03963923391205731;0.989480116123852;10;20;128;128
183;2;0.0001;concept3;0.9467445533491284;None;0.12153827716295663;0.05325544665087156;10;20;128;128
184;0;0.0001;concept1;0.07467044391707259;None;0.08265803361132526;0.9253295560829274;10;20;128;128
184;1;0.0001;concept2;0.010503068108089554;None;0.03960623633310954;0.9894969318919105;10;20;128;128
184;2;0.0001;concept3;0.9455179131779713;None;0.1214603890199287;0.05448208682202871;10;20;128;128
185;0;0.0001;concept1;0.0746576405394303;None;0.08263589934932775;0.9253423594605698;10;20;128;128
185;1;0.0001;concept2;0.010484724215100409;None;0.03957049137483147;0.9895152757848996;10;20;128;128
185;2;0.0001;concept3;0.9450867178367356;None;0.12142154241151416;0.0549132821632643;10;20;128;128
186;0;0.0001;concept1;0.07473843869441898;None;0.08261765069902961;0.925261561305581;10;20;128;128
186;1;0.0001;concept2;0.010466255958529309;None;0.03953320391486704;0.9895337440414707;10;20;128;128
186;2;0.0001;concept3;0.9447281979782918;None;0.12138691741373313;0.05527180202170823;10;20;128;128
187;0;0.0001;concept1;0.07480954474018761;None;0.08262434893923466;0.9251904552598124;10;20;128;128
187;1;0.0001;concept2;0.010448531379102885;None;0.03949860300664627;0.9895514686208972;10;20;128;128
187;2;0.0001;concept3;0.9443772187434434;None;0.12135344481008634;0.05562278125655662;10;20;128;128
188;0;0.0001;concept1;0.07459986363677815;None;0.08255405132610796;0.9254001363632218;10;20;128;128
188;1;0.0001;concept2;0.01043082892795714;None;0.03946306471850359;0.9895691710720429;10;20;128;128
188;2;0.0001;concept3;0.9442707894678728;None;0.1213339153718291;0.055729210532127205;10;20;128;128
189;0;0.0001;concept1;0.07480026728506034;None;0.08259957039226021;0.9251997327149397;10;20;128;128
189;1;0.0001;concept2;0.010413038340550065;None;0.0394285098594613;0.9895869616594499;10;20;128;128
189;2;0.0001;concept3;0.9436967001073769;None;0.12128941833243576;0.05630329989262295;10;20;128;128
190;0;0.0001;concept1;0.07475366940379638;None;0.08254878548284297;0.9252463305962036;10;20;128;128
190;1;0.0001;concept2;0.010394840822862988;None;0.03939340671649771;0.989605159177137;10;20;128;128
190;2;0.0001;concept3;0.9432310903882019;None;0.12124788030827931;0.056768909611798146;10;20;128;128
191;0;0.0001;concept1;0.07465537797111586;None;0.08250385561727247;0.9253446220288841;10;20;128;128
191;1;0.0001;concept2;0.01037848085106946;None;0.039360652234541264;0.9896215191489306;10;20;128;128
191;2;0.0001;concept3;0.9427654481951843;None;0.12120788047498077;0.057234551804815736;10;20;128;128
192;0;0.0001;concept1;0.07473905170170898;None;0.08248323621591064;0.925260948298291;10;20;128;128
192;1;0.0001;concept2;0.010361736380106831;None;0.039328755163396706;0.9896382636198932;10;20;128;128
192;2;0.0001;concept3;0.9422050221588404;None;0.12116638735169463;0.0577949778411595;10;20;128;128
193;0;0.0001;concept1;0.07463398677141117;None;0.0824434946672128;0.9253660132285888;10;20;128;128
193;1;0.0001;concept2;0.01034535217072975;None;0.039295846702944004;0.9896546478292703;10;20;128;128
193;2;0.0001;concept3;0.9417131401673784;None;0.12112590897192403;0.058286859832621496;10;20;128;128
194;0;0.0001;concept1;0.07442617923085555;None;0.08235332156412317;0.9255738207691444;10;20;128;128
194;1;0.0001;concept2;0.010327361788683346;None;0.03925985309688174;0.9896726382113167;10;20;128;128
194;2;0.0001;concept3;0.9410803325174136;None;0.12108048067359621;0.05891966748258626;10;20;128;128
195;0;0.0001;concept1;0.07467437296380536;None;0.08241363605966577;0.9253256270361947;10;20;128;128
195;1;0.0001;concept2;0.01031021625343451;None;0.039226156558967135;0.9896897837465655;10;20;128;128
195;2;0.0001;concept3;0.9405108548098962;None;0.1210355397196111;0.05948914519010373;10;20;128;128
196;0;0.0001;concept1;0.07458006898552688;None;0.08235901777585469;0.9254199310144731;10;20;128;128
196;1;0.0001;concept2;0.010293553715267897;None;0.039192055684374005;0.9897064462847321;10;20;128;128
196;2;0.0001;concept3;0.9401303277231227;None;0.1210021364374159;0.05986967227687734;10;20;128;128
197;0;0.0001;concept1;0.07456736637689311;None;0.0823270915006874;0.9254326336231069;10;20;128;128
197;1;0.0001;concept2;0.010277972509848793;None;0.0391621617382697;0.9897220274901513;10;20;128;128
197;2;0.0001;concept3;0.9395701682091874;None;0.12095743087406555;0.06042983179081263;10;20;128;128
198;0;0.0001;concept1;0.07450754363175952;None;0.08230985661070671;0.9254924563682405;10;20;128;128
198;1;0.0001;concept2;0.010261925647837806;None;0.03912955283927977;0.9897380743521622;10;20;128;128
198;2;0.0001;concept3;0.9391419617242484;None;0.12091887566843405;0.06085803827575165;10;20;128;128
199;0;0.0001;concept1;0.07417889858714441;None;0.08214823960879263;0.9258211014128556;10;20;128;128
199;1;0.0001;concept2;0.010245239319379942;None;0.039096520643439915;0.9897547606806201;10;20;128;128
199;2;0.0001;concept3;0.9377161156289333;None;0.12086015963742604;0.06228388437106669;10;20;128;128
