0;0;0.0001;concept1;0.10606176367481236;None;0.11512252848305904;0.8939382363251877;10;20;128;128
0;1;0.0001;concept2;0.5906270819047533;None;0.1568835782326171;0.4093729180952467;10;20;128;128
0;2;0.0001;concept3;0.428384201520565;None;0.09631092313077826;0.571615798479435;10;20;128;128
1;0;0.0001;concept1;0.19622848585003677;None;0.16398633948281313;0.8037715141499633;10;20;128;128
1;1;0.0001;concept2;1.2568671445008284;None;0.24121932951890784;-0.25686714450082815;10;20;128;128
1;2;0.0001;concept3;0.515533040178275;None;0.11163441163555662;0.48446695982172505;10;20;128;128
2;0;0.0001;concept1;0.11130157522063779;None;0.12274324122423604;0.8886984247793622;10;20;128;128
2;1;0.0001;concept2;0.3857313355445841;None;0.1280109074060167;0.6142686644554158;10;20;128;128
2;2;0.0001;concept3;0.12910433226081838;None;0.05390952033605257;0.8708956677391816;10;20;128;128
3;0;0.0001;concept1;0.08338836691363216;None;0.10548432081971988;0.9166116330863678;10;20;128;128
3;1;0.0001;concept2;0.08408578032723818;None;0.058280341246254815;0.9159142196727619;10;20;128;128
3;2;0.0001;concept3;0.08858374553862594;None;0.047355946585085455;0.9114162544613741;10;20;128;128
4;0;0.0001;concept1;0.06975899720781295;None;0.0960182627518359;0.930241002792187;10;20;128;128
4;1;0.0001;concept2;0.058735021345532774;None;0.04884350586382623;0.9412649786544672;10;20;128;128
4;2;0.0001;concept3;0.08120634251276347;None;0.04569772097314059;0.9187936574872365;10;20;128;128
5;0;0.0001;concept1;0.06085055809560045;None;0.08902319820850416;0.9391494419043995;10;20;128;128
5;1;0.0001;concept2;0.048178893755495555;None;0.04435749177503443;0.9518211062445044;10;20;128;128
5;2;0.0001;concept3;0.06820586029838159;None;0.04202115199882363;0.9317941397016184;10;20;128;128
6;0;0.0001;concept1;0.05370933906285664;None;0.08277942929415737;0.9462906609371433;10;20;128;128
6;1;0.0001;concept2;0.038633132388026306;None;0.03965429620486236;0.9613668676119737;10;20;128;128
6;2;0.0001;concept3;0.05272901802787877;None;0.03709828841502821;0.9472709819721212;10;20;128;128
7;0;0.0001;concept1;0.0481667149798746;None;0.07726761244112917;0.9518332850201254;10;20;128;128
7;1;0.0001;concept2;0.03097252479839679;None;0.03528120672860286;0.9690274752016033;10;20;128;128
7;2;0.0001;concept3;0.03995957117544622;None;0.03226287772180108;0.9600404288245538;10;20;128;128
8;0;0.0001;concept1;0.04356957458526663;None;0.07225789739396254;0.9564304254147333;10;20;128;128
8;1;0.0001;concept2;0.02537270370996505;None;0.03170005161549871;0.974627296290035;10;20;128;128
8;2;0.0001;concept3;0.030037691235679852;None;0.02797322207295325;0.9699623087643201;10;20;128;128
9;0;0.0001;concept1;0.04051872292512935;None;0.06826751522897401;0.9594812770748706;10;20;128;128
9;1;0.0001;concept2;0.021204707955323126;None;0.028749874114537458;0.9787952920446769;10;20;128;128
9;2;0.0001;concept3;0.022862958052366707;None;0.02423186868705159;0.9771370419476333;10;20;128;128
10;0;0.0001;concept1;0.038030139588193033;None;0.06472887239468726;0.961969860411807;10;20;128;128
10;1;0.0001;concept2;0.018354087712663905;None;0.02661472170741148;0.9816459122873361;10;20;128;128
10;2;0.0001;concept3;0.018079751491418095;None;0.02120611284794211;0.981920248508582;10;20;128;128
11;0;0.0001;concept1;0.036270090299733763;None;0.061901680571939566;0.9637299097002663;10;20;128;128
11;1;0.0001;concept2;0.01619549826946654;None;0.024907336048421994;0.9838045017305335;10;20;128;128
11;2;0.0001;concept3;0.015807857393212225;None;0.019737452189725117;0.9841921426067878;10;20;128;128
12;0;0.0001;concept1;0.03465312878603785;None;0.05935158996786337;0.9653468712139621;10;20;128;128
12;1;0.0001;concept2;0.014755969852975897;None;0.023717919582017143;0.9852440301470241;10;20;128;128
12;2;0.0001;concept3;0.014143588013536346;None;0.018456742461049606;0.9858564119864637;10;20;128;128
13;0;0.0001;concept1;0.03298485494008478;None;0.05696861790127807;0.9670151450599153;10;20;128;128
13;1;0.0001;concept2;0.013952486539510166;None;0.023215623048938327;0.9860475134604898;10;20;128;128
13;2;0.0001;concept3;0.014223975777899061;None;0.01856822417958172;0.985776024222101;10;20;128;128
14;0;0.0001;concept1;0.031873922718862115;None;0.05516936932410764;0.9681260772811379;10;20;128;128
14;1;0.0001;concept2;0.011895979913574165;None;0.020182927536334945;0.9881040200864258;10;20;128;128
14;2;0.0001;concept3;0.014661055948780219;None;0.01907903198527041;0.9853389440512198;10;20;128;128
15;0;0.0001;concept1;0.03072798793678962;None;0.053558943929622;0.9692720120632103;10;20;128;128
15;1;0.0001;concept2;0.011471448444450513;None;0.020163345792208805;0.9885285515555495;10;20;128;128
15;2;0.0001;concept3;0.013962050808776104;None;0.018596365883667653;0.9860379491912239;10;20;128;128
16;0;0.0001;concept1;0.02983218884997839;None;0.052279466228028613;0.9701678111500216;10;20;128;128
16;1;0.0001;concept2;0.01091738750741064;None;0.019735521900168525;0.9890826124925893;10;20;128;128
16;2;0.0001;concept3;0.013886875996902255;None;0.018527775935964254;0.9861131240030977;10;20;128;128
17;0;0.0001;concept1;0.029065821122998374;None;0.05116477685112234;0.9709341788770016;10;20;128;128
17;1;0.0001;concept2;0.01027115512665176;None;0.019057892853465586;0.9897288448733482;10;20;128;128
17;2;0.0001;concept3;0.013947839963550663;None;0.018603129298778772;0.9860521600364494;10;20;128;128
18;0;0.0001;concept1;0.02836637480681577;None;0.050178000488496265;0.9716336251931842;10;20;128;128
18;1;0.0001;concept2;0.009662964636839818;None;0.01839960018178067;0.9903370353631602;10;20;128;128
18;2;0.0001;concept3;0.014239082289703059;None;0.018868630827806727;0.985760917710297;10;20;128;128
19;0;0.0001;concept1;0.02777510007111139;None;0.0493720124135485;0.9722248999288886;10;20;128;128
19;1;0.0001;concept2;0.00940133277692066;None;0.018431907479939943;0.9905986672230793;10;20;128;128
19;2;0.0001;concept3;0.014309371235650889;None;0.018936759618677194;0.9856906287643491;10;20;128;128
20;0;0.0001;concept1;0.027272623835601646;None;0.04865322777437058;0.9727273761643983;10;20;128;128
20;1;0.0001;concept2;0.00928848912696135;None;0.01859624069619976;0.9907115108730387;10;20;128;128
20;2;0.0001;concept3;0.01492627781946037;None;0.019474456056517223;0.9850737221805397;10;20;128;128
21;0;0.0001;concept1;0.026890031826738606;None;0.048053031715599964;0.9731099681732613;10;20;128;128
21;1;0.0001;concept2;0.009253646088559057;None;0.018859158754636257;0.990746353911441;10;20;128;128
21;2;0.0001;concept3;0.014577458574263515;None;0.01916398011369662;0.9854225414257365;10;20;128;128
22;0;0.0001;concept1;0.02651160313242807;None;0.047492458917808594;0.9734883968675719;10;20;128;128
22;1;0.0001;concept2;0.00901468695941153;None;0.01866326815318674;0.9909853130405885;10;20;128;128
22;2;0.0001;concept3;0.016132791152712808;None;0.02045557653519759;0.9838672088472872;10;20;128;128
23;0;0.0001;concept1;0.026202797826540992;None;0.0469877093482823;0.973797202173459;10;20;128;128
23;1;0.0001;concept2;0.008938717622415823;None;0.01871684542415061;0.9910612823775842;10;20;128;128
23;2;0.0001;concept3;0.014510258315482704;None;0.019015815629557557;0.9854897416845173;10;20;128;128
24;0;0.0001;concept1;0.025881959913777987;None;0.046543524416828755;0.974118040086222;10;20;128;128
24;1;0.0001;concept2;0.008788595574039701;None;0.018609006891275;0.9912114044259603;10;20;128;128
24;2;0.0001;concept3;0.016223044321856166;None;0.0204368416385606;0.9837769556781438;10;20;128;128
25;0;0.0001;concept1;0.02558999050355363;None;0.046096906048178954;0.9744100094964464;10;20;128;128
25;1;0.0001;concept2;0.008893775181609505;None;0.018964766006979637;0.9911062248183905;10;20;128;128
25;2;0.0001;concept3;0.014652687020178239;None;0.019095509068325116;0.9853473129798218;10;20;128;128
26;0;0.0001;concept1;0.025309592991274384;None;0.04570752817716105;0.9746904070087257;10;20;128;128
26;1;0.0001;concept2;0.00846347844587723;None;0.018276704584671524;0.9915365215541228;10;20;128;128
26;2;0.0001;concept3;0.015673562635620263;None;0.019944893965529505;0.9843264373643797;10;20;128;128
27;0;0.0001;concept1;0.02511872507754053;None;0.04546636616406805;0.9748812749224595;10;20;128;128
27;1;0.0001;concept2;0.00855070682659809;None;0.01857563768150661;0.9914492931734019;10;20;128;128
27;2;0.0001;concept3;0.01428759988767999;None;0.01875071823561751;0.98571240011232;10;20;128;128
28;0;0.0001;concept1;0.024957163346046116;None;0.045285317342938794;0.9750428366539539;10;20;128;128
28;1;0.0001;concept2;0.008148069066174957;None;0.017883864179215503;0.9918519309338251;10;20;128;128
28;2;0.0001;concept3;0.015790790253407235;None;0.02001496688044819;0.9842092097465928;10;20;128;128
29;0;0.0001;concept1;0.024742807752930866;None;0.04505457372082678;0.9752571922470691;10;20;128;128
29;1;0.0001;concept2;0.008234425822157741;None;0.018172775240307068;0.9917655741778423;10;20;128;128
29;2;0.0001;concept3;0.013500849805570937;None;0.01814565454874112;0.986499150194429;10;20;128;128
30;0;0.0001;concept1;0.024558257624840443;None;0.04482174332383234;0.9754417423751596;10;20;128;128
30;1;0.0001;concept2;0.007807598329722633;None;0.017361587004606417;0.9921924016702773;10;20;128;128
30;2;0.0001;concept3;0.013454993124926656;None;0.018153854997141623;0.9865450068750733;10;20;128;128
31;0;0.0001;concept1;0.02430096170240361;None;0.04460183679720845;0.9756990382975964;10;20;128;128
31;1;0.0001;concept2;0.007727596059838578;None;0.017249436860102534;0.9922724039401615;10;20;128;128
31;2;0.0001;concept3;0.01453596960275168;None;0.019120547917169724;0.9854640303972483;10;20;128;128
32;0;0.0001;concept1;0.02412372159218594;None;0.04444933074853792;0.9758762784078141;10;20;128;128
32;1;0.0001;concept2;0.007650246742591456;None;0.01713613937679258;0.9923497532574086;10;20;128;128
32;2;0.0001;concept3;0.01315135483557239;None;0.017995911384577897;0.9868486451644276;10;20;128;128
33;0;0.0001;concept1;0.023932467260561315;None;0.04424126487924647;0.9760675327394387;10;20;128;128
33;1;0.0001;concept2;0.008050033924313034;None;0.018230436967563837;0.991949966075687;10;20;128;128
33;2;0.0001;concept3;0.013270344094033916;None;0.01809409190552487;0.9867296559059661;10;20;128;128
34;0;0.0001;concept1;0.023796327510014283;None;0.04410071511010539;0.9762036724899857;10;20;128;128
34;1;0.0001;concept2;0.00751828359001823;None;0.016052979593538342;0.9924817164099817;10;20;128;128
34;2;0.0001;concept3;0.010538459178256125;None;0.01581411458886349;0.9894615408217439;10;20;128;128
35;0;0.0001;concept1;0.02366048456052691;None;0.043944892947656765;0.9763395154394731;10;20;128;128
35;1;0.0001;concept2;0.007535894428525545;None;0.01705795642191522;0.9924641055714745;10;20;128;128
35;2;0.0001;concept3;0.011667119013262738;None;0.016813531817586432;0.9883328809867372;10;20;128;128
36;0;0.0001;concept1;0.02351415203694776;None;0.0437261330797072;0.9764858479630523;10;20;128;128
36;1;0.0001;concept2;0.007252913369097895;None;0.016322162279770073;0.992747086630902;10;20;128;128
36;2;0.0001;concept3;0.011167029337848678;None;0.016398893167834848;0.9888329706621514;10;20;128;128
37;0;0.0001;concept1;0.023342854262390546;None;0.04360649042894172;0.9766571457376094;10;20;128;128
37;1;0.0001;concept2;0.007319529043458032;None;0.016598063146985236;0.992680470956542;10;20;128;128
37;2;0.0001;concept3;0.013147298311756064;None;0.018108567413508136;0.9868527016882439;10;20;128;128
38;0;0.0001;concept1;0.02318164922904226;None;0.04345596758401036;0.9768183507709577;10;20;128;128
38;1;0.0001;concept2;0.007333495449243997;None;0.01664657391711183;0.992666504550756;10;20;128;128
38;2;0.0001;concept3;0.01244552261307957;None;0.017558698748048707;0.9875544773869205;10;20;128;128
39;0;0.0001;concept1;0.02305134704752388;None;0.043314011068380585;0.9769486529524761;10;20;128;128
39;1;0.0001;concept2;0.0071711056355979914;None;0.016270082851613996;0.992828894364402;10;20;128;128
39;2;0.0001;concept3;0.011845442044014162;None;0.017084130457560076;0.9881545579559858;10;20;128;128
40;0;0.0001;concept1;0.02289208295563805;None;0.04313688036594134;0.977107917044362;10;20;128;128
40;1;0.0001;concept2;0.007107537315033132;None;0.016090115543019014;0.9928924626849669;10;20;128;128
40;2;0.0001;concept3;0.01017854920986841;None;0.01567146548989119;0.9898214507901316;10;20;128;128
41;0;0.0001;concept1;0.022722035589399114;None;0.043054106269472175;0.9772779644106009;10;20;128;128
41;1;0.0001;concept2;0.007206921429692916;None;0.015816381654485373;0.9927930785703071;10;20;128;128
41;2;0.0001;concept3;0.009845038586290036;None;0.015357659003602614;0.99015496141371;10;20;128;128
42;0;0.0001;concept1;0.022591762165736762;None;0.042948749537892746;0.9774082378342632;10;20;128;128
42;1;0.0001;concept2;0.007029912495213992;None;0.01606561793187409;0.992970087504786;10;20;128;128
42;2;0.0001;concept3;0.009847466398509702;None;0.01537653229551083;0.9901525336014902;10;20;128;128
43;0;0.0001;concept1;0.022460333178387915;None;0.04285511663009796;0.9775396668216121;10;20;128;128
43;1;0.0001;concept2;0.007477798226295666;None;0.01600710248497873;0.9925222017737043;10;20;128;128
43;2;0.0001;concept3;0.012379628485134785;None;0.017617842399346006;0.9876203715148653;10;20;128;128
44;0;0.0001;concept1;0.0222974798342501;None;0.042776549757904764;0.9777025201657499;10;20;128;128
44;1;0.0001;concept2;0.007059998623271413;None;0.016157567695213742;0.9929400013767286;10;20;128;128
44;2;0.0001;concept3;0.011100167995523331;None;0.016539141758603083;0.9888998320044766;10;20;128;128
45;0;0.0001;concept1;0.02221875289098774;None;0.04269965426225481;0.9777812471090123;10;20;128;128
45;1;0.0001;concept2;0.007407469164128179;None;0.015972261034260162;0.9925925308358718;10;20;128;128
45;2;0.0001;concept3;0.00933764002534781;None;0.014837344850472927;0.9906623599746522;10;20;128;128
46;0;0.0001;concept1;0.022111612853998305;None;0.0426469447734673;0.9778883871460017;10;20;128;128
46;1;0.0001;concept2;0.006945754853182528;None;0.015967571712382476;0.9930542451468175;10;20;128;128
46;2;0.0001;concept3;0.010629501370262622;None;0.01614663772186318;0.9893704986297374;10;20;128;128
47;0;0.0001;concept1;0.022001013820339352;None;0.04261075764237467;0.9779989861796606;10;20;128;128
47;1;0.0001;concept2;0.00740188632687002;None;0.015993578949396844;0.99259811367313;10;20;128;128
47;2;0.0001;concept3;0.010036749876044424;None;0.015613908450798108;0.9899632501239556;10;20;128;128
48;0;0.0001;concept1;0.021862376114653217;None;0.042518688869495884;0.9781376238853468;10;20;128;128
48;1;0.0001;concept2;0.023411884063990328;None;0.03538925396895794;0.9765881159360097;10;20;128;128
48;2;0.0001;concept3;0.0090518479592241;None;0.014553493708748713;0.9909481520407759;10;20;128;128
49;0;0.0001;concept1;0.021732470756398867;None;0.042427999100440275;0.9782675292436012;10;20;128;128
49;1;0.0001;concept2;0.007091609060611694;None;0.015735543170993134;0.9929083909393883;10;20;128;128
49;2;0.0001;concept3;0.009330889816035314;None;0.014949498224390201;0.9906691101839646;10;20;128;128
50;0;0.0001;concept1;0.023633177153842836;None;0.032304477133878705;0.9763668228461572;10;20;128;128
50;1;0.0001;concept2;0.003046709673597583;None;0.024528882595469828;0.9969532903264025;10;20;128;128
50;2;0.0001;concept3;0.003674661597730979;None;0.03275169344000496;0.996325338402269;10;20;128;128
51;0;0.0001;concept1;0.022092411382460243;None;0.03116928003427861;0.9779075886175398;10;20;128;128
51;1;0.0001;concept2;0.0028461477029727905;None;0.023585778454615056;0.9971538522970272;10;20;128;128
51;2;0.0001;concept3;0.0035696407229552246;None;0.03274727918184032;0.9964303592770448;10;20;128;128
52;0;0.0001;concept1;0.021677118109346076;None;0.030795798979066827;0.978322881890654;10;20;128;128
52;1;0.0001;concept2;0.002704529530505072;None;0.02298105387015337;0.997295470469495;10;20;128;128
52;2;0.0001;concept3;0.003483844343676489;None;0.030969010945284873;0.9965161556563236;10;20;128;128
53;0;0.0001;concept1;0.022644306624016553;None;0.03123869224790041;0.9773556933759835;10;20;128;128
53;1;0.0001;concept2;0.0025873257985414514;None;0.02247078729912028;0.9974126742014585;10;20;128;128
53;2;0.0001;concept3;0.003329436931401694;None;0.031133676225248957;0.9966705630685984;10;20;128;128
54;0;0.0001;concept1;0.022704046917037195;None;0.03130671262730604;0.9772959530829628;10;20;128;128
54;1;0.0001;concept2;0.0025019993231482174;None;0.022093523772773113;0.9974980006768518;10;20;128;128
54;2;0.0001;concept3;0.0032903843021709895;None;0.03097336217744921;0.996709615697829;10;20;128;128
55;0;0.0001;concept1;0.02350651837348762;None;0.03174045394915738;0.9764934816265124;10;20;128;128
55;1;0.0001;concept2;0.0024277460473365545;None;0.021744154220335005;0.9975722539526635;10;20;128;128
55;2;0.0001;concept3;0.0032075236075474935;None;0.029896419761928944;0.9967924763924525;10;20;128;128
56;0;0.0001;concept1;0.023288873091875422;None;0.031682816679451394;0.9767111269081246;10;20;128;128
56;1;0.0001;concept2;0.0023617529791567526;None;0.021421148614099796;0.9976382470208432;10;20;128;128
56;2;0.0001;concept3;0.003174729169070047;None;0.029543129975668703;0.99682527083093;10;20;128;128
57;0;0.0001;concept1;0.023442783352031774;None;0.03177412778515732;0.9765572166479682;10;20;128;128
57;1;0.0001;concept2;0.0023068007749935562;None;0.021150571388590802;0.9976931992250064;10;20;128;128
57;2;0.0001;concept3;0.0031221303357982432;None;0.02933280477630744;0.9968778696642018;10;20;128;128
58;0;0.0001;concept1;0.023256659992169883;None;0.031646764947566915;0.9767433400078301;10;20;128;128
58;1;0.0001;concept2;0.0022588766977658173;None;0.020900639124137043;0.9977411233022342;10;20;128;128
58;2;0.0001;concept3;0.0031026170579358304;None;0.0293107094494564;0.9968973829420642;10;20;128;128
59;0;0.0001;concept1;0.0238948068605123;None;0.03192615927851802;0.9761051931394877;10;20;128;128
59;1;0.0001;concept2;0.0022122610626184743;None;0.020654690946010055;0.9977877389373815;10;20;128;128
59;2;0.0001;concept3;0.003056015177812055;None;0.02897303621385638;0.9969439848221879;10;20;128;128
60;0;0.0001;concept1;0.02377334867829522;None;0.03183529863659632;0.9762266513217048;10;20;128;128
60;1;0.0001;concept2;0.002173369649629587;None;0.020455185663555735;0.9978266303503704;10;20;128;128
60;2;0.0001;concept3;0.003044412992828895;None;0.02902264513275249;0.9969555870071711;10;20;128;128
61;0;0.0001;concept1;0.02298607820768329;None;0.03132497104902557;0.9770139217923167;10;20;128;128
61;1;0.0001;concept2;0.00213547850064586;None;0.020256528411821455;0.9978645214993541;10;20;128;128
61;2;0.0001;concept3;0.00303406072740144;None;0.028824781587774954;0.9969659392725986;10;20;128;128
62;0;0.0001;concept1;0.02313952141146942;None;0.03135081917133822;0.9768604785885305;10;20;128;128
62;1;0.0001;concept2;0.0021009673152694833;None;0.020067632149574664;0.9978990326847306;10;20;128;128
62;2;0.0001;concept3;0.0030228414579763227;None;0.028384531606478535;0.9969771585420236;10;20;128;128
63;0;0.0001;concept1;0.02315520982867167;None;0.03134555661357084;0.9768447901713283;10;20;128;128
63;1;0.0001;concept2;0.0020656840628540053;None;0.01986998054228728;0.997934315937146;10;20;128;128
63;2;0.0001;concept3;0.0030041095875597674;None;0.02846212087960703;0.9969958904124402;10;20;128;128
64;0;0.0001;concept1;0.02307797776589273;None;0.03133416189511118;0.9769220222341073;10;20;128;128
64;1;0.0001;concept2;0.002033212678310146;None;0.019689100763565514;0.9979667873216899;10;20;128;128
64;2;0.0001;concept3;0.0029766569642415354;None;0.028096919646599522;0.9970233430357585;10;20;128;128
65;0;0.0001;concept1;0.023337166869767948;None;0.031427578404846473;0.976662833130232;10;20;128;128
65;1;0.0001;concept2;0.0020016462708624685;None;0.019513829625445154;0.9979983537291375;10;20;128;128
65;2;0.0001;concept3;0.0029494031863759452;None;0.0278244112317451;0.9970505968136241;10;20;128;128
66;0;0.0001;concept1;0.023642129833784314;None;0.03160613075929333;0.9763578701662157;10;20;128;128
66;1;0.0001;concept2;0.0019737711250627384;None;0.019363946369170944;0.9980262288749373;10;20;128;128
66;2;0.0001;concept3;0.0034709144194675205;None;0.031945302910736426;0.9965290855805324;10;20;128;128
67;0;0.0001;concept1;0.023490069724029748;None;0.031380219666641174;0.9765099302759702;10;20;128;128
67;1;0.0001;concept2;0.001954980183622946;None;0.019261704094596818;0.998045019816377;10;20;128;128
67;2;0.0001;concept3;0.0029702417139157752;None;0.027742454553436068;0.9970297582860842;10;20;128;128
68;0;0.0001;concept1;0.023577638519217983;None;0.03142594338705898;0.976422361480782;10;20;128;128
68;1;0.0001;concept2;0.0019283386305410039;None;0.019110505068741856;0.998071661369459;10;20;128;128
68;2;0.0001;concept3;0.003498182225591301;None;0.03206625453938696;0.9965018177744087;10;20;128;128
69;0;0.0001;concept1;0.023491108361861683;None;0.03133530178826557;0.9765088916381384;10;20;128;128
69;1;0.0001;concept2;0.0019062830314229107;None;0.018989182106897772;0.9980937169685771;10;20;128;128
69;2;0.0001;concept3;0.0030621132225630275;None;0.027317684282015836;0.996937886777437;10;20;128;128
70;0;0.0001;concept1;0.023717238627213602;None;0.03154673896254034;0.9762827613727864;10;20;128;128
70;1;0.0001;concept2;0.0018880458208758361;None;0.018879749162021047;0.9981119541791241;10;20;128;128
70;2;0.0001;concept3;0.003165575638246493;None;0.027918791265272618;0.9968344243617535;10;20;128;128
71;0;0.0001;concept1;0.023633396479637688;None;0.03147680717996708;0.9763666035203623;10;20;128;128
71;1;0.0001;concept2;0.0018630210998309572;None;0.018726166723841843;0.9981369789001691;10;20;128;128
71;2;0.0001;concept3;0.002906909946018479;None;0.027666732064924655;0.9970930900539815;10;20;128;128
72;0;0.0001;concept1;0.023665164241145238;None;0.03158903502039644;0.9763348357588547;10;20;128;128
72;1;0.0001;concept2;0.0018498112883201091;None;0.01864374957208219;0.9981501887116799;10;20;128;128
72;2;0.0001;concept3;0.003084801756393743;None;0.027348604549252878;0.9969151982436063;10;20;128;128
73;0;0.0001;concept1;0.023726526066603693;None;0.031598164556206745;0.9762734739333963;10;20;128;128
73;1;0.0001;concept2;0.0018320891821559378;None;0.018536290973416573;0.9981679108178441;10;20;128;128
73;2;0.0001;concept3;0.0028782147521835048;None;0.02636120954404961;0.9971217852478165;10;20;128;128
74;0;0.0001;concept1;0.023893790743491416;None;0.03165214868786853;0.9761062092565086;10;20;128;128
74;1;0.0001;concept2;0.0018204207553212338;None;0.018462408689874078;0.9981795792446788;10;20;128;128
74;2;0.0001;concept3;0.0031925750877581736;None;0.03014150946914237;0.9968074249122418;10;20;128;128
75;0;0.0001;concept1;0.023568580005642117;None;0.03146310482649655;0.9764314199943579;10;20;128;128
75;1;0.0001;concept2;0.001801765696941267;None;0.01835024958885646;0.9981982343030588;10;20;128;128
75;2;0.0001;concept3;0.002786364260816684;None;0.026314218195316482;0.9972136357391833;10;20;128;128
76;0;0.0001;concept1;0.023571162289243934;None;0.03149969828964526;0.9764288377107561;10;20;128;128
76;1;0.0001;concept2;0.0017819391342907686;None;0.018226098636743192;0.9982180608657092;10;20;128;128
76;2;0.0001;concept3;0.0030505871110751612;None;0.02911188657642261;0.9969494128889248;10;20;128;128
77;0;0.0001;concept1;0.023752950351885193;None;0.03162948905864113;0.9762470496481148;10;20;128;128
77;1;0.0001;concept2;0.0017767571028089878;None;0.018190937929442583;0.998223242897191;10;20;128;128
77;2;0.0001;concept3;0.0027819716752914246;None;0.026491750064605017;0.9972180283247086;10;20;128;128
78;0;0.0001;concept1;0.023660509475949554;None;0.031645593197497025;0.9763394905240504;10;20;128;128
78;1;0.0001;concept2;0.0017606917376277757;None;0.0180904247595295;0.9982393082623722;10;20;128;128
78;2;0.0001;concept3;0.0029194853552808385;None;0.028085562532014212;0.9970805146447191;10;20;128;128
79;0;0.0001;concept1;0.023443560266596667;None;0.031588756602972674;0.9765564397334033;10;20;128;128
79;1;0.0001;concept2;0.0017512807130215132;None;0.018033287896706027;0.9982487192869784;10;20;128;128
79;2;0.0001;concept3;0.0027617365889578607;None;0.02626924105758929;0.9972382634110422;10;20;128;128
80;0;0.0001;concept1;0.023531233652105438;None;0.03164274222460374;0.9764687663478946;10;20;128;128
80;1;0.0001;concept2;0.0017363726015240295;None;0.01794061423293342;0.998263627398476;10;20;128;128
80;2;0.0001;concept3;0.0030855932752217757;None;0.027267490330672;0.9969144067247783;10;20;128;128
81;0;0.0001;concept1;0.02376876901384446;None;0.03181955999798706;0.9762312309861555;10;20;128;128
81;1;0.0001;concept2;0.0017186403930656822;None;0.017839901026923656;0.9982813596069343;10;20;128;128
81;2;0.0001;concept3;0.0027898677530439936;None;0.02677425368791949;0.997210132246956;10;20;128;128
82;0;0.0001;concept1;0.023457335294092378;None;0.03158161137491889;0.9765426647059077;10;20;128;128
82;1;0.0001;concept2;0.001712643088677768;None;0.017813606343337163;0.9982873569113222;10;20;128;128
82;2;0.0001;concept3;0.0026677024363288946;None;0.025612541261350506;0.9973322975636711;10;20;128;128
83;0;0.0001;concept1;0.023566268229867217;None;0.03165981591391579;0.9764337317701328;10;20;128;128
83;1;0.0001;concept2;0.001696098757140857;None;0.017726037247913457;0.9983039012428592;10;20;128;128
83;2;0.0001;concept3;0.0026610622879164143;None;0.02548951507765118;0.9973389377120836;10;20;128;128
84;0;0.0001;concept1;0.023534924716124884;None;0.03160017695282488;0.9764650752838752;10;20;128;128
84;1;0.0001;concept2;0.001684275514911665;None;0.017664182979829322;0.9983157244850883;10;20;128;128
84;2;0.0001;concept3;0.002663040523988507;None;0.025369429010135107;0.9973369594760115;10;20;128;128
85;0;0.0001;concept1;0.023493377860821184;None;0.031649914168198776;0.9765066221391788;10;20;128;128
85;1;0.0001;concept2;0.0016707961312144195;None;0.017593938972687934;0.9983292038687855;10;20;128;128
85;2;0.0001;concept3;0.0028219365935291856;None;0.025969007663679093;0.9971780634064709;10;20;128;128
86;0;0.0001;concept1;0.023631698248315167;None;0.03173721629296739;0.9763683017516849;10;20;128;128
86;1;0.0001;concept2;0.001655132057113647;None;0.017507497513540724;0.9983448679428863;10;20;128;128
86;2;0.0001;concept3;0.002706593217346245;None;0.026085619742934527;0.9972934067826538;10;20;128;128
87;0;0.0001;concept1;0.023563700441482014;None;0.03172213996432693;0.976436299558518;10;20;128;128
87;1;0.0001;concept2;0.0016484361229914487;None;0.017475601064512642;0.9983515638770085;10;20;128;128
87;2;0.0001;concept3;0.0026823690246181343;None;0.0253089555018869;0.9973176309753818;10;20;128;128
88;0;0.0001;concept1;0.0238785492125875;None;0.031839797270450616;0.9761214507874125;10;20;128;128
88;1;0.0001;concept2;0.0016355610961742415;None;0.01740756752542357;0.9983644389038258;10;20;128;128
88;2;0.0001;concept3;0.0026630750096828704;None;0.025250026841771304;0.9973369249903171;10;20;128;128
89;0;0.0001;concept1;0.02325498208887763;None;0.03149885342903258;0.9767450179111223;10;20;128;128
89;1;0.0001;concept2;0.0016273220684066105;None;0.017364944977994602;0.9983726779315933;10;20;128;128
89;2;0.0001;concept3;0.0026484055737999663;None;0.02530356671790707;0.9973515944262;10;20;128;128
90;0;0.0001;concept1;0.023321365986455598;None;0.03136757894666894;0.9766786340135444;10;20;128;128
90;1;0.0001;concept2;0.0016178872510357741;None;0.01730733362300877;0.9983821127489643;10;20;128;128
90;2;0.0001;concept3;0.00263423731303819;None;0.025166578263671635;0.9973657626869619;10;20;128;128
91;0;0.0001;concept1;0.022974678445085384;None;0.03138879055513472;0.9770253215549146;10;20;128;128
91;1;0.0001;concept2;0.001610434771299406;None;0.017260927465611524;0.9983895652287006;10;20;128;128
91;2;0.0001;concept3;0.0031227138420032133;None;0.029191619180554462;0.9968772861579968;10;20;128;128
92;0;0.0001;concept1;0.023080550297917817;None;0.0313608251825567;0.9769194497020822;10;20;128;128
92;1;0.0001;concept2;0.0016060285284175651;None;0.017232170759382805;0.9983939714715825;10;20;128;128
92;2;0.0001;concept3;0.0026655037369953095;None;0.02586047957310779;0.9973344962630047;10;20;128;128
93;0;0.0001;concept1;0.023268533046765218;None;0.03143050937732709;0.9767314669532348;10;20;128;128
93;1;0.0001;concept2;0.0016002358699485693;None;0.017191640681980095;0.9983997641300514;10;20;128;128
93;2;0.0001;concept3;0.002524004717986753;None;0.02446600603204696;0.9974759952820133;10;20;128;128
94;0;0.0001;concept1;0.023656132880697865;None;0.03161003668728971;0.9763438671193021;10;20;128;128
94;1;0.0001;concept2;0.0015934156339609403;None;0.017146951750036925;0.998406584366039;10;20;128;128
94;2;0.0001;concept3;0.002603218357781943;None;0.025223962644554697;0.997396781642218;10;20;128;128
95;0;0.0001;concept1;0.023222837190763332;None;0.03140560176871404;0.9767771628092367;10;20;128;128
95;1;0.0001;concept2;0.0015845718412908002;None;0.017085744761150712;0.9984154281587092;10;20;128;128
95;2;0.0001;concept3;0.002535510513654272;None;0.02453495452586837;0.9974644894863457;10;20;128;128
96;0;0.0001;concept1;0.023965997844153587;None;0.031835494162716076;0.9760340021558465;10;20;128;128
96;1;0.0001;concept2;0.0015764680442036782;None;0.017029743176290812;0.9984235319557964;10;20;128;128
96;2;0.0001;concept3;0.00253504911546388;None;0.024577099780650105;0.9974649508845361;10;20;128;128
97;0;0.0001;concept1;0.024224535729944444;None;0.031941130230061524;0.9757754642700556;10;20;128;128
97;1;0.0001;concept2;0.0015701791339237652;None;0.016981537590270684;0.9984298208660762;10;20;128;128
97;2;0.0001;concept3;0.0025830097697346122;None;0.02511586513006286;0.9974169902302654;10;20;128;128
98;0;0.0001;concept1;0.02342862689526229;None;0.031617447429829366;0.9765713731047377;10;20;128;128
98;1;0.0001;concept2;0.0015638126665425594;None;0.016931645471333873;0.9984361873334574;10;20;128;128
98;2;0.0001;concept3;0.0026411957515117693;None;0.0248412270378067;0.9973588042484882;10;20;128;128
99;0;0.0001;concept1;0.023667812198939542;None;0.03177376143405981;0.9763321878010605;10;20;128;128
99;1;0.0001;concept2;0.0015580802704155828;None;0.016889950461190174;0.9984419197295844;10;20;128;128
99;2;0.0001;concept3;0.0025858092763358397;None;0.025140561203889175;0.9974141907236641;10;20;128;128
100;0;0.0001;concept1;0.028743475428156896;None;0.0418486596995158;0.9712565245718431;10;20;128;128
100;1;0.0001;concept2;0.004371771541462794;None;0.011476102001912805;0.9956282284585372;10;20;128;128
100;2;0.0001;concept3;0.13897454782678703;None;0.16193705249939097;0.861025452173213;10;20;128;128
101;0;0.0001;concept1;0.027894100604396573;None;0.041431536960262846;0.9721058993956034;10;20;128;128
101;1;0.0001;concept2;0.005819844600054041;None;0.0138568544143291;0.994180155399946;10;20;128;128
101;2;0.0001;concept3;0.10461703371315925;None;0.13609633221352335;0.8953829662868408;10;20;128;128
102;0;0.0001;concept1;0.027554247146751854;None;0.041006712034069595;0.9724457528532482;10;20;128;128
102;1;0.0001;concept2;0.00663068938067827;None;0.015026756007667083;0.9933693106193218;10;20;128;128
102;2;0.0001;concept3;0.10571703489649939;None;0.1368950234653162;0.8942829651035006;10;20;128;128
103;0;0.0001;concept1;0.02648085206894622;None;0.04062821732604087;0.9735191479310538;10;20;128;128
103;1;0.0001;concept2;0.006372332448078448;None;0.014660539086867866;0.9936276675519216;10;20;128;128
103;2;0.0001;concept3;0.10472905590308466;None;0.1358722670967215;0.8952709440969153;10;20;128;128
104;0;0.0001;concept1;0.0271153015978922;None;0.040865246998260385;0.9728846984021078;10;20;128;128
104;1;0.0001;concept2;0.00609686407073486;None;0.014285385959234767;0.9939031359292652;10;20;128;128
104;2;0.0001;concept3;0.09752965580918907;None;0.12818897579695787;0.902470344190811;10;20;128;128
105;0;0.0001;concept1;0.02802160188011525;None;0.04109508049850291;0.9719783981198847;10;20;128;128
105;1;0.0001;concept2;0.0062915411775787775;None;0.014554812967734759;0.9937084588224212;10;20;128;128
105;2;0.0001;concept3;0.09668841681782678;None;0.12880124496076598;0.9033115831821732;10;20;128;128
106;0;0.0001;concept1;0.027747348524068474;None;0.04096496383195003;0.9722526514759315;10;20;128;128
106;1;0.0001;concept2;0.006474756346318206;None;0.014795647767648886;0.9935252436536818;10;20;128;128
106;2;0.0001;concept3;0.10351700332611048;None;0.1363028547021567;0.8964829966738895;10;20;128;128
107;0;0.0001;concept1;0.028319549554512494;None;0.04112690261820274;0.9716804504454875;10;20;128;128
107;1;0.0001;concept2;0.005595603816808328;None;0.013534013281331558;0.9944043961831917;10;20;128;128
107;2;0.0001;concept3;0.10327307510838994;None;0.1365796365714653;0.8967269248916101;10;20;128;128
108;0;0.0001;concept1;0.0285327863144033;None;0.04118411950810153;0.9714672136855967;10;20;128;128
108;1;0.0001;concept2;0.00464817739080928;None;0.012052447469943042;0.9953518226091908;10;20;128;128
108;2;0.0001;concept3;0.10335540421044977;None;0.13687381259937845;0.8966445957895502;10;20;128;128
109;0;0.0001;concept1;0.02825243360713234;None;0.04104910498941078;0.9717475663928676;10;20;128;128
109;1;0.0001;concept2;0.004819072333880996;None;0.012181552331723595;0.995180927666119;10;20;128;128
109;2;0.0001;concept3;0.10584341402582703;None;0.13882102457288634;0.894156585974173;10;20;128;128
110;0;0.0001;concept1;0.028568680927183114;None;0.041231994023968536;0.9714313190728169;10;20;128;128
110;1;0.0001;concept2;0.004598001493506388;None;0.011941821007963314;0.9954019985064936;10;20;128;128
110;2;0.0001;concept3;0.09742999289055955;None;0.1287215354155939;0.9025700071094405;10;20;128;128
111;0;0.0001;concept1;0.028393172903790547;None;0.04125104671974312;0.9716068270962095;10;20;128;128
111;1;0.0001;concept2;0.004755291954991222;None;0.012193358499729032;0.9952447080450088;10;20;128;128
111;2;0.0001;concept3;0.10919187180723951;None;0.14157240646305466;0.8908081281927605;10;20;128;128
112;0;0.0001;concept1;0.02857265789904188;None;0.041275899099765555;0.9714273421009582;10;20;128;128
112;1;0.0001;concept2;0.004887707925185364;None;0.012314652176190075;0.9951122920748147;10;20;128;128
112;2;0.0001;concept3;0.10682977862716296;None;0.13949028888422127;0.8931702213728371;10;20;128;128
113;0;0.0001;concept1;0.02824003524479822;None;0.04112178236218939;0.9717599647552018;10;20;128;128
113;1;0.0001;concept2;0.0056401737552677;None;0.01342126753081456;0.9943598262447323;10;20;128;128
113;2;0.0001;concept3;0.0984816072581878;None;0.12977162371934434;0.9015183927418122;10;20;128;128
114;0;0.0001;concept1;0.028010906385846975;None;0.041075677590112755;0.971989093614153;10;20;128;128
114;1;0.0001;concept2;0.008689425138870463;None;0.017543268002483424;0.9913105748611295;10;20;128;128
114;2;0.0001;concept3;0.10831082439085404;None;0.1410628462974089;0.891689175609146;10;20;128;128
115;0;0.0001;concept1;0.027953942871149256;None;0.041016225111081314;0.9720460571288507;10;20;128;128
115;1;0.0001;concept2;0.004966038109096661;None;0.01239943103081324;0.9950339618909033;10;20;128;128
115;2;0.0001;concept3;0.10790634279148513;None;0.14080659755311534;0.8920936572085149;10;20;128;128
116;0;0.0001;concept1;0.0276875333842654;None;0.04091988433321446;0.9723124666157346;10;20;128;128
116;1;0.0001;concept2;0.004774968825029846;None;0.012144162429564388;0.9952250311749702;10;20;128;128
116;2;0.0001;concept3;0.10495971011419514;None;0.13789445579586995;0.8950402898858049;10;20;128;128
117;0;0.0001;concept1;0.027606818786381694;None;0.040852807544537365;0.9723931812136183;10;20;128;128
117;1;0.0001;concept2;0.004830147922854292;None;0.012228222012520691;0.9951698520771457;10;20;128;128
117;2;0.0001;concept3;0.10233608646365683;None;0.13513747324746797;0.8976639135363432;10;20;128;128
118;0;0.0001;concept1;0.02783317538380709;None;0.040983247972695716;0.9721668246161929;10;20;128;128
118;1;0.0001;concept2;0.004806331897554763;None;0.012190097260174634;0.9951936681024453;10;20;128;128
118;2;0.0001;concept3;0.10206791102414862;None;0.1350879753096672;0.8979320889758514;10;20;128;128
119;0;0.0001;concept1;0.027978465823025333;None;0.040976325160458134;0.9720215341769747;10;20;128;128
119;1;0.0001;concept2;0.004731249558844531;None;0.012065082672273955;0.9952687504411555;10;20;128;128
119;2;0.0001;concept3;0.10067369632699005;None;0.13351171902046816;0.8993263036730099;10;20;128;128
120;0;0.0001;concept1;0.027634002613594673;None;0.040850041263657225;0.9723659973864053;10;20;128;128
120;1;0.0001;concept2;0.009006076822061766;None;0.01832204193668473;0.9909939231779382;10;20;128;128
120;2;0.0001;concept3;0.10439646294407882;None;0.1373012585764047;0.8956035370559212;10;20;128;128
121;0;0.0001;concept1;0.027796234900925844;None;0.04100304190806137;0.9722037650990741;10;20;128;128
121;1;0.0001;concept2;0.01673162946973857;None;0.0269383962975877;0.9832683705302614;10;20;128;128
121;2;0.0001;concept3;0.11464056561690707;None;0.14496510269108143;0.885359434383093;10;20;128;128
122;0;0.0001;concept1;0.027643820959356098;None;0.040996904552563385;0.9723561790406439;10;20;128;128
122;1;0.0001;concept2;0.00478821529264602;None;0.012135324881999534;0.9952117847073539;10;20;128;128
122;2;0.0001;concept3;0.10695256349050837;None;0.13922293165531335;0.8930474365094916;10;20;128;128
123;0;0.0001;concept1;0.027968960255554433;None;0.041128436504566046;0.9720310397444456;10;20;128;128
123;1;0.0001;concept2;0.010975433523769063;None;0.020750133554439273;0.9890245664762309;10;20;128;128
123;2;0.0001;concept3;0.10219794688337705;None;0.13495860877908686;0.897802053116623;10;20;128;128
124;0;0.0001;concept1;0.028248985078818418;None;0.04130692649520115;0.9717510149211815;10;20;128;128
124;1;0.0001;concept2;0.005052129362223035;None;0.012390413446031513;0.994947870637777;10;20;128;128
124;2;0.0001;concept3;0.10037733122411037;None;0.1329720093633393;0.8996226687758896;10;20;128;128
125;0;0.0001;concept1;0.028385570324962556;None;0.04136097385347247;0.9716144296750374;10;20;128;128
125;1;0.0001;concept2;0.00550767473286317;None;0.01302454119739723;0.9944923252671368;10;20;128;128
125;2;0.0001;concept3;0.15477077586077007;None;0.17641379441601782;0.84522922413923;10;20;128;128
126;0;0.0001;concept1;0.02813210911376315;None;0.04122764531505014;0.9718678908862368;10;20;128;128
126;1;0.0001;concept2;0.011394674311520171;None;0.0212331064820521;0.9886053256884798;10;20;128;128
126;2;0.0001;concept3;0.11903968776286282;None;0.14838184964386844;0.8809603122371372;10;20;128;128
127;0;0.0001;concept1;0.028637727732998983;None;0.041455323756435805;0.971362272267001;10;20;128;128
127;1;0.0001;concept2;0.005364863166602415;None;0.012807141923624822;0.9946351368333975;10;20;128;128
127;2;0.0001;concept3;0.09821304378699551;None;0.1295112316035878;0.9017869562130045;10;20;128;128
128;0;0.0001;concept1;0.028585225291031975;None;0.041398240544788974;0.971414774708968;10;20;128;128
128;1;0.0001;concept2;0.005650256089829133;None;0.013188875566334593;0.9943497439101708;10;20;128;128
128;2;0.0001;concept3;0.10779073713422398;None;0.13933905168126642;0.8922092628657761;10;20;128;128
129;0;0.0001;concept1;0.028560841345681928;None;0.04139984662758089;0.9714391586543181;10;20;128;128
129;1;0.0001;concept2;0.005631469870384684;None;0.013152795395055353;0.9943685301296153;10;20;128;128
129;2;0.0001;concept3;0.09608864926055784;None;0.1257946335064196;0.9039113507394422;10;20;128;128
130;0;0.0001;concept1;0.028775177180781878;None;0.04153469697664584;0.9712248228192182;10;20;128;128
130;1;0.0001;concept2;0.0052228819193497755;None;0.012561977796245393;0.9947771180806502;10;20;128;128
130;2;0.0001;concept3;0.10704998336944273;None;0.13831960721571526;0.8929500166305573;10;20;128;128
131;0;0.0001;concept1;0.028343853954450122;None;0.04140339462810296;0.9716561460455498;10;20;128;128
131;1;0.0001;concept2;0.0055450830173442165;None;0.013018769498813705;0.9944549169826558;10;20;128;128
131;2;0.0001;concept3;0.09966277597871069;None;0.13151168401270755;0.9003372240212894;10;20;128;128
132;0;0.0001;concept1;0.0287452419525243;None;0.04155411435106644;0.9712547580474757;10;20;128;128
132;1;0.0001;concept2;0.005273833404798916;None;0.012811410949411572;0.9947261665952011;10;20;128;128
132;2;0.0001;concept3;0.09674396736973091;None;0.12635317161469753;0.9032560326302691;10;20;128;128
133;0;0.0001;concept1;0.02946953333998069;None;0.04184382522521122;0.9705304666600193;10;20;128;128
133;1;0.0001;concept2;0.005898276894045869;None;0.013493405056775253;0.9941017231059541;10;20;128;128
133;2;0.0001;concept3;0.10581834147767957;None;0.13630033882214873;0.8941816585223205;10;20;128;128
134;0;0.0001;concept1;0.02919588252596754;None;0.0417522601644444;0.9708041174740325;10;20;128;128
134;1;0.0001;concept2;0.006124537022188657;None;0.013822296641133163;0.9938754629778114;10;20;128;128
134;2;0.0001;concept3;0.10462586999664229;None;0.13574600842797396;0.8953741300033577;10;20;128;128
135;0;0.0001;concept1;0.02890190144851097;None;0.041550132797069;0.971098098551489;10;20;128;128
135;1;0.0001;concept2;0.0061507096773868375;None;0.013853187199763396;0.9938492903226132;10;20;128;128
135;2;0.0001;concept3;0.09612754160812809;None;0.12564785646051715;0.9038724583918719;10;20;128;128
136;0;0.0001;concept1;0.028556007552996227;None;0.041319959894333014;0.9714439924470037;10;20;128;128
136;1;0.0001;concept2;0.005660419258886267;None;0.013140941497016521;0.9943395807411137;10;20;128;128
136;2;0.0001;concept3;0.10541103698733849;None;0.13596952663816297;0.8945889630126616;10;20;128;128
137;0;0.0001;concept1;0.02961851274431382;None;0.04179587695121473;0.9703814872556862;10;20;128;128
137;1;0.0001;concept2;0.006271393186392118;None;0.014012806197910822;0.9937286068136079;10;20;128;128
137;2;0.0001;concept3;0.10656098142698611;None;0.13700865325971365;0.8934390185730139;10;20;128;128
138;0;0.0001;concept1;0.02915604434734999;None;0.0414848684697159;0.97084395565265;10;20;128;128
138;1;0.0001;concept2;0.006351334156744262;None;0.014133349211119405;0.9936486658432557;10;20;128;128
138;2;0.0001;concept3;0.11041163582993681;None;0.14010553799014916;0.8895883641700632;10;20;128;128
139;0;0.0001;concept1;0.029227462550783137;None;0.04153411881062445;0.9707725374492169;10;20;128;128
139;1;0.0001;concept2;0.006436434510465123;None;0.01425408211246084;0.9935635654895348;10;20;128;128
139;2;0.0001;concept3;0.13451386008861108;None;0.1599598286888665;0.8654861399113889;10;20;128;128
140;0;0.0001;concept1;0.028860586456509872;None;0.04132926779154942;0.9711394135434901;10;20;128;128
140;1;0.0001;concept2;0.005889979117879172;None;0.013452906843495918;0.9941100208821209;10;20;128;128
140;2;0.0001;concept3;0.11863304693579266;None;0.1466696147074785;0.8813669530642073;10;20;128;128
141;0;0.0001;concept1;0.028373096538762226;None;0.04106370236749685;0.9716269034612378;10;20;128;128
141;1;0.0001;concept2;0.006271242678688164;None;0.01400343765782901;0.9937287573213118;10;20;128;128
141;2;0.0001;concept3;0.11302361709083776;None;0.14158408328628408;0.8869763829091623;10;20;128;128
142;0;0.0001;concept1;0.029299859882844524;None;0.04149898751362853;0.9707001401171554;10;20;128;128
142;1;0.0001;concept2;0.006434970572653709;None;0.014238097922368683;0.9935650294273463;10;20;128;128
142;2;0.0001;concept3;0.12024345379081669;None;0.14801918534640987;0.8797565462091833;10;20;128;128
143;0;0.0001;concept1;0.029201325899193248;None;0.04148002427895739;0.9707986741008068;10;20;128;128
143;1;0.0001;concept2;0.006651108687110483;None;0.014553204885446057;0.9933488913128895;10;20;128;128
143;2;0.0001;concept3;0.11827301411439041;None;0.14642858889480298;0.8817269858856096;10;20;128;128
144;0;0.0001;concept1;0.029709833461104788;None;0.0416468324366043;0.9702901665388952;10;20;128;128
144;1;0.0001;concept2;0.006569709144580413;None;0.01442900023047567;0.9934302908554196;10;20;128;128
144;2;0.0001;concept3;0.10691038698878529;None;0.13676290813180533;0.8930896130112147;10;20;128;128
145;0;0.0001;concept1;0.02906226985260093;None;0.04131216452590708;0.970937730147399;10;20;128;128
145;1;0.0001;concept2;0.007083367787158774;None;0.015177567648961682;0.9929166322128412;10;20;128;128
145;2;0.0001;concept3;0.10292532865436949;None;0.13296239246835762;0.8970746713456306;10;20;128;128
146;0;0.0001;concept1;0.030231881750343654;None;0.04185328572018424;0.9697681182496564;10;20;128;128
146;1;0.0001;concept2;0.006559831945701678;None;0.014400746621326697;0.9934401680542984;10;20;128;128
146;2;0.0001;concept3;0.1037479323551927;None;0.13395723699028883;0.8962520676448074;10;20;128;128
147;0;0.0001;concept1;0.02925201645935252;None;0.04148361773118357;0.9707479835406475;10;20;128;128
147;1;0.0001;concept2;0.00792230619114051;None;0.01633665719589884;0.9920776938088595;10;20;128;128
147;2;0.0001;concept3;0.1014372580765902;None;0.13163933343769485;0.8985627419234098;10;20;128;128
148;0;0.0001;concept1;0.029687983528625457;None;0.041642608544359944;0.9703120164713745;10;20;128;128
148;1;0.0001;concept2;0.0061078978759258945;None;0.01374193239007133;0.9938921021240741;10;20;128;128
148;2;0.0001;concept3;0.10143294659881692;None;0.1310015934059781;0.898567053401183;10;20;128;128
149;0;0.0001;concept1;0.03015132166162681;None;0.041892268157214786;0.9698486783383732;10;20;128;128
149;1;0.0001;concept2;0.007110201139523398;None;0.015188165799140134;0.9928897988604766;10;20;128;128
149;2;0.0001;concept3;0.10246136901211572;None;0.13284034171190587;0.8975386309878843;10;20;128;128
150;0;0.0001;concept1;0.018633845860996524;None;0.035087858007242484;0.9813661541390035;10;20;128;128
150;1;0.0001;concept2;0.0015373218791617277;None;0.01313354723816874;0.9984626781208382;10;20;128;128
150;2;0.0001;concept3;0.41840592316509884;None;0.0738471195414598;0.5815940768349012;10;20;128;128
151;0;0.0001;concept1;0.018593887002856795;None;0.03512524458844588;0.9814061129971432;10;20;128;128
151;1;0.0001;concept2;0.0015040575475819846;None;0.012857410320428076;0.998495942452418;10;20;128;128
151;2;0.0001;concept3;0.3794955096125255;None;0.07074056134854693;0.6205044903874746;10;20;128;128
152;0;0.0001;concept1;0.018534536588298244;None;0.03511417260268771;0.9814654634117017;10;20;128;128
152;1;0.0001;concept2;0.001490545987193066;None;0.012711639288369546;0.9985094540128069;10;20;128;128
152;2;0.0001;concept3;0.35305489845983823;None;0.06814895670197804;0.6469451015401617;10;20;128;128
153;0;0.0001;concept1;0.01844462586713544;None;0.03508640162540897;0.9815553741328645;10;20;128;128
153;1;0.0001;concept2;0.0014854679133192408;None;0.012626483070863833;0.9985145320866807;10;20;128;128
153;2;0.0001;concept3;0.3320971545546794;None;0.06604856797177855;0.6679028454453206;10;20;128;128
154;0;0.0001;concept1;0.0182394179604491;None;0.03497624378788817;0.9817605820395509;10;20;128;128
154;1;0.0001;concept2;0.0014853972958665561;None;0.012573261542592192;0.9985146027041334;10;20;128;128
154;2;0.0001;concept3;0.31259419606584654;None;0.06381717113633498;0.6874058039341534;10;20;128;128
155;0;0.0001;concept1;0.01836039098769099;None;0.03504486701607455;0.9816396090123091;10;20;128;128
155;1;0.0001;concept2;0.0014866403160836304;None;0.012544691821512325;0.9985133596839164;10;20;128;128
155;2;0.0001;concept3;0.3007906501144873;None;0.06222929867404814;0.6992093498855128;10;20;128;128
156;0;0.0001;concept1;0.01831326527007543;None;0.03497479680072752;0.9816867347299245;10;20;128;128
156;1;0.0001;concept2;0.001489498861690867;None;0.0125261789565391;0.9985105011383091;10;20;128;128
156;2;0.0001;concept3;0.3106188459013459;None;0.06329480732238953;0.6893811540986541;10;20;128;128
157;0;0.0001;concept1;0.018183866439370547;None;0.03491279492430014;0.9818161335606295;10;20;128;128
157;1;0.0001;concept2;0.0014963021925701108;None;0.012530738500833772;0.9985036978074299;10;20;128;128
157;2;0.0001;concept3;0.3052121410279804;None;0.06245246360315443;0.6947878589720196;10;20;128;128
158;0;0.0001;concept1;0.018098968163473818;None;0.034836577082423784;0.9819010318365262;10;20;128;128
158;1;0.0001;concept2;0.0015000831926798765;None;0.012538673496138103;0.9984999168073201;10;20;128;128
158;2;0.0001;concept3;0.30080837667430793;None;0.06161324718078752;0.6991916233256921;10;20;128;128
159;0;0.0001;concept1;0.018015411135648272;None;0.034842455403645;0.9819845888643517;10;20;128;128
159;1;0.0001;concept2;0.0015026954393409563;None;0.012546121543604497;0.998497304560659;10;20;128;128
159;2;0.0001;concept3;0.29799209478472755;None;0.06107728572412048;0.7020079052152723;10;20;128;128
160;0;0.0001;concept1;0.01810570097926455;None;0.034935914776746874;0.9818942990207354;10;20;128;128
160;1;0.0001;concept2;0.001505055068726643;None;0.012557727458516046;0.9984949449312733;10;20;128;128
160;2;0.0001;concept3;0.29495188980666315;None;0.060625338128393325;0.7050481101933368;10;20;128;128
161;0;0.0001;concept1;0.01807498120212741;None;0.03493699203453446;0.9819250187978726;10;20;128;128
161;1;0.0001;concept2;0.0015058825172452879;None;0.012562614176000965;0.9984941174827547;10;20;128;128
161;2;0.0001;concept3;0.2923670746783586;None;0.060262532981051005;0.7076329253216413;10;20;128;128
162;0;0.0001;concept1;0.017901926793700167;None;0.03480913864967887;0.9820980732062998;10;20;128;128
162;1;0.0001;concept2;0.0015061614079961588;None;0.012564615789774743;0.9984938385920038;10;20;128;128
162;2;0.0001;concept3;0.2885340034776879;None;0.05989718959610606;0.7114659965223121;10;20;128;128
163;0;0.0001;concept1;0.017843905469901233;None;0.034791703170991894;0.9821560945300988;10;20;128;128
163;1;0.0001;concept2;0.001506665981255127;None;0.012567864493532066;0.9984933340187448;10;20;128;128
163;2;0.0001;concept3;0.28559900879253525;None;0.05984642990931899;0.7144009912074647;10;20;128;128
164;0;0.0001;concept1;0.01775053471896053;None;0.03472932079085657;0.9822494652810395;10;20;128;128
164;1;0.0001;concept2;0.0015077434080617866;None;0.012572065401846433;0.9984922565919382;10;20;128;128
164;2;0.0001;concept3;0.2832099813345835;None;0.05988132132969952;0.7167900186654164;10;20;128;128
165;0;0.0001;concept1;0.017665339909005182;None;0.03464500310541955;0.9823346600909948;10;20;128;128
165;1;0.0001;concept2;0.0015084611413046917;None;0.012577809679491913;0.9984915388586953;10;20;128;128
165;2;0.0001;concept3;0.2826914282021609;None;0.05999875953003318;0.7173085717978391;10;20;128;128
166;0;0.0001;concept1;0.017552661734214832;None;0.03457386300699111;0.9824473382657851;10;20;128;128
166;1;0.0001;concept2;0.001507909736563242;None;0.012584889219740982;0.9984920902634368;10;20;128;128
166;2;0.0001;concept3;0.2826122448179852;None;0.060200785108629;0.7173877551820147;10;20;128;128
167;0;0.0001;concept1;0.017512380741862423;None;0.03455334101330497;0.9824876192581375;10;20;128;128
167;1;0.0001;concept2;0.001505998119704328;None;0.01258799770641677;0.9984940018802957;10;20;128;128
167;2;0.0001;concept3;0.28318928446488756;None;0.06047979040539826;0.7168107155351124;10;20;128;128
168;0;0.0001;concept1;0.01749387308536572;None;0.03454066554544196;0.9825061269146342;10;20;128;128
168;1;0.0001;concept2;0.0015054450556871214;None;0.012594320831125563;0.9984945549443128;10;20;128;128
168;2;0.0001;concept3;0.2846097453283627;None;0.06086841585503767;0.7153902546716373;10;20;128;128
169;0;0.0001;concept1;0.01742467192413707;None;0.03451690173987793;0.9825753280758629;10;20;128;128
169;1;0.0001;concept2;0.0015027756093396176;None;0.012598330459331137;0.9984972243906604;10;20;128;128
169;2;0.0001;concept3;0.28616229477094646;None;0.06143030441149776;0.7138377052290535;10;20;128;128
170;0;0.0001;concept1;0.01740125744984553;None;0.034514217388101114;0.9825987425501544;10;20;128;128
170;1;0.0001;concept2;0.001500394871774806;None;0.012604604483881131;0.9984996051282252;10;20;128;128
170;2;0.0001;concept3;0.2872917896631063;None;0.061822663181296256;0.7127082103368937;10;20;128;128
171;0;0.0001;concept1;0.017330597998283973;None;0.03444889897517867;0.982669402001716;10;20;128;128
171;1;0.0001;concept2;0.0014981686993779206;None;0.012611815507869469;0.9985018313006221;10;20;128;128
171;2;0.0001;concept3;0.2889196971471489;None;0.062305552074635805;0.7110803028528511;10;20;128;128
172;0;0.0001;concept1;0.01727183622922981;None;0.034404010018355656;0.9827281637707702;10;20;128;128
172;1;0.0001;concept2;0.0014957703681114586;None;0.012616686721538312;0.9985042296318886;10;20;128;128
172;2;0.0001;concept3;0.2904982491813219;None;0.06279962399038821;0.7095017508186781;10;20;128;128
173;0;0.0001;concept1;0.01727826316904277;None;0.03438638367934838;0.9827217368309572;10;20;128;128
173;1;0.0001;concept2;0.0014939172700969572;None;0.012623262942488618;0.998506082729903;10;20;128;128
173;2;0.0001;concept3;0.29260758175113327;None;0.06336768328678158;0.7073924182488667;10;20;128;128
174;0;0.0001;concept1;0.017216219152146724;None;0.03435741803976157;0.9827837808478532;10;20;128;128
174;1;0.0001;concept2;0.0014920107751007726;None;0.012630075290824862;0.9985079892248993;10;20;128;128
174;2;0.0001;concept3;0.29513236788959285;None;0.0639030086429783;0.7048676321104071;10;20;128;128
175;0;0.0001;concept1;0.017137806540101476;None;0.03428824499002591;0.9828621934598986;10;20;128;128
175;1;0.0001;concept2;0.0014903256340786902;None;0.012636711549947329;0.9985096743659213;10;20;128;128
175;2;0.0001;concept3;0.29815145646816454;None;0.06444511587093325;0.7018485435318355;10;20;128;128
176;0;0.0001;concept1;0.017194347859568835;None;0.03432494213525433;0.9828056521404311;10;20;128;128
176;1;0.0001;concept2;0.0014889105172816474;None;0.012645447096884855;0.9985110894827184;10;20;128;128
176;2;0.0001;concept3;0.30010483069378824;None;0.0648285231333054;0.6998951693062118;10;20;128;128
177;0;0.0001;concept1;0.017154671831931822;None;0.03430178556375168;0.9828453281680681;10;20;128;128
177;1;0.0001;concept2;0.0014880441207231723;None;0.012653035347209102;0.9985119558792769;10;20;128;128
177;2;0.0001;concept3;0.30252536873511454;None;0.06519735015484057;0.6974746312648854;10;20;128;128
178;0;0.0001;concept1;0.017147199710883073;None;0.03428585416664871;0.9828528002891169;10;20;128;128
178;1;0.0001;concept2;0.0014874700095857233;None;0.012660161228222184;0.9985125299904143;10;20;128;128
178;2;0.0001;concept3;0.3044292770394948;None;0.06546746285241768;0.6955707229605053;10;20;128;128
179;0;0.0001;concept1;0.01714173347775;None;0.03429462771685821;0.9828582665222501;10;20;128;128
179;1;0.0001;concept2;0.0014870805159754097;None;0.012663328259583261;0.9985129194840245;10;20;128;128
179;2;0.0001;concept3;0.30579747454934;None;0.06562811635488922;0.6942025254506601;10;20;128;128
180;0;0.0001;concept1;0.01711698390294443;None;0.034214449857048836;0.9828830160970555;10;20;128;128
180;1;0.0001;concept2;0.0014878342901865486;None;0.01267050580101835;0.9985121657098135;10;20;128;128
180;2;0.0001;concept3;0.30729601284774893;None;0.06581852112902892;0.6927039871522511;10;20;128;128
181;0;0.0001;concept1;0.017084816010226798;None;0.03419897162939075;0.9829151839897732;10;20;128;128
181;1;0.0001;concept2;0.0014892863873628294;None;0.012679882665441393;0.9985107136126372;10;20;128;128
181;2;0.0001;concept3;0.3077486507651708;None;0.06582796938442366;0.6922513492348292;10;20;128;128
182;0;0.0001;concept1;0.017084251455937033;None;0.03420543887054452;0.9829157485440629;10;20;128;128
182;1;0.0001;concept2;0.0014894618695249523;None;0.012686321272244424;0.9985105381304751;10;20;128;128
182;2;0.0001;concept3;0.30897408894710787;None;0.06591837009561437;0.6910259110528921;10;20;128;128
183;0;0.0001;concept1;0.01706316587429653;None;0.034167529987037426;0.9829368341257034;10;20;128;128
183;1;0.0001;concept2;0.0014891731126331416;None;0.012690677972574825;0.9985108268873668;10;20;128;128
183;2;0.0001;concept3;0.3098512777572254;None;0.06595509103463758;0.6901487222427747;10;20;128;128
184;0;0.0001;concept1;0.017036817698625664;None;0.03412780056049813;0.9829631823013744;10;20;128;128
184;1;0.0001;concept2;0.0014892301208260113;None;0.01269644812310236;0.998510769879174;10;20;128;128
184;2;0.0001;concept3;0.31043828445535904;None;0.06595720199283536;0.689561715544641;10;20;128;128
185;0;0.0001;concept1;0.01710180975594794;None;0.03415347995601505;0.9828981902440521;10;20;128;128
185;1;0.0001;concept2;0.001489942548316305;None;0.01270314343896276;0.9985100574516836;10;20;128;128
185;2;0.0001;concept3;0.3116831774149041;None;0.0660520196620024;0.688316822585096;10;20;128;128
186;0;0.0001;concept1;0.017152650397109365;None;0.03419114584920334;0.9828473496028907;10;20;128;128
186;1;0.0001;concept2;0.0014907971561214232;None;0.012711024455384516;0.9985092028438786;10;20;128;128
186;2;0.0001;concept3;0.3133755419515634;None;0.06619839811455826;0.6866244580484366;10;20;128;128
187;0;0.0001;concept1;0.01715289159980242;None;0.03413268352817149;0.9828471084001976;10;20;128;128
187;1;0.0001;concept2;0.0014919980785593773;None;0.012719839512718245;0.9985080019214406;10;20;128;128
187;2;0.0001;concept3;0.31468438907426965;None;0.06629558600507503;0.6853156109257303;10;20;128;128
188;0;0.0001;concept1;0.017155189581075536;None;0.03414762197426944;0.9828448104189245;10;20;128;128
188;1;0.0001;concept2;0.0014940057893581696;None;0.012730300165003393;0.9985059942106418;10;20;128;128
188;2;0.0001;concept3;0.31443960227121265;None;0.06616999574972451;0.6855603977287874;10;20;128;128
189;0;0.0001;concept1;0.01717465633620329;None;0.034114775957444485;0.9828253436637967;10;20;128;128
189;1;0.0001;concept2;0.0014953197908671965;None;0.012734864019074461;0.9985046802091329;10;20;128;128
189;2;0.0001;concept3;0.3150162694229221;None;0.06616189658577525;0.6849837305770778;10;20;128;128
190;0;0.0001;concept1;0.01714605949171283;None;0.034091963810898546;0.9828539405082872;10;20;128;128
190;1;0.0001;concept2;0.0014969800587963725;None;0.012739652891833887;0.9985030199412036;10;20;128;128
190;2;0.0001;concept3;0.3163399611834158;None;0.06627830421796442;0.6836600388165842;10;20;128;128
191;0;0.0001;concept1;0.017216337667965015;None;0.034083292202382216;0.982783662332035;10;20;128;128
191;1;0.0001;concept2;0.0014981656801302482;None;0.012745070565236499;0.9985018343198697;10;20;128;128
191;2;0.0001;concept3;0.3168262801477232;None;0.06629417945343832;0.6831737198522768;10;20;128;128
192;0;0.0001;concept1;0.01720281038349144;None;0.03408013098045385;0.9827971896165085;10;20;128;128
192;1;0.0001;concept2;0.0014993104170302086;None;0.012751992748864243;0.9985006895829698;10;20;128;128
192;2;0.0001;concept3;0.3174919058706321;None;0.06637732675008069;0.682508094129368;10;20;128;128
193;0;0.0001;concept1;0.017199592442751134;None;0.03408198965050473;0.9828004075572488;10;20;128;128
193;1;0.0001;concept2;0.0014996085254209467;None;0.012758772012910403;0.998500391474579;10;20;128;128
193;2;0.0001;concept3;0.31874217044804126;None;0.06654208607166985;0.6812578295519587;10;20;128;128
194;0;0.0001;concept1;0.017239452273960336;None;0.03407754028060614;0.9827605477260397;10;20;128;128
194;1;0.0001;concept2;0.0014996843517236641;None;0.012762761799076136;0.9985003156482763;10;20;128;128
194;2;0.0001;concept3;0.3206301668612062;None;0.06678877473576579;0.6793698331387938;10;20;128;128
195;0;0.0001;concept1;0.01722970685523249;None;0.034064919988610866;0.9827702931447675;10;20;128;128
195;1;0.0001;concept2;0.0014994048402636022;None;0.012762901774355037;0.9985005951597364;10;20;128;128
195;2;0.0001;concept3;0.32272384292856476;None;0.06709113314652519;0.6772761570714352;10;20;128;128
196;0;0.0001;concept1;0.01722708911977941;None;0.03406002413650096;0.9827729108802206;10;20;128;128
196;1;0.0001;concept2;0.0014988176181632915;None;0.012760818161040268;0.9985011823818367;10;20;128;128
196;2;0.0001;concept3;0.3250680555186192;None;0.06742700912526173;0.6749319444813807;10;20;128;128
197;0;0.0001;concept1;0.01722623424533892;None;0.03400478806126611;0.9827737657546611;10;20;128;128
197;1;0.0001;concept2;0.001498535764655288;None;0.012760590169601849;0.9985014642353447;10;20;128;128
197;2;0.0001;concept3;0.32739705341668746;None;0.06777413054802449;0.6726029465833125;10;20;128;128
198;0;0.0001;concept1;0.01726763315956169;None;0.03402368097716908;0.9827323668404383;10;20;128;128
198;1;0.0001;concept2;0.0014986997688418721;None;0.01276188785323106;0.9985013002311581;10;20;128;128
198;2;0.0001;concept3;0.33008398721285154;None;0.06814503322089295;0.6699160127871484;10;20;128;128
199;0;0.0001;concept1;0.017298219289190012;None;0.03404798671986773;0.9827017807108099;10;20;128;128
199;1;0.0001;concept2;0.0014980728443508117;None;0.012759979290801105;0.9985019271556492;10;20;128;128
199;2;0.0001;concept3;0.33260101058283653;None;0.06848063572142621;0.6673989894171635;10;20;128;128
