0;0;0.0001;concept1;0.7679403101121961;None;0.32877047242096374;0.2320596898878039;10;3;128;128
0;1;0.0001;concept2;2.5849350119906735;None;0.35786850291742106;-1.584935011990674;10;3;128;128
0;2;0.0001;concept3;1.2001094993774317;None;0.18027646231513816;-0.20010949937743194;10;3;128;128
1;0;0.0001;concept1;0.8960252256451986;None;0.36303183458261845;0.1039747743548014;10;3;128;128
1;1;0.0001;concept2;2.652948152493489;None;0.3554956101863192;-1.6529481524934888;10;3;128;128
1;2;0.0001;concept3;0.9535480562832946;None;0.15309175353884383;0.04645194371670536;10;3;128;128
2;0;0.0001;concept1;0.8307769210036255;None;0.3490881178928012;0.16922307899637445;10;3;128;128
2;1;0.0001;concept2;2.4630509271359426;None;0.34275946822275355;-1.4630509271359426;10;3;128;128
2;2;0.0001;concept3;0.8700291185953325;None;0.14561776302313598;0.12997088140466762;10;3;128;128
3;0;0.0001;concept1;0.7940052244071926;None;0.3408762167513382;0.20599477559280732;10;3;128;128
3;1;0.0001;concept2;2.3586213273374836;None;0.33546812522333763;-1.3586213273374836;10;3;128;128
3;2;0.0001;concept3;0.8264220941547961;None;0.14154078031986556;0.17357790584520405;10;3;128;128
4;0;0.0001;concept1;0.7680164329838436;None;0.3349067268737483;0.2319835670161564;10;3;128;128
4;1;0.0001;concept2;2.2871334846128426;None;0.33037127097202346;-1.287133484612843;10;3;128;128
4;2;0.0001;concept3;0.7958855939514043;None;0.13861857526495228;0.20411440604859565;10;3;128;128
5;0;0.0001;concept1;0.7489408793535216;None;0.330489989229346;0.2510591206464785;10;3;128;128
5;1;0.0001;concept2;2.232588351525527;None;0.3264030969907978;-1.2325883515255271;10;3;128;128
5;2;0.0001;concept3;0.7721919518905327;None;0.13632403082901814;0.2278080481094673;10;3;128;128
6;0;0.0001;concept1;0.7334970108295673;None;0.3268363883201506;0.2665029891704328;10;3;128;128
6;1;0.0001;concept2;2.1882401541368592;None;0.32313127507822176;-1.1882401541368592;10;3;128;128
6;2;0.0001;concept3;0.7526805397183268;None;0.13442010768289764;0.24731946028167318;10;3;128;128
7;0;0.0001;concept1;0.7204142899413547;None;0.32367649870187615;0.2795857100586453;10;3;128;128
7;1;0.0001;concept2;2.150581816420212;None;0.32032604415111965;-1.1505818164202122;10;3;128;128
7;2;0.0001;concept3;0.7359412944060327;None;0.13277734319548676;0.2640587055939674;10;3;128;128
8;0;0.0001;concept1;0.7091573386429765;None;0.3209531378011874;0.29084266135702364;10;3;128;128
8;1;0.0001;concept2;2.117875779318087;None;0.3178658383493006;-1.1178757793180867;10;3;128;128
8;2;0.0001;concept3;0.7212128620938573;None;0.13131686045146299;0.27878713790614273;10;3;128;128
9;0;0.0001;concept1;0.6809577547143395;None;0.3140270976273362;0.3190422452856605;10;3;128;128
9;1;0.0001;concept2;2.0319740872022423;None;0.31130824146966796;-1.0319740872022423;10;3;128;128
9;2;0.0001;concept3;0.6835798735856109;None;0.12753266590242004;0.3164201264143892;10;3;128;128
10;0;0.0001;concept1;0.6712762431689236;None;0.31163930115975214;0.32872375683107624;10;3;128;128
10;1;0.0001;concept2;2.002139650109751;None;0.30898581299828626;-1.002139650109751;10;3;128;128
10;2;0.0001;concept3;0.670319913467934;None;0.12618704361701633;0.32968008653206615;10;3;128;128
11;0;0.0001;concept1;0.6624461493993373;None;0.30939680971772815;0.3375538506006627;10;3;128;128
11;1;0.0001;concept2;1.9754242806259428;None;0.30688934399197937;-0.975424280625943;10;3;128;128
11;2;0.0001;concept3;0.6587016949446047;None;0.12499636820372255;0.34129830505539527;10;3;128;128
12;0;0.0001;concept1;0.6545307729178953;None;0.30741591193962625;0.3454692270821048;10;3;128;128
12;1;0.0001;concept2;1.9512030441007457;None;0.30497114574380174;-0.9512030441007457;10;3;128;128
12;2;0.0001;concept3;0.648275923318747;None;0.12391590924877122;0.35172407668125305;10;3;128;128
13;0;0.0001;concept1;0.6363556931857097;None;0.30276631884694877;0.3636443068142903;10;3;128;128
13;1;0.0001;concept2;1.8948573080490212;None;0.3004619951847467;-0.8948573080490212;10;3;128;128
13;2;0.0001;concept3;0.6236532939107914;None;0.12136902932560854;0.3763467060892086;10;3;128;128
14;0;0.0001;concept1;0.6289466425568863;None;0.3007765660184428;0.37105335744311374;10;3;128;128
14;1;0.0001;concept2;1.8724464252343052;None;0.29864383841502967;-0.8724464252343052;10;3;128;128
14;2;0.0001;concept3;0.6139394753999281;None;0.12036482711098485;0.3860605246000719;10;3;128;128
15;0;0.0001;concept1;0.6221028125009687;None;0.29892829142172717;0.37789718749903134;10;3;128;128
15;1;0.0001;concept2;1.8514792335141363;None;0.29693012071755964;-0.8514792335141366;10;3;128;128
15;2;0.0001;concept3;0.6049647607058081;None;0.11943697807320428;0.39503523929419193;10;3;128;128
16;0;0.0001;concept1;0.6156085868783231;None;0.2971160499694777;0.3843914131216769;10;3;128;128
16;1;0.0001;concept2;1.8321234689599317;None;0.29533684170155655;-0.8321234689599317;10;3;128;128
16;2;0.0001;concept3;0.5967690847843276;None;0.1185814692872547;0.40323091521567245;10;3;128;128
17;0;0.0001;concept1;0.6010543829887499;None;0.29307433137596905;0.3989456170112501;10;3;128;128
17;1;0.0001;concept2;1.788333293279511;None;0.2916988124799625;-0.7883332932795111;10;3;128;128
17;2;0.0001;concept3;0.5778786172037302;None;0.1165840722958539;0.42212138279626976;10;3;128;128
18;0;0.0001;concept1;0.5951016324396345;None;0.2914187701018079;0.40489836756036546;10;3;128;128
18;1;0.0001;concept2;1.7701601449773623;None;0.29017267816240977;-0.7701601449773623;10;3;128;128
18;2;0.0001;concept3;0.5701807204532487;None;0.11576106048894153;0.42981927954675125;10;3;128;128
19;0;0.0001;concept1;0.5896920610859392;None;0.2899340915277777;0.4103079389140608;10;3;128;128
19;1;0.0001;concept2;1.7530914975851397;None;0.2887331369678774;-0.7530914975851399;10;3;128;128
19;2;0.0001;concept3;0.5630092899537605;None;0.11498858478546149;0.43699071004623946;10;3;128;128
20;0;0.0001;concept1;0.5848521964850238;None;0.28867106042891516;0.41514780351497615;10;3;128;128
20;1;0.0001;concept2;1.737226017306217;None;0.2873878715735477;-0.7372260173062173;10;3;128;128
20;2;0.0001;concept3;0.556369992572973;None;0.11426692575329533;0.44363000742702696;10;3;128;128
21;0;0.0001;concept1;0.57397948708692;None;0.285976765885271;0.42602051291307996;10;3;128;128
21;1;0.0001;concept2;1.7000643308368015;None;0.2842142941094344;-0.7000643308368015;10;3;128;128
21;2;0.0001;concept3;0.5407521434983391;None;0.11254898645188738;0.459247856501661;10;3;128;128
22;0;0.0001;concept1;0.5694900227222359;None;0.2848381953917307;0.4305099772777641;10;3;128;128
22;1;0.0001;concept2;1.685034898793429;None;0.28291924720067396;-0.6850348987934289;10;3;128;128
22;2;0.0001;concept3;0.5343905662097977;None;0.11184543648980114;0.46560943379020225;10;3;128;128
23;0;0.0001;concept1;0.5654496628555202;None;0.2838746630682529;0.43455033714447977;10;3;128;128
23;1;0.0001;concept2;1.670766944601491;None;0.2816810973195104;-0.6707669446014912;10;3;128;128
23;2;0.0001;concept3;0.5284463853361412;None;0.11118180344316346;0.4715536146638588;10;3;128;128
24;0;0.0001;concept1;0.5618431676643381;None;0.2830900131352741;0.43815683233566194;10;3;128;128
24;1;0.0001;concept2;1.6570886315305422;None;0.28049161388691524;-0.6570886315305424;10;3;128;128
24;2;0.0001;concept3;0.5227922036243051;None;0.11054946220659272;0.4772077963756949;10;3;128;128
25;0;0.0001;concept1;0.5522480228143113;None;0.2806885053002515;0.4477519771856887;10;3;128;128
25;1;0.0001;concept2;1.624678049232416;None;0.27765358525220607;-0.624678049232416;10;3;128;128
25;2;0.0001;concept3;0.5093684100939735;None;0.10902406735096093;0.4906315899060265;10;3;128;128
26;0;0.0001;concept1;0.547931456530252;None;0.2795824403727634;0.4520685434697481;10;3;128;128
26;1;0.0001;concept2;1.6118028890939002;None;0.2765159837210453;-0.6118028890939002;10;3;128;128
26;2;0.0001;concept3;0.5039409660440606;None;0.10840703419178153;0.4960590339559394;10;3;128;128
27;0;0.0001;concept1;0.544160419644386;None;0.27864798711120103;0.455839580355614;10;3;128;128
27;1;0.0001;concept2;1.599319558057635;None;0.2754080360898486;-0.5993195580576351;10;3;128;128
27;2;0.0001;concept3;0.498907524213473;None;0.10783094210149609;0.5010924757865269;10;3;128;128
28;0;0.0001;concept1;0.5405358140742162;None;0.27775804980265606;0.45946418592578375;10;3;128;128
28;1;0.0001;concept2;1.5876133198284936;None;0.27436441410694523;-0.5876133198284936;10;3;128;128
28;2;0.0001;concept3;0.4941531913936977;None;0.10727947366805932;0.5058468086063024;10;3;128;128
29;0;0.0001;concept1;0.5313985448915864;None;0.2753938737608185;0.46860145510841367;10;3;128;128
29;1;0.0001;concept2;1.5581001437580817;None;0.27171397403354436;-0.5581001437580817;10;3;128;128
29;2;0.0001;concept3;0.4823417991985821;None;0.10590153298952926;0.5176582008014179;10;3;128;128
30;0;0.0001;concept1;0.528033265331576;None;0.2745173406726759;0.471966734668424;10;3;128;128
30;1;0.0001;concept2;1.546770587732111;None;0.2706885269445488;-0.546770587732111;10;3;128;128
30;2;0.0001;concept3;0.4778061928479782;None;0.10536942542765992;0.5221938071520218;10;3;128;128
31;0;0.0001;concept1;0.5247373590728261;None;0.2736487156930082;0.47526264092717385;10;3;128;128
31;1;0.0001;concept2;1.5359338977922259;None;0.26970315672045403;-0.5359338977922259;10;3;128;128
31;2;0.0001;concept3;0.473429237254564;None;0.10485090288310714;0.526570762745436;10;3;128;128
32;0;0.0001;concept1;0.5215218287749954;None;0.2727849604098811;0.4784781712250046;10;3;128;128
32;1;0.0001;concept2;1.52533889907873;None;0.2687375635315815;-0.5253388990787298;10;3;128;128
32;2;0.0001;concept3;0.4691976544311045;None;0.10435059360384114;0.5308023455688955;10;3;128;128
33;0;0.0001;concept1;0.513763950204995;None;0.2707436519510575;0.486236049795005;10;3;128;128
33;1;0.0001;concept2;1.4993662018489864;None;0.2663599283075363;-0.4993662018489864;10;3;128;128
33;2;0.0001;concept3;0.4584977241570322;None;0.10307124935539198;0.5415022758429678;10;3;128;128
34;0;0.0001;concept1;0.5108336177416049;None;0.26997470403496515;0.48916638225839515;10;3;128;128
34;1;0.0001;concept2;1.4893585894580414;None;0.2654337412564514;-0.48935858945804167;10;3;128;128
34;2;0.0001;concept3;0.4544567666773499;None;0.1025827292685887;0.5455432333226501;10;3;128;128
35;0;0.0001;concept1;0.5079665775527225;None;0.2692071383072085;0.49203342244727755;10;3;128;128
35;1;0.0001;concept2;1.4797509075602222;None;0.26454404590543096;-0.4797509075602222;10;3;128;128
35;2;0.0001;concept3;0.4505840184897965;None;0.10211654203399874;0.5494159815102035;10;3;128;128
36;0;0.0001;concept1;0.5052183195038126;None;0.268471149497444;0.4947816804961874;10;3;128;128
36;1;0.0001;concept2;1.4706274647945499;None;0.263695602800752;-0.47062746479454987;10;3;128;128
36;2;0.0001;concept3;0.4468088273748649;None;0.10166326882283812;0.5531911726251352;10;3;128;128
37;0;0.0001;concept1;0.4980881931517532;None;0.2665354309311564;0.5019118068482469;10;3;128;128
37;1;0.0001;concept2;1.446531150781683;None;0.26144314789631906;-0.44653115078168315;10;3;128;128
37;2;0.0001;concept3;0.4371309954298281;None;0.10048779340620087;0.562869004570172;10;3;128;128
38;0;0.0001;concept1;0.49549074346626787;None;0.26583971429817604;0.5045092565337321;10;3;128;128
38;1;0.0001;concept2;1.4376443713603504;None;0.2606054348315799;-0.4376443713603506;10;3;128;128
38;2;0.0001;concept3;0.4335808082319089;None;0.1000571301654539;0.5664191917680911;10;3;128;128
39;0;0.0001;concept1;0.4929309655179265;None;0.26514262349961953;0.5070690344820734;10;3;128;128
39;1;0.0001;concept2;1.4290364852456838;None;0.2597929277556629;-0.42903648524568405;10;3;128;128
39;2;0.0001;concept3;0.43013176723631785;None;0.09964015612486588;0.5698682327636821;10;3;128;128
40;0;0.0001;concept1;0.49050403766557255;None;0.26447689120834383;0.5094959623344275;10;3;128;128
40;1;0.0001;concept2;1.42072280176243;None;0.2590052340427511;-0.4207228017624298;10;3;128;128
40;2;0.0001;concept3;0.4268051336167316;None;0.09923645729179241;0.5731948663832684;10;3;128;128
41;0;0.0001;concept1;0.48466238591668476;None;0.26287827588100504;0.5153376140833152;10;3;128;128
41;1;0.0001;concept2;1.4003674423000265;None;0.2570711043193295;-0.40036744230002674;10;3;128;128
41;2;0.0001;concept3;0.4187012166203916;None;0.09823820276634163;0.5812987833796084;10;3;128;128
42;0;0.0001;concept1;0.4823149441088135;None;0.26223246506215186;0.5176850558911865;10;3;128;128
42;1;0.0001;concept2;1.3923728169215175;None;0.25631124708747893;-0.3923728169215175;10;3;128;128
42;2;0.0001;concept3;0.41551328422115885;None;0.09784253743688602;0.5844867157788411;10;3;128;128
43;0;0.0001;concept1;0.4801516935871617;None;0.26165043516214886;0.5198483064128383;10;3;128;128
43;1;0.0001;concept2;1.3845274415316196;None;0.2555564751672819;-0.38452744153161955;10;3;128;128
43;2;0.0001;concept3;0.41238693895598383;None;0.09745086455691597;0.5876130610440162;10;3;128;128
44;0;0.0001;concept1;0.4780129725998525;None;0.26106878211975276;0.5219870274001475;10;3;128;128
44;1;0.0001;concept2;1.376982767652538;None;0.25483217258225777;-0.3769827676525379;10;3;128;128
44;2;0.0001;concept3;0.40940135236498526;None;0.09707793586546588;0.5905986476350147;10;3;128;128
45;0;0.0001;concept1;0.4727466311969523;None;0.25963876192683566;0.5272533688030476;10;3;128;128
45;1;0.0001;concept2;1.358274564697006;None;0.25302947695951455;-0.358274564697006;10;3;128;128
45;2;0.0001;concept3;0.4020635973661126;None;0.09615456434684708;0.5979364026338875;10;3;128;128
46;0;0.0001;concept1;0.4706435917484412;None;0.2590576082842962;0.5293564082515587;10;3;128;128
46;1;0.0001;concept2;1.3509631522251233;None;0.2523192731812353;-0.3509631522251233;10;3;128;128
46;2;0.0001;concept3;0.39916754395975657;None;0.09578760352953195;0.6008324560402434;10;3;128;128
47;0;0.0001;concept1;0.46862140934473917;None;0.25849969773368336;0.5313785906552608;10;3;128;128
47;1;0.0001;concept2;1.3437843158997016;None;0.25162171855119875;-0.3437843158997018;10;3;128;128
47;2;0.0001;concept3;0.39636806455481244;None;0.09543070412138545;0.6036319354451876;10;3;128;128
48;0;0.0001;concept1;0.46662845487177235;None;0.2579423990258163;0.5333715451282277;10;3;128;128
48;1;0.0001;concept2;1.3368738585347641;None;0.25094660128501883;-0.33687385853476437;10;3;128;128
48;2;0.0001;concept3;0.39365248721619045;None;0.09508319114716798;0.6063475127838096;10;3;128;128
49;0;0.0001;concept1;0.4617441763928731;None;0.25658872596787113;0.5382558236071269;10;3;128;128
49;1;0.0001;concept2;1.3195241859808178;None;0.24925012728818774;-0.3195241859808178;10;3;128;128
49;2;0.0001;concept3;0.3867962732568319;None;0.0942063385412347;0.613203726743168;10;3;128;128
50;0;0.0001;concept1;0.6763781814836529;None;0.2558624702099079;0.3236218185163471;10;3;128;128
50;1;0.0001;concept2;0.40623782000364134;None;0.3229830099800831;0.5937621799963586;10;3;128;128
50;2;0.0001;concept3;0.6891114631592656;None;0.47004905513543677;0.31088853684073436;10;3;128;128
51;0;0.0001;concept1;0.6734856018024606;None;0.2553290447948604;0.32651439819753947;10;3;128;128
51;1;0.0001;concept2;0.40341343431075394;None;0.32181605227456667;0.5965865656892462;10;3;128;128
51;2;0.0001;concept3;0.6837989139309358;None;0.46813653471174427;0.31620108606906416;10;3;128;128
52;0;0.0001;concept1;0.6706912361559281;None;0.2548107959449113;0.32930876384407204;10;3;128;128
52;1;0.0001;concept2;0.4006608440994944;None;0.32067269584882946;0.5993391559005057;10;3;128;128
52;2;0.0001;concept3;0.6786128676722876;None;0.4662657794769529;0.32138713232771254;10;3;128;128
53;0;0.0001;concept1;0.6643461231573922;None;0.25361444967660113;0.33565387684260783;10;3;128;128
53;1;0.0001;concept2;0.3942694842401514;None;0.3180167123022536;0.6057305157598486;10;3;128;128
53;2;0.0001;concept3;0.665216717962955;None;0.4614291494219871;0.334783282037045;10;3;128;128
54;0;0.0001;concept1;0.6615994668371805;None;0.25310597878214347;0.3384005331628196;10;3;128;128
54;1;0.0001;concept2;0.3915948910099443;None;0.31689285997378636;0.6084051089900557;10;3;128;128
54;2;0.0001;concept3;0.6602034408479952;None;0.4595919645331711;0.3397965591520048;10;3;128;128
55;0;0.0001;concept1;0.6589188211375825;None;0.2526051675011664;0.3410811788624175;10;3;128;128
55;1;0.0001;concept2;0.38899711963495126;None;0.3157961185428484;0.6110028803650488;10;3;128;128
55;2;0.0001;concept3;0.6553039299767268;None;0.45778717216401255;0.3446960700232732;10;3;128;128
56;0;0.0001;concept1;0.6563346286878028;None;0.2521207469985018;0.3436653713121972;10;3;128;128
56;1;0.0001;concept2;0.3864531165238828;None;0.31471774189417323;0.6135468834761172;10;3;128;128
56;2;0.0001;concept3;0.6505230859832057;None;0.45601649839795116;0.34947691401679426;10;3;128;128
57;0;0.0001;concept1;0.6506803537827758;None;0.2510527709137105;0.34931964621722433;10;3;128;128
57;1;0.0001;concept2;0.38070784691259046;None;0.31228348310491005;0.6192921530874096;10;3;128;128
57;2;0.0001;concept3;0.6385782274106331;None;0.45160712493119587;0.3614217725893668;10;3;128;128
58;0;0.0001;concept1;0.6481196879098411;None;0.25057337976264477;0.3518803120901589;10;3;128;128
58;1;0.0001;concept2;0.37823448363627254;None;0.3112267351901595;0.6217655163637275;10;3;128;128
58;2;0.0001;concept3;0.6339380879230803;None;0.44986606891534975;0.36606191207691985;10;3;128;128
59;0;0.0001;concept1;0.6456350926614228;None;0.25011151143007454;0.3543649073385772;10;3;128;128
59;1;0.0001;concept2;0.3758210173411234;None;0.31019100994964705;0.6241789826588766;10;3;128;128
59;2;0.0001;concept3;0.6293612892290639;None;0.4481459766130084;0.37063871077093613;10;3;128;128
60;0;0.0001;concept1;0.6432280174958431;None;0.24966108036291895;0.35677198250415687;10;3;128;128
60;1;0.0001;concept2;0.37345493066871854;None;0.3091711463435855;0.6265450693312815;10;3;128;128
60;2;0.0001;concept3;0.6249213675435006;None;0.4464731835156081;0.3750786324564994;10;3;128;128
61;0;0.0001;concept1;0.6378492605072602;None;0.2486457735525815;0.3621507394927398;10;3;128;128
61;1;0.0001;concept2;0.368034475767421;None;0.3068325277493206;0.631965524232579;10;3;128;128
61;2;0.0001;concept3;0.6136812748301198;None;0.4422373224359876;0.3863187251698802;10;3;128;128
62;0;0.0001;concept1;0.6355101743110224;None;0.24820853042455246;0.3644898256889777;10;3;128;128
62;1;0.0001;concept2;0.36575993214334135;None;0.30584139097457946;0.6342400678566587;10;3;128;128
62;2;0.0001;concept3;0.60935282013253;None;0.44058518434253413;0.39064717986747;10;3;128;128
63;0;0.0001;concept1;0.6332012385309331;None;0.24777017531333637;0.36679876146906687;10;3;128;128
63;1;0.0001;concept2;0.3635265070215745;None;0.3048649374028066;0.6364734929784255;10;3;128;128
63;2;0.0001;concept3;0.6050970332023757;None;0.4389566329068222;0.39490296679762427;10;3;128;128
64;0;0.0001;concept1;0.6309507299142344;None;0.24734892750200244;0.3690492700857656;10;3;128;128
64;1;0.0001;concept2;0.3613522110718219;None;0.30391206763399176;0.6386477889281781;10;3;128;128
64;2;0.0001;concept3;0.6009925973868215;None;0.43737259003836065;0.39900740261317846;10;3;128;128
65;0;0.0001;concept1;0.625814819409454;None;0.24636977646702587;0.37418518059054606;10;3;128;128
65;1;0.0001;concept2;0.35622975961274606;None;0.30167281516253486;0.643770240387254;10;3;128;128
65;2;0.0001;concept3;0.5904371291035155;None;0.43330896314933115;0.40956287089648447;10;3;128;128
66;0;0.0001;concept1;0.6236663600278548;None;0.24596379945669103;0.3763336399721453;10;3;128;128
66;1;0.0001;concept2;0.3541221606481125;None;0.30074306415442076;0.6458778393518875;10;3;128;128
66;2;0.0001;concept3;0.5864316572241896;None;0.43174708720785765;0.41356834277581034;10;3;128;128
67;0;0.0001;concept1;0.6215547772656718;None;0.24556571834886926;0.37844522273432823;10;3;128;128
67;1;0.0001;concept2;0.3520508993000732;None;0.2998269746509958;0.6479491006999267;10;3;128;128
67;2;0.0001;concept3;0.5824679932494865;None;0.43019771703084103;0.4175320067505134;10;3;128;128
68;0;0.0001;concept1;0.6194601218442286;None;0.24517324862365864;0.3805398781557714;10;3;128;128
68;1;0.0001;concept2;0.3500348772323887;None;0.29893175380093306;0.6499651227676113;10;3;128;128
68;2;0.0001;concept3;0.5786010189852052;None;0.42867315680925344;0.4213989810147948;10;3;128;128
69;0;0.0001;concept1;0.6146064092749458;None;0.24424135563241098;0.3853935907250541;10;3;128;128
69;1;0.0001;concept2;0.3451733500542908;None;0.2967684308933151;0.6548266499457092;10;3;128;128
69;2;0.0001;concept3;0.5686164683475232;None;0.4247444290686445;0.4313835316524769;10;3;128;128
70;0;0.0001;concept1;0.6126031748857189;None;0.24386050621240007;0.3873968251142812;10;3;128;128
70;1;0.0001;concept2;0.34320374612127524;None;0.29588439365228886;0.6567962538787248;10;3;128;128
70;2;0.0001;concept3;0.5648831989369697;None;0.4232590467190879;0.4351168010630303;10;3;128;128
71;0;0.0001;concept1;0.6106129154749671;None;0.2434752049102419;0.389387084525033;10;3;128;128
71;1;0.0001;concept2;0.341274086124248;None;0.2950161373677372;0.6587259138757521;10;3;128;128
71;2;0.0001;concept3;0.5611992027768428;None;0.4217885130879615;0.43880079722315724;10;3;128;128
72;0;0.0001;concept1;0.6086925826125856;None;0.2431079892884506;0.3913074173874145;10;3;128;128
72;1;0.0001;concept2;0.3393908505460629;None;0.2941654841889371;0.6606091494539371;10;3;128;128
72;2;0.0001;concept3;0.5575988626871728;None;0.42035399176571325;0.44240113731282715;10;3;128;128
73;0;0.0001;concept1;0.6041929668950086;None;0.24224280168804804;0.39580703310499143;10;3;128;128
73;1;0.0001;concept2;0.33493005645236307;None;0.29214888984554716;0.6650699435476368;10;3;128;128
73;2;0.0001;concept3;0.5484221302009133;None;0.41670355837713907;0.45157786979908665;10;3;128;128
74;0;0.0001;concept1;0.602334678951049;None;0.2418868571020725;0.397665321048951;10;3;128;128
74;1;0.0001;concept2;0.33309826302342566;None;0.29131277200071193;0.6669017369765744;10;3;128;128
74;2;0.0001;concept3;0.5449061830256965;None;0.41528951063051095;0.4550938169743035;10;3;128;128
75;0;0.0001;concept1;0.6005128847350081;None;0.2415400093309076;0.3994871152649919;10;3;128;128
75;1;0.0001;concept2;0.33130691650276445;None;0.2904916014058638;0.6686930834972356;10;3;128;128
75;2;0.0001;concept3;0.5414993931587024;None;0.41391473322249256;0.45850060684129745;10;3;128;128
76;0;0.0001;concept1;0.5987401059634233;None;0.24120342631490904;0.4012598940365768;10;3;128;128
76;1;0.0001;concept2;0.32953713635586573;None;0.28967890131452895;0.6704628636441343;10;3;128;128
76;2;0.0001;concept3;0.5380916141354571;None;0.4125353254961911;0.46190838586454286;10;3;128;128
77;0;0.0001;concept1;0.5944601587818041;None;0.2403674975078496;0.40553984121819586;10;3;128;128
77;1;0.0001;concept2;0.3252788525993944;None;0.28771777283599803;0.6747211474006056;10;3;128;128
77;2;0.0001;concept3;0.5293721750595142;None;0.408999512020744;0.47062782494048583;10;3;128;128
78;0;0.0001;concept1;0.5926936413201758;None;0.24002543650707162;0.40730635867982434;10;3;128;128
78;1;0.0001;concept2;0.32355556279494113;None;0.286918656778998;0.6764444372050589;10;3;128;128
78;2;0.0001;concept3;0.5260445964493088;None;0.4076370601171326;0.4739554035506913;10;3;128;128
79;0;0.0001;concept1;0.5909256860204557;None;0.23967711795978533;0.4090743139795443;10;3;128;128
79;1;0.0001;concept2;0.32184887350306207;None;0.2861240358893879;0.678151126496938;10;3;128;128
79;2;0.0001;concept3;0.5227813017054374;None;0.4062965152344499;0.47721869829456265;10;3;128;128
80;0;0.0001;concept1;0.5892791944924813;None;0.2393657667295248;0.41072080550751866;10;3;128;128
80;1;0.0001;concept2;0.320195981378987;None;0.28535258107289924;0.679804018621013;10;3;128;128
80;2;0.0001;concept3;0.5195827220751454;None;0.4049765171529531;0.48041727792485456;10;3;128;128
81;0;0.0001;concept1;0.5851438157443082;None;0.23855089553329392;0.4148561842556918;10;3;128;128
81;1;0.0001;concept2;0.31615786012100267;None;0.2834624241970402;0.6838421398789973;10;3;128;128
81;2;0.0001;concept3;0.5113565255381302;None;0.40157280700718184;0.48864347446186984;10;3;128;128
82;0;0.0001;concept1;0.5834712564356512;None;0.2382237778363071;0.4165287435643489;10;3;128;128
82;1;0.0001;concept2;0.3145396270398095;None;0.2826991826964824;0.6854603729601906;10;3;128;128
82;2;0.0001;concept3;0.5082267144698631;None;0.4002677032983456;0.4917732855301369;10;3;128;128
83;0;0.0001;concept1;0.5818492953545522;None;0.23790903615007625;0.4181507046454477;10;3;128;128
83;1;0.0001;concept2;0.3129474069058254;None;0.2819461120612925;0.6870525930941747;10;3;128;128
83;2;0.0001;concept3;0.5051439605027404;None;0.39897882982079924;0.49485603949725965;10;3;128;128
84;0;0.0001;concept1;0.58023778206561;None;0.23759367120283462;0.41976221793439006;10;3;128;128
84;1;0.0001;concept2;0.3113721142336346;None;0.28119905224586456;0.6886278857663655;10;3;128;128
84;2;0.0001;concept3;0.5021013787673191;None;0.3977002735694689;0.4978986212326809;10;3;128;128
85;0;0.0001;concept1;0.5763540935602655;None;0.23682627410322982;0.42364590643973465;10;3;128;128
85;1;0.0001;concept2;0.30753658822685304;None;0.27937423990397453;0.692463411773147;10;3;128;128
85;2;0.0001;concept3;0.494210982773425;None;0.3943754075481495;0.505789017226575;10;3;128;128
86;0;0.0001;concept1;0.5747687132540753;None;0.23650951141482798;0.4252312867459247;10;3;128;128
86;1;0.0001;concept2;0.30600830455917205;None;0.2786424989312914;0.693991695440828;10;3;128;128
86;2;0.0001;concept3;0.4912773693581072;None;0.3931283508668675;0.5087226306418928;10;3;128;128
87;0;0.0001;concept1;0.5732249414861633;None;0.23620579012707424;0.4267750585138367;10;3;128;128
87;1;0.0001;concept2;0.30451161000431914;None;0.27792501205175846;0.6954883899956809;10;3;128;128
87;2;0.0001;concept3;0.48835603836983354;None;0.3918827984995883;0.5116439616301665;10;3;128;128
88;0;0.0001;concept1;0.571697223687626;None;0.23590650557573398;0.428302776312374;10;3;128;128
88;1;0.0001;concept2;0.3030339397111015;None;0.2772143450084359;0.6969660602888985;10;3;128;128
88;2;0.0001;concept3;0.4855057680171389;None;0.3906609334040912;0.5144942319828611;10;3;128;128
89;0;0.0001;concept1;0.5680233008339916;None;0.23517596532761678;0.43197669916600845;10;3;128;128
89;1;0.0001;concept2;0.29944323429624375;None;0.2754809896235752;0.7005567657037564;10;3;128;128
89;2;0.0001;concept3;0.4782428496438305;None;0.387544046539845;0.5217571503561695;10;3;128;128
90;0;0.0001;concept1;0.5665354436751361;None;0.23488024443284336;0.4334645563248639;10;3;128;128
90;1;0.0001;concept2;0.29800457382589746;None;0.274784657697299;0.7019954261741026;10;3;128;128
90;2;0.0001;concept3;0.47545724257154054;None;0.3863362087523524;0.5245427574284595;10;3;128;128
91;0;0.0001;concept1;0.5650367847357931;None;0.23458735257949764;0.434963215264207;10;3;128;128
91;1;0.0001;concept2;0.29659333617124334;None;0.27410116730382017;0.7034066638287567;10;3;128;128
91;2;0.0001;concept3;0.4727172201444789;None;0.38514718020301525;0.5272827798555211;10;3;128;128
92;0;0.0001;concept1;0.5635973206419156;None;0.23429708044257996;0.4364026793580845;10;3;128;128
92;1;0.0001;concept2;0.2952039605329021;None;0.2734264386824182;0.7047960394670979;10;3;128;128
92;2;0.0001;concept3;0.47006428906472664;None;0.383988463665154;0.5299357109352734;10;3;128;128
93;0;0.0001;concept1;0.5600722485386241;None;0.23358576011149204;0.43992775146137586;10;3;128;128
93;1;0.0001;concept2;0.2917741662421353;None;0.27175451250859073;0.7082258337578646;10;3;128;128
93;2;0.0001;concept3;0.46312384438173504;None;0.3809552195567911;0.5368761556182648;10;3;128;128
94;0;0.0001;concept1;0.5586860724145366;None;0.23330729508026124;0.4413139275854634;10;3;128;128
94;1;0.0001;concept2;0.2904132723386028;None;0.2710870586592892;0.7095867276613972;10;3;128;128
94;2;0.0001;concept3;0.4605304781459573;None;0.37980897011849996;0.5394695218540426;10;3;128;128
95;0;0.0001;concept1;0.5573260666008077;None;0.23303785796452492;0.44267393339919225;10;3;128;128
95;1;0.0001;concept2;0.28907656425656375;None;0.27042983027175055;0.7109234357434363;10;3;128;128
95;2;0.0001;concept3;0.4579565916115047;None;0.3786711753682403;0.5420434083884953;10;3;128;128
96;0;0.0001;concept1;0.5559475046551802;None;0.2327604257829385;0.44405249534481983;10;3;128;128
96;1;0.0001;concept2;0.2877609698819875;None;0.26978301959494067;0.7122390301180125;10;3;128;128
96;2;0.0001;concept3;0.45546987208335143;None;0.3775704216200876;0.5445301279166486;10;3;128;128
97;0;0.0001;concept1;0.5525531391705919;None;0.23207114551607325;0.4474468608294081;10;3;128;128
97;1;0.0001;concept2;0.28446548354753426;None;0.26815545489654474;0.7155345164524658;10;3;128;128
97;2;0.0001;concept3;0.44885376272421174;None;0.3746255954319118;0.5511462372757883;10;3;128;128
98;0;0.0001;concept1;0.5511924539990177;None;0.23179910637631382;0.4488075460009824;10;3;128;128
98;1;0.0001;concept2;0.2831788993874843;None;0.2675158388641865;0.7168211006125157;10;3;128;128
98;2;0.0001;concept3;0.44638542124114855;None;0.37352048386860826;0.5536145787588516;10;3;128;128
99;0;0.0001;concept1;0.549871166081727;None;0.231531644562842;0.45012883391827296;10;3;128;128
99;1;0.0001;concept2;0.28191117052338627;None;0.26688382597634197;0.7180888294766138;10;3;128;128
99;2;0.0001;concept3;0.44394627548732557;None;0.37242359973807726;0.5560537245126744;10;3;128;128
100;0;0.0001;concept1;0.4220942399854446;None;0.23172915001249159;0.5779057600145554;10;3;128;128
100;1;0.0001;concept2;1.3484722106978264;None;0.24581164284225232;-0.3484722106978264;10;3;128;128
100;2;0.0001;concept3;0.6394291154174216;None;0.42214506177630196;0.36057088458257835;10;3;128;128
101;0;0.0001;concept1;0.4199512816811994;None;0.23114758822358258;0.5800487183188007;10;3;128;128
101;1;0.0001;concept2;1.3357144107209236;None;0.24458394442844142;-0.33571441072092356;10;3;128;128
101;2;0.0001;concept3;0.6378164220257541;None;0.42161850913790455;0.36218357797424594;10;3;128;128
102;0;0.0001;concept1;0.41910994399128343;None;0.23090200577353337;0.5808900560087166;10;3;128;128
102;1;0.0001;concept2;1.3317807899994725;None;0.2442016794976872;-0.33178078999947247;10;3;128;128
102;2;0.0001;concept3;0.637147467384642;None;0.42137901338754025;0.3628525326153581;10;3;128;128
103;0;0.0001;concept1;0.41826242187350143;None;0.23064927491949544;0.5817375781264986;10;3;128;128
103;1;0.0001;concept2;1.3279078786643537;None;0.2438251093626991;-0.32790787866435345;10;3;128;128
103;2;0.0001;concept3;0.6364905468272412;None;0.4211483208388928;0.36350945317275896;10;3;128;128
104;0;0.0001;concept1;0.41744875871438836;None;0.23041940054161308;0.5825512412856116;10;3;128;128
104;1;0.0001;concept2;1.3241057254839472;None;0.2434547110892654;-0.3241057254839472;10;3;128;128
104;2;0.0001;concept3;0.6360432852487468;None;0.42098705482681154;0.36395671475125324;10;3;128;128
105;0;0.0001;concept1;0.415381398862403;None;0.22984743402795493;0.584618601137597;10;3;128;128
105;1;0.0001;concept2;1.3120706439902274;None;0.24228765333340796;-0.3120706439902272;10;3;128;128
105;2;0.0001;concept3;0.6344637172998469;None;0.42044923348646746;0.36553628270015315;10;3;128;128
106;0;0.0001;concept1;0.4145859720393156;None;0.22961893593419208;0.5854140279606844;10;3;128;128
106;1;0.0001;concept2;1.3083484097913294;None;0.24192360861463758;-0.30834840979132916;10;3;128;128
106;2;0.0001;concept3;0.6337078417927879;None;0.4201749379625853;0.36629215820721206;10;3;128;128
107;0;0.0001;concept1;0.41374264616070056;None;0.22936283939447893;0.5862573538392994;10;3;128;128
107;1;0.0001;concept2;1.3046429375479167;None;0.24156062636875597;-0.3046429375479167;10;3;128;128
107;2;0.0001;concept3;0.633075059507196;None;0.41994697518649404;0.366924940492804;10;3;128;128
108;0;0.0001;concept1;0.41300070555992274;None;0.22915635817101962;0.5869992944400773;10;3;128;128
108;1;0.0001;concept2;1.3009594007096137;None;0.24119992719461716;-0.3009594007096137;10;3;128;128
108;2;0.0001;concept3;0.632447540566879;None;0.41972064315454777;0.3675524594331211;10;3;128;128
109;0;0.0001;concept1;0.41098479713572494;None;0.228589833025581;0.589015202864275;10;3;128;128
109;1;0.0001;concept2;1.2893764554050482;None;0.2400660503025196;-0.2893764554050484;10;3;128;128
109;2;0.0001;concept3;0.6309216256509866;None;0.41919454040554915;0.36907837434901336;10;3;128;128
110;0;0.0001;concept1;0.410149218233443;None;0.2283310905055046;0.589850781766557;10;3;128;128
110;1;0.0001;concept2;1.285800486366358;None;0.23971314813307218;-0.2858004863663579;10;3;128;128
110;2;0.0001;concept3;0.630293966177744;None;0.4189647713410871;0.369706033822256;10;3;128;128
111;0;0.0001;concept1;0.40940432999010123;None;0.22811521227952578;0.5905956700098988;10;3;128;128
111;1;0.0001;concept2;1.2822600924438454;None;0.23936314545878062;-0.2822600924438454;10;3;128;128
111;2;0.0001;concept3;0.6295469329243831;None;0.41868843188426486;0.370453067075617;10;3;128;128
112;0;0.0001;concept1;0.40866039288179773;None;0.22790116370313232;0.5913396071182022;10;3;128;128
112;1;0.0001;concept2;1.2787366976413301;None;0.23901444397790853;-0.2787366976413299;10;3;128;128
112;2;0.0001;concept3;0.6289511248105375;None;0.41847014364222274;0.3710488751894626;10;3;128;128
113;0;0.0001;concept1;0.406720211476803;None;0.2273514047395147;0.5932797885231971;10;3;128;128
113;1;0.0001;concept2;1.2675975409760505;None;0.23791550731847447;-0.2675975409760505;10;3;128;128
113;2;0.0001;concept3;0.6275295512463827;None;0.41797073597342177;0.37247044875361734;10;3;128;128
114;0;0.0001;concept1;0.406020840649715;None;0.22715819986295124;0.593979159350285;10;3;128;128
114;1;0.0001;concept2;1.2641405298794697;None;0.23757144354095616;-0.2641405298794697;10;3;128;128
114;2;0.0001;concept3;0.6269042075637586;None;0.4177391950050596;0.37309579243624147;10;3;128;128
115;0;0.0001;concept1;0.4053294705824959;None;0.2269596791619644;0.5946705294175041;10;3;128;128
115;1;0.0001;concept2;1.2607189965963173;None;0.2372309244842087;-0.26071899659631725;10;3;128;128
115;2;0.0001;concept3;0.6263635702591527;None;0.417546019691229;0.3736364297408473;10;3;128;128
116;0;0.0001;concept1;0.4046336537948586;None;0.22675776187917582;0.5953663462051415;10;3;128;128
116;1;0.0001;concept2;1.257256590238837;None;0.236886566994594;-0.25725659023883707;10;3;128;128
116;2;0.0001;concept3;0.6257494986256102;None;0.4173188972206149;0.37425050137438975;10;3;128;128
117;0;0.0001;concept1;0.40273371188746054;None;0.22621333057810394;0.5972662881125395;10;3;128;128
117;1;0.0001;concept2;1.2463940451106967;None;0.23580534487617183;-0.2463940451106965;10;3;128;128
117;2;0.0001;concept3;0.624341731734018;None;0.41682004063601563;0.37565826826598203;10;3;128;128
118;0;0.0001;concept1;0.4020449293747604;None;0.22601430005103063;0.5979550706252397;10;3;128;128
118;1;0.0001;concept2;1.243036168994477;None;0.23547168736237042;-0.2430361689944771;10;3;128;128
118;2;0.0001;concept3;0.623768899588664;None;0.4166081163656937;0.376231100411336;10;3;128;128
119;0;0.0001;concept1;0.40134569145201093;None;0.2258071239572433;0.598654308547989;10;3;128;128
119;1;0.0001;concept2;1.2397395047789914;None;0.23514061142652065;-0.2397395047789912;10;3;128;128
119;2;0.0001;concept3;0.6232318192652855;None;0.4164120854775344;0.3767681807347145;10;3;128;128
120;0;0.0001;concept1;0.4006855718807481;None;0.22561559345385723;0.599314428119252;10;3;128;128
120;1;0.0001;concept2;1.2364543474601735;None;0.23481058951053554;-0.23645434746017346;10;3;128;128
120;2;0.0001;concept3;0.6224783324002771;None;0.4161292022766577;0.37752166759972305;10;3;128;128
121;0;0.0001;concept1;0.3988903454740183;None;0.22510427962277013;0.6011096545259816;10;3;128;128
121;1;0.0001;concept2;1.2262062579165864;None;0.23378206907491245;-0.22620625791658644;10;3;128;128
121;2;0.0001;concept3;0.621123062882509;None;0.41564390596663897;0.37887693711749104;10;3;128;128
122;0;0.0001;concept1;0.3982429972037695;None;0.22491633507532663;0.6017570027962305;10;3;128;128
122;1;0.0001;concept2;1.2230200392511945;None;0.2334596136240393;-0.2230200392511945;10;3;128;128
122;2;0.0001;concept3;0.620570685917531;None;0.41543655049399575;0.37942931408246905;10;3;128;128
123;0;0.0001;concept1;0.3975648757011275;None;0.22471936351355382;0.6024351242988726;10;3;128;128
123;1;0.0001;concept2;1.2198585049118804;None;0.23313974800712353;-0.21985850491188041;10;3;128;128
123;2;0.0001;concept3;0.6200725435994007;None;0.4152535060079539;0.37992745640059944;10;3;128;128
124;0;0.0001;concept1;0.39692188228152436;None;0.22453256461279988;0.6030781177184756;10;3;128;128
124;1;0.0001;concept2;1.2166894052596133;None;0.2328195438048436;-0.2166894052596131;10;3;128;128
124;2;0.0001;concept3;0.6196398885485277;None;0.41509084203086327;0.3803601114514723;10;3;128;128
125;0;0.0001;concept1;0.3951801075916622;None;0.2240340292737712;0.6048198924083378;10;3;128;128
125;1;0.0001;concept2;1.2066960950853831;None;0.2318079123237275;-0.2066960950853831;10;3;128;128
125;2;0.0001;concept3;0.6182825011606186;None;0.41459706920268796;0.38171749883938155;10;3;128;128
126;0;0.0001;concept1;0.3945443340246217;None;0.22384940580263826;0.6054556659753783;10;3;128;128
126;1;0.0001;concept2;1.203591427941509;None;0.2314910182191998;-0.20359142794150875;10;3;128;128
126;2;0.0001;concept3;0.6177531362031804;None;0.41439592550540316;0.3822468637968196;10;3;128;128
127;0;0.0001;concept1;0.3939194437422165;None;0.223667536712774;0.6060805562577836;10;3;128;128
127;1;0.0001;concept2;1.2005066999731921;None;0.23117588570941364;-0.20050669997319215;10;3;128;128
127;2;0.0001;concept3;0.6172168696898487;None;0.414195532064211;0.3827831303101513;10;3;128;128
128;0;0.0001;concept1;0.3932991689281912;None;0.22348687378312038;0.6067008310718088;10;3;128;128
128;1;0.0001;concept2;1.1974669730229588;None;0.23086496024438904;-0.19746697302295857;10;3;128;128
128;2;0.0001;concept3;0.6166912173277526;None;0.41399552251040017;0.38330878267224755;10;3;128;128
129;0;0.0001;concept1;0.3916018156738023;None;0.22300123198562688;0.6083981843261976;10;3;128;128
129;1;0.0001;concept2;1.1877810186374764;None;0.22987649634215446;-0.18778101863747665;10;3;128;128
129;2;0.0001;concept3;0.6154092172567064;None;0.41350950666025366;0.3845907827432936;10;3;128;128
130;0;0.0001;concept1;0.39100399648337586;None;0.22282863956731921;0.6089960035166242;10;3;128;128
130;1;0.0001;concept2;1.1847839579132664;None;0.2295688881214871;-0.1847839579132664;10;3;128;128
130;2;0.0001;concept3;0.6149125681568991;None;0.4133277025644565;0.385087431843101;10;3;128;128
131;0;0.0001;concept1;0.39040443550047005;None;0.22265524012814383;0.6095955644995299;10;3;128;128
131;1;0.0001;concept2;1.18174718121508;None;0.22925643462459344;-0.18174718121507993;10;3;128;128
131;2;0.0001;concept3;0.614420767056006;None;0.41314404613743055;0.3855792329439941;10;3;128;128
132;0;0.0001;concept1;0.3898070047321112;None;0.22247898760116;0.6101929952678888;10;3;128;128
132;1;0.0001;concept2;1.178799216661945;None;0.22895266208322784;-0.17879921666194476;10;3;128;128
132;2;0.0001;concept3;0.6139187798438687;None;0.41295639965062253;0.38608122015613144;10;3;128;128
133;0;0.0001;concept1;0.3881753451600925;None;0.22200605803387902;0.6118246548399076;10;3;128;128
133;1;0.0001;concept2;1.169558308022373;None;0.22800118955965548;-0.16955830802237304;10;3;128;128
133;2;0.0001;concept3;0.6126723862706435;None;0.41248543275786453;0.38732761372935665;10;3;128;128
134;0;0.0001;concept1;0.3875904231118349;None;0.22183512790526733;0.612409576888165;10;3;128;128
134;1;0.0001;concept2;1.1666318222024943;None;0.22770111924113456;-0.16663182220249428;10;3;128;128
134;2;0.0001;concept3;0.6120192804015072;None;0.4122321577884037;0.3879807195984928;10;3;128;128
135;0;0.0001;concept1;0.3869881236437282;None;0.2216583974882635;0.6130118763562717;10;3;128;128
135;1;0.0001;concept2;1.1637745491649287;None;0.22740504969154005;-0.16377454916492873;10;3;128;128
135;2;0.0001;concept3;0.6115036957340527;None;0.41203303389896945;0.3884963042659473;10;3;128;128
136;0;0.0001;concept1;0.386414425889003;None;0.2214890028160737;0.613585574110997;10;3;128;128
136;1;0.0001;concept2;1.1609614739873193;None;0.22711246274096386;-0.1609614739873193;10;3;128;128
136;2;0.0001;concept3;0.6110266461675682;None;0.4118510514453891;0.3889733538324318;10;3;128;128
137;0;0.0001;concept1;0.38484119329702954;None;0.2210342725353332;0.6151588067029705;10;3;128;128
137;1;0.0001;concept2;1.1521074286005462;None;0.22619624293518273;-0.15210742860054616;10;3;128;128
137;2;0.0001;concept3;0.6098913477706515;None;0.4114301168176447;0.39010865222934854;10;3;128;128
138;0;0.0001;concept1;0.3842699871948529;None;0.22086452818184038;0.615730012805147;10;3;128;128
138;1;0.0001;concept2;1.1493481348268295;None;0.2259079538055589;-0.1493481348268293;10;3;128;128
138;2;0.0001;concept3;0.6093286759757208;None;0.411203933002664;0.3906713240242793;10;3;128;128
139;0;0.0001;concept1;0.38371337044974124;None;0.2207018241143996;0.6162866295502587;10;3;128;128
139;1;0.0001;concept2;1.1465700528783687;None;0.22561744312785353;-0.14657005287836866;10;3;128;128
139;2;0.0001;concept3;0.6088774084832819;None;0.41102918557333484;0.39112259151671813;10;3;128;128
140;0;0.0001;concept1;0.3831541640275881;None;0.2205369052482676;0.6168458359724119;10;3;128;128
140;1;0.0001;concept2;1.1437922201970652;None;0.22532668363242864;-0.14379222019706495;10;3;128;128
140;2;0.0001;concept3;0.6082477318190014;None;0.4107828588628833;0.3917522681809985;10;3;128;128
141;0;0.0001;concept1;0.38164776111617305;None;0.2200993022849151;0.618352238883827;10;3;128;128
141;1;0.0001;concept2;1.1351944561570415;None;0.22442775246330685;-0.1351944561570415;10;3;128;128
141;2;0.0001;concept3;0.6071353504426596;None;0.410364337567971;0.39286464955734035;10;3;128;128
142;0;0.0001;concept1;0.3811121567351638;None;0.2199421573406861;0.6188878432648363;10;3;128;128
142;1;0.0001;concept2;1.132468545063324;None;0.2241419146731435;-0.13246854506332406;10;3;128;128
142;2;0.0001;concept3;0.6066303621381998;None;0.410165689371833;0.39336963786180035;10;3;128;128
143;0;0.0001;concept1;0.380583542566308;None;0.21978658364663325;0.619416457433692;10;3;128;128
143;1;0.0001;concept2;1.1297815662091002;None;0.22385885822578064;-0.1297815662091002;10;3;128;128
143;2;0.0001;concept3;0.6061962927497074;None;0.40998636840374747;0.3938037072502927;10;3;128;128
144;0;0.0001;concept1;0.38006137856136385;None;0.21963061272357495;0.6199386214386362;10;3;128;128
144;1;0.0001;concept2;1.1271319822308286;None;0.2235791203315395;-0.12713198223082856;10;3;128;128
144;2;0.0001;concept3;0.6057321085376243;None;0.4098073751296159;0.39426789146237573;10;3;128;128
145;0;0.0001;concept1;0.3785698443506706;None;0.21919549093875754;0.6214301556493294;10;3;128;128
145;1;0.0001;concept2;1.1188032118882354;None;0.22270134288805396;-0.1188032118882354;10;3;128;128
145;2;0.0001;concept3;0.6047504113586196;None;0.4094137604250021;0.39524958864138027;10;3;128;128
146;0;0.0001;concept1;0.3780394904631197;None;0.21903928706198514;0.6219605095368803;10;3;128;128
146;1;0.0001;concept2;1.1162073176592977;None;0.22242601199575068;-0.1162073176592977;10;3;128;128
146;2;0.0001;concept3;0.604240724808461;None;0.4092076634208765;0.395759275191539;10;3;128;128
147;0;0.0001;concept1;0.377519105424248;None;0.218885981398774;0.6224808945757521;10;3;128;128
147;1;0.0001;concept2;1.1135181288242715;None;0.22214107156070606;-0.11351812882427148;10;3;128;128
147;2;0.0001;concept3;0.6037677384466305;None;0.4090152185749688;0.39623226155336955;10;3;128;128
148;0;0.0001;concept1;0.37700592362970164;None;0.2187347932019633;0.6229940763702984;10;3;128;128
148;1;0.0001;concept2;1.1108910369992806;None;0.22186197501504096;-0.1108910369992806;10;3;128;128
148;2;0.0001;concept3;0.603259970624247;None;0.40881151418283473;0.3967400293757529;10;3;128;128
149;0;0.0001;concept1;0.37561348698166463;None;0.21832521850511763;0.6243865130183354;10;3;128;128
149;1;0.0001;concept2;1.1027627087742027;None;0.220998164277636;-0.10276270877420268;10;3;128;128
149;2;0.0001;concept3;0.6020271510598997;None;0.40832705519374596;0.3979728489401003;10;3;128;128
150;0;0.0001;concept1;0.3491007879336002;None;0.19506195340197;0.6508992120663998;10;3;128;128
150;1;0.0001;concept2;0.22947830289831728;None;0.20691210234273208;0.7705216971016827;10;3;128;128
150;2;0.0001;concept3;1.5064064183764918;None;0.1746456236119161;-0.5064064183764918;10;3;128;128
151;0;0.0001;concept1;0.348428794145651;None;0.19486705091135353;0.651571205854349;10;3;128;128
151;1;0.0001;concept2;0.22846486682252554;None;0.20641364749783278;0.7715351331774745;10;3;128;128
151;2;0.0001;concept3;1.50857016736143;None;0.17456825881815594;-0.5085701673614302;10;3;128;128
152;0;0.0001;concept1;0.34779793487532695;None;0.19468531920848828;0.652202065124673;10;3;128;128
152;1;0.0001;concept2;0.2274565415057742;None;0.205916849690839;0.7725434584942258;10;3;128;128
152;2;0.0001;concept3;1.5107940527911876;None;0.1744930234898519;-0.5107940527911876;10;3;128;128
153;0;0.0001;concept1;0.34628876594422686;None;0.19424537561402244;0.6537112340557731;10;3;128;128
153;1;0.0001;concept2;0.22524661959460526;None;0.2048219488107156;0.7747533804053948;10;3;128;128
153;2;0.0001;concept3;1.511763255667235;None;0.17416839339359283;-0.5117632556672351;10;3;128;128
154;0;0.0001;concept1;0.34444157480174364;None;0.19375744409540038;0.6555584251982564;10;3;128;128
154;1;0.0001;concept2;0.22424725438354326;None;0.20432580402374376;0.7757527456164568;10;3;128;128
154;2;0.0001;concept3;1.5136107309819806;None;0.17407287795232454;-0.5136107309819808;10;3;128;128
155;0;0.0001;concept1;0.3437423262789655;None;0.19355298731976056;0.6562576737210345;10;3;128;128
155;1;0.0001;concept2;0.22325718906571684;None;0.2038329146114373;0.7767428109342831;10;3;128;128
155;2;0.0001;concept3;1.51627681762058;None;0.1740098284652285;-0.5162768176205803;10;3;128;128
156;0;0.0001;concept1;0.3429410613301315;None;0.19332081590304087;0.6570589386698684;10;3;128;128
156;1;0.0001;concept2;0.22229516153785053;None;0.20335244875187652;0.7777048384621494;10;3;128;128
156;2;0.0001;concept3;1.5184992231020986;None;0.17393785327587033;-0.5184992231020988;10;3;128;128
157;0;0.0001;concept1;0.3412320870522824;None;0.19282533053502454;0.6587679129477175;10;3;128;128
157;1;0.0001;concept2;0.2201302887110666;None;0.20226531843059714;0.7798697112889335;10;3;128;128
157;2;0.0001;concept3;1.5199215972481281;None;0.17363403396859456;-0.5199215972481281;10;3;128;128
158;0;0.0001;concept1;0.3408127450640285;None;0.19269580212492393;0.6591872549359715;10;3;128;128
158;1;0.0001;concept2;0.21917123662070953;None;0.2017826432736897;0.7808287633792905;10;3;128;128
158;2;0.0001;concept3;1.5218324480969427;None;0.17354707145371331;-0.5218324480969427;10;3;128;128
159;0;0.0001;concept1;0.3400281515146036;None;0.1924722022534903;0.6599718484853965;10;3;128;128
159;1;0.0001;concept2;0.21821785993337364;None;0.20130120367135768;0.7817821400666264;10;3;128;128
159;2;0.0001;concept3;1.5255021805457936;None;0.1735357731013122;-0.5255021805457936;10;3;128;128
160;0;0.0001;concept1;0.3392987495164396;None;0.192256369044906;0.6607012504835604;10;3;128;128
160;1;0.0001;concept2;0.2172796934129194;None;0.20082771224612955;0.7827203065870807;10;3;128;128
160;2;0.0001;concept3;1.5275004416360407;None;0.17345593898467976;-0.5275004416360407;10;3;128;128
161;0;0.0001;concept1;0.3376080378232867;None;0.19176383470259356;0.6623919621767134;10;3;128;128
161;1;0.0001;concept2;0.2151642487287852;None;0.19975097777758477;0.7848357512712147;10;3;128;128
161;2;0.0001;concept3;1.5283483700150349;None;0.17313863867425533;-0.5283483700150349;10;3;128;128
162;0;0.0001;concept1;0.3369450282445804;None;0.1915679637623544;0.6630549717554195;10;3;128;128
162;1;0.0001;concept2;0.21422966526265821;None;0.1992749208477238;0.7857703347373418;10;3;128;128
162;2;0.0001;concept3;1.5318463654266399;None;0.17312565336909966;-0.5318463654266401;10;3;128;128
163;0;0.0001;concept1;0.33630361581689683;None;0.19137754194227627;0.6636963841831032;10;3;128;128
163;1;0.0001;concept2;0.21330940946120153;None;0.19880451400271382;0.7866905905387984;10;3;128;128
163;2;0.0001;concept3;1.5347774836032613;None;0.17309560334482083;-0.5347774836032615;10;3;128;128
164;0;0.0001;concept1;0.33575603433506157;None;0.19121548894240298;0.6642439656649384;10;3;128;128
164;1;0.0001;concept2;0.2124002684294241;None;0.19833874378370056;0.7875997315705758;10;3;128;128
164;2;0.0001;concept3;1.537443923722387;None;0.17304094456291536;-0.5374439237223869;10;3;128;128
165;0;0.0001;concept1;0.3343686202402813;None;0.1907970607094749;0.6656313797597188;10;3;128;128
165;1;0.0001;concept2;0.21033763460167598;None;0.1972762269403392;0.789662365398324;10;3;128;128
165;2;0.0001;concept3;1.5388182566706483;None;0.17273998335785792;-0.5388182566706483;10;3;128;128
166;0;0.0001;concept1;0.33373454241873923;None;0.1906085941051294;0.6662654575812608;10;3;128;128
166;1;0.0001;concept2;0.20944080718157815;None;0.1968146644427852;0.7905591928184219;10;3;128;128
166;2;0.0001;concept3;1.5413878271077033;None;0.1726802631811628;-0.5413878271077033;10;3;128;128
167;0;0.0001;concept1;0.333097791525909;None;0.19042146423703055;0.666902208474091;10;3;128;128
167;1;0.0001;concept2;0.2085436405466954;None;0.19635118165181745;0.7914563594533046;10;3;128;128
167;2;0.0001;concept3;1.5435372665792113;None;0.17261244096173978;-0.5435372665792113;10;3;128;128
168;0;0.0001;concept1;0.3324890491037643;None;0.19024037391427187;0.6675109508962357;10;3;128;128
168;1;0.0001;concept2;0.207657891247636;None;0.1958913077509689;0.792342108752364;10;3;128;128
168;2;0.0001;concept3;1.545550690684816;None;0.1725374128131935;-0.5455506906848162;10;3;128;128
169;0;0.0001;concept1;0.3311713736362255;None;0.18984568860507472;0.6688286263637745;10;3;128;128
169;1;0.0001;concept2;0.20564768057204127;None;0.19484370891412633;0.7943523194279587;10;3;128;128
169;2;0.0001;concept3;1.5467050063349412;None;0.17225289642064004;-0.5467050063349412;10;3;128;128
170;0;0.0001;concept1;0.3305711460935604;None;0.18966515836613332;0.6694288539064397;10;3;128;128
170;1;0.0001;concept2;0.20478027094263665;None;0.19439003946267522;0.7952197290573633;10;3;128;128
170;2;0.0001;concept3;1.5483627678500993;None;0.17216503934980992;-0.5483627678500995;10;3;128;128
171;0;0.0001;concept1;0.32995890253085286;None;0.18948313367612046;0.6700410974691471;10;3;128;128
171;1;0.0001;concept2;0.20392081221457334;None;0.1939391525194991;0.7960791877854266;10;3;128;128
171;2;0.0001;concept3;1.5499927049232782;None;0.17207708251978032;-0.5499927049232782;10;3;128;128
172;0;0.0001;concept1;0.32938661972927574;None;0.18931001591307858;0.6706133802707243;10;3;128;128
172;1;0.0001;concept2;0.2030480029784592;None;0.1934809547234052;0.7969519970215407;10;3;128;128
172;2;0.0001;concept3;1.5517393438875697;None;0.1719964699040932;-0.5517393438875697;10;3;128;128
173;0;0.0001;concept1;0.32804514687966785;None;0.18890750293874553;0.6719548531203321;10;3;128;128
173;1;0.0001;concept2;0.20110909720976336;None;0.19245527258235193;0.7988909027902367;10;3;128;128
173;2;0.0001;concept3;1.5526332763746757;None;0.17169891874792834;-0.5526332763746757;10;3;128;128
174;0;0.0001;concept1;0.3274786571852163;None;0.1887369269683018;0.6725213428147837;10;3;128;128
174;1;0.0001;concept2;0.20025818564007294;None;0.19200396799979638;0.7997418143599271;10;3;128;128
174;2;0.0001;concept3;1.5544723229984188;None;0.17162267585863267;-0.554472322998419;10;3;128;128
175;0;0.0001;concept1;0.3269416088565891;None;0.18857289884488057;0.6730583911434109;10;3;128;128
175;1;0.0001;concept2;0.19942765288010278;None;0.1915624533125696;0.8005723471198972;10;3;128;128
175;2;0.0001;concept3;1.5549553319426577;None;0.17149924977561684;-0.5549553319426577;10;3;128;128
176;0;0.0001;concept1;0.3264208348340467;None;0.18841563095388789;0.6735791651659533;10;3;128;128
176;1;0.0001;concept2;0.19859348556931833;None;0.1911177530925241;0.8014065144306817;10;3;128;128
176;2;0.0001;concept3;1.556624560149681;None;0.17142571401131018;-0.5566245601496813;10;3;128;128
177;0;0.0001;concept1;0.32516259367699607;None;0.18803104128019754;0.6748374063230039;10;3;128;128
177;1;0.0001;concept2;0.1967048314370269;None;0.19010688344314222;0.803295168562973;10;3;128;128
177;2;0.0001;concept3;1.5579806552358784;None;0.1711727571845652;-0.5579806552358784;10;3;128;128
178;0;0.0001;concept1;0.3246172468714629;None;0.18786578676165233;0.6753827531285371;10;3;128;128
178;1;0.0001;concept2;0.19588215861615205;None;0.1896665458973746;0.8041178413838479;10;3;128;128
178;2;0.0001;concept3;1.559850682076819;None;0.17111089367350837;-0.559850682076819;10;3;128;128
179;0;0.0001;concept1;0.3241313082584077;None;0.18771862296927272;0.6758686917415924;10;3;128;128
179;1;0.0001;concept2;0.19508494875896096;None;0.18923782552812077;0.804915051241039;10;3;128;128
179;2;0.0001;concept3;1.56146307149613;None;0.17104402639515684;-0.56146307149613;10;3;128;128
180;0;0.0001;concept1;0.32364040917307735;None;0.18756632432310263;0.6763595908269227;10;3;128;128
180;1;0.0001;concept2;0.1942980422533662;None;0.18881305771453852;0.8057019577466338;10;3;128;128
180;2;0.0001;concept3;1.5630105179309923;None;0.17096800424299338;-0.5630105179309923;10;3;128;128
181;0;0.0001;concept1;0.3224056183984772;None;0.1871888495835108;0.6775943816015229;10;3;128;128
181;1;0.0001;concept2;0.1924627070063599;None;0.18781839827207417;0.8075372929936401;10;3;128;128
181;2;0.0001;concept3;1.5630299312655165;None;0.17066436449304612;-0.5630299312655167;10;3;128;128
182;0;0.0001;concept1;0.321908629179622;None;0.18703303023857892;0.678091370820378;10;3;128;128
182;1;0.0001;concept2;0.19169684216220556;None;0.18740102575031264;0.8083031578377944;10;3;128;128
182;2;0.0001;concept3;1.5645252356078436;None;0.17058932904659402;-0.5645252356078436;10;3;128;128
183;0;0.0001;concept1;0.32143528044319875;None;0.18688380849340422;0.6785647195568012;10;3;128;128
183;1;0.0001;concept2;0.19090886988128242;None;0.1869730184961476;0.8090911301187176;10;3;128;128
183;2;0.0001;concept3;1.5659476004594655;None;0.17051483612011406;-0.5659476004594655;10;3;128;128
184;0;0.0001;concept1;0.3209294977767149;None;0.18672507229298724;0.679070502223285;10;3;128;128
184;1;0.0001;concept2;0.19015639651223504;None;0.1865614574020459;0.809843603487765;10;3;128;128
184;2;0.0001;concept3;1.5678780426935564;None;0.17046914527601892;-0.5678780426935564;10;3;128;128
185;0;0.0001;concept1;0.31975093758332157;None;0.18636301728279453;0.6802490624166784;10;3;128;128
185;1;0.0001;concept2;0.1883920595162884;None;0.1855935575745754;0.8116079404837115;10;3;128;128
185;2;0.0001;concept3;1.5689570957562695;None;0.1702253470556907;-0.5689570957562695;10;3;128;128
186;0;0.0001;concept1;0.31926760994428155;None;0.1862126990895591;0.6807323900557185;10;3;128;128
186;1;0.0001;concept2;0.18765325098139046;None;0.18518609865152644;0.8123467490186096;10;3;128;128
186;2;0.0001;concept3;1.5706472313337327;None;0.17016168725021216;-0.5706472313337327;10;3;128;128
187;0;0.0001;concept1;0.31877373388656227;None;0.18605548241055905;0.6812262661134377;10;3;128;128
187;1;0.0001;concept2;0.18690987021242597;None;0.18477588546843976;0.813090129787574;10;3;128;128
187;2;0.0001;concept3;1.571774315578539;None;0.17007617615899245;-0.5717743155785393;10;3;128;128
188;0;0.0001;concept1;0.3183034267634457;None;0.18590975521660302;0.6816965732365543;10;3;128;128
188;1;0.0001;concept2;0.18618339909551765;None;0.18437255686867093;0.8138166009044824;10;3;128;128
188;2;0.0001;concept3;1.5730797081035215;None;0.1700005578146688;-0.5730797081035215;10;3;128;128
189;0;0.0001;concept1;0.31715872577646276;None;0.18555522520848697;0.6828412742235372;10;3;128;128
189;1;0.0001;concept2;0.18446105052895947;None;0.18341689052996235;0.8155389494710406;10;3;128;128
189;2;0.0001;concept3;1.5732521833344326;None;0.16971907189336916;-0.5732521833344328;10;3;128;128
190;0;0.0001;concept1;0.3166699869722187;None;0.18540576694974015;0.6833300130277813;10;3;128;128
190;1;0.0001;concept2;0.18373527121270783;None;0.18301189580335359;0.8162647287872922;10;3;128;128
190;2;0.0001;concept3;1.5745851647944222;None;0.16964411402394433;-0.5745851647944222;10;3;128;128
191;0;0.0001;concept1;0.3162085199879785;None;0.18525843301791278;0.6837914800120215;10;3;128;128
191;1;0.0001;concept2;0.1830134323895555;None;0.18260837398905488;0.8169865676104445;10;3;128;128
191;2;0.0001;concept3;1.5760842885446655;None;0.16957530238156593;-0.5760842885446655;10;3;128;128
192;0;0.0001;concept1;0.31573764527841097;None;0.1851101184918994;0.6842623547215891;10;3;128;128
192;1;0.0001;concept2;0.18229250753879062;None;0.18220479221125835;0.8177074924612093;10;3;128;128
192;2;0.0001;concept3;1.5774332943052427;None;0.16950126652898456;-0.5774332943052427;10;3;128;128
193;0;0.0001;concept1;0.31460481962048065;None;0.1847581145128586;0.6853951803795193;10;3;128;128
193;1;0.0001;concept2;0.18061227967500912;None;0.18125978088792735;0.8193877203249909;10;3;128;128
193;2;0.0001;concept3;1.5778013299283766;None;0.1692256853865463;-0.5778013299283766;10;3;128;128
194;0;0.0001;concept1;0.3141434864143647;None;0.1846105385063599;0.6858565135856354;10;3;128;128
194;1;0.0001;concept2;0.17990129067681898;None;0.18085894883281314;0.8200987093231811;10;3;128;128
194;2;0.0001;concept3;1.578672992181767;None;0.16913625370455834;-0.578672992181767;10;3;128;128
195;0;0.0001;concept1;0.313693561652827;None;0.18446653895052909;0.6863064383471729;10;3;128;128
195;1;0.0001;concept2;0.1792052385913813;None;0.18046469776713947;0.8207947614086187;10;3;128;128
195;2;0.0001;concept3;1.579799419006275;None;0.16905586241445117;-0.579799419006275;10;3;128;128
196;0;0.0001;concept1;0.31323457217922895;None;0.1843217695739543;0.6867654278207711;10;3;128;128
196;1;0.0001;concept2;0.17850904407406623;None;0.18006989521721548;0.8214909559259338;10;3;128;128
196;2;0.0001;concept3;1.5841019349198813;None;0.16911501030264137;-0.5841019349198815;10;3;128;128
197;0;0.0001;concept1;0.3121194290344566;None;0.18396711916674366;0.6878805709655434;10;3;128;128
197;1;0.0001;concept2;0.17685492061572528;None;0.179132362319585;0.8231450793842747;10;3;128;128
197;2;0.0001;concept3;1.58358166465652;None;0.16880879616305447;-0.58358166465652;10;3;128;128
198;0;0.0001;concept1;0.3116938116721625;None;0.1838330765249419;0.6883061883278376;10;3;128;128
198;1;0.0001;concept2;0.1761679712647427;None;0.17874141514556438;0.8238320287352573;10;3;128;128
198;2;0.0001;concept3;1.5853374223103527;None;0.1687581240165226;-0.5853374223103527;10;3;128;128
199;0;0.0001;concept1;0.3112577170343861;None;0.1836924538770216;0.6887422829656139;10;3;128;128
199;1;0.0001;concept2;0.17548973502679927;None;0.1783542811884464;0.8245102649732008;10;3;128;128
199;2;0.0001;concept3;1.5867014430012127;None;0.16869045090514195;-0.5867014430012127;10;3;128;128
