0;0;0.0001;concept1;0.24324848;None;0.17629863;0.756751537322998;10;3;128;128
0;1;0.0001;concept2;0.59015304;None;0.27814522;0.4098469614982605;10;3;128;128
0;2;0.0001;concept3;0.81084317;None;0.3235835;0.1891568899154663;10;3;128;128
1;0;0.0001;concept1;0.5397666;None;0.25560212;0.4602334499359131;10;3;128;128
1;1;0.0001;concept2;0.8960293;None;0.3481757;0.10397076606750488;10;3;128;128
1;2;0.0001;concept3;1.0121913;None;0.37044743;-0.012191414833068848;10;3;128;128
2;0;0.0001;concept1;0.33698282;None;0.19995679;0.6630171537399292;10;3;128;128
2;1;0.0001;concept2;0.5308272;None;0.26398754;0.46917277574539185;10;3;128;128
2;2;0.0001;concept3;0.5080328;None;0.25535434;0.49196720123291016;10;3;128;128
3;0;0.0001;concept1;0.26396856;None;0.17626229;0.7360314726829529;10;3;128;128
3;1;0.0001;concept2;0.36578032;None;0.21473509;0.6342196464538574;10;3;128;128
3;2;0.0001;concept3;0.34137654;None;0.20241725;0.658623456954956;10;3;128;128
4;0;0.0001;concept1;0.22547975;None;0.16277002;0.7745202779769897;10;3;128;128
4;1;0.0001;concept2;0.27868974;None;0.18399803;0.7213102579116821;10;3;128;128
4;2;0.0001;concept3;0.2710836;None;0.17460501;0.7289164066314697;10;3;128;128
5;0;0.0001;concept1;0.17311814;None;0.14242376;0.8268818855285645;10;3;128;128
5;1;0.0001;concept2;0.15226817;None;0.13109113;0.8477318286895752;10;3;128;128
5;2;0.0001;concept3;0.1899614;None;0.13418737;0.8100386261940002;10;3;128;128
6;0;0.0001;concept1;0.15839893;None;0.13627256;0.8416010737419128;10;3;128;128
6;1;0.0001;concept2;0.12026284;None;0.115538396;0.879737138748169;10;3;128;128
6;2;0.0001;concept3;0.1744395;None;0.12511542;0.8255605101585388;10;3;128;128
7;0;0.0001;concept1;0.13866642;None;0.12738293;0.8613336086273193;10;3;128;128
7;1;0.0001;concept2;0.07918273;None;0.0931008;0.9208172559738159;10;3;128;128
7;2;0.0001;concept3;0.15445587;None;0.11341688;0.8455440998077393;10;3;128;128
8;0;0.0001;concept1;0.13221161;None;0.124319464;0.8677883744239807;10;3;128;128
8;1;0.0001;concept2;0.06776319;None;0.086283535;0.9322367906570435;10;3;128;128
8;2;0.0001;concept3;0.14968623;None;0.110764;0.8503137826919556;10;3;128;128
9;0;0.0001;concept1;0.12214153;None;0.11921891;0.8778584599494934;10;3;128;128
9;1;0.0001;concept2;0.05188089;None;0.07586428;0.9481191039085388;10;3;128;128
9;2;0.0001;concept3;0.14166622;None;0.10699557;0.8583337664604187;10;3;128;128
10;0;0.0001;concept1;0.11891588;None;0.11750634;0.881084144115448;10;3;128;128
10;1;0.0001;concept2;0.04775798;None;0.072885506;0.9522420167922974;10;3;128;128
10;2;0.0001;concept3;0.13903192;None;0.10598425;0.8609681129455566;10;3;128;128
11;0;0.0001;concept1;0.112839386;None;0.1141398;0.88716059923172;10;3;128;128
11;1;0.0001;concept2;0.040917117;None;0.067619935;0.9590829014778137;10;3;128;128
11;2;0.0001;concept3;0.13424695;None;0.10467922;0.8657530546188354;10;3;128;128
12;0;0.0001;concept1;0.11100395;None;0.1130951;0.8889960646629333;10;3;128;128
12;1;0.0001;concept2;0.03929297;None;0.06628551;0.9607070088386536;10;3;128;128
12;2;0.0001;concept3;0.13264701;None;0.10423165;0.8673529624938965;10;3;128;128
13;0;0.0001;concept1;0.10769681;None;0.111146376;0.8923031687736511;10;3;128;128
13;1;0.0001;concept2;0.036516603;None;0.06396038;0.9634833931922913;10;3;128;128
13;2;0.0001;concept3;0.12971224;None;0.10357094;0.8702877759933472;10;3;128;128
14;0;0.0001;concept1;0.10647141;None;0.110395655;0.8935285806655884;10;3;128;128
14;1;0.0001;concept2;0.035630226;None;0.06318919;0.9643697738647461;10;3;128;128
14;2;0.0001;concept3;0.12859102;None;0.10325245;0.871408998966217;10;3;128;128
15;0;0.0001;concept1;0.10389825;None;0.10880754;0.896101713180542;10;3;128;128
15;1;0.0001;concept2;0.03385827;None;0.061625753;0.9661417007446289;10;3;128;128
15;2;0.0001;concept3;0.1263756;None;0.10288813;0.8736243844032288;10;3;128;128
16;0;0.0001;concept1;0.10302052;None;0.10824308;0.8969794511795044;10;3;128;128
16;1;0.0001;concept2;0.033279385;None;0.06110186;0.9667206406593323;10;3;128;128
16;2;0.0001;concept3;0.12561919;None;0.10269364;0.8743808269500732;10;3;128;128
17;0;0.0001;concept1;0.101298906;None;0.107120946;0.8987010717391968;10;3;128;128
17;1;0.0001;concept2;0.032175284;None;0.060095806;0.9678246974945068;10;3;128;128
17;2;0.0001;concept3;0.12421229;None;0.10253446;0.8757877349853516;10;3;128;128
18;0;0.0001;concept1;0.10064105;None;0.10668665;0.8993589282035828;10;3;128;128
18;1;0.0001;concept2;0.031755563;None;0.059702784;0.9682444334030151;10;3;128;128
18;2;0.0001;concept3;0.12343623;None;0.10235825;0.8765637874603271;10;3;128;128
19;0;0.0001;concept1;0.09917123;None;0.1057111;0.9008287787437439;10;3;128;128
19;1;0.0001;concept2;0.030855322;None;0.05885573;0.9691447019577026;10;3;128;128
19;2;0.0001;concept3;0.12224118;None;0.10202205;0.877758800983429;10;3;128;128
20;0;0.0001;concept1;0.09861489;None;0.10533738;0.9013851284980774;10;3;128;128
20;1;0.0001;concept2;0.030515764;None;0.05852677;0.9694842100143433;10;3;128;128
20;2;0.0001;concept3;0.121599056;None;0.101726964;0.8784009218215942;10;3;128;128
21;0;0.0001;concept1;0.09752309;None;0.10457029;0.9024769067764282;10;3;128;128
21;1;0.0001;concept2;0.02982286;None;0.05784769;0.9701771140098572;10;3;128;128
21;2;0.0001;concept3;0.12050797;None;0.10129384;0.8794920444488525;10;3;128;128
22;0;0.0001;concept1;0.09705904;None;0.10425091;0.9029409885406494;10;3;128;128
22;1;0.0001;concept2;0.02953343;None;0.05755894;0.9704665541648865;10;3;128;128
22;2;0.0001;concept3;0.12010126;None;0.10103307;0.879898726940155;10;3;128;128
23;0;0.0001;concept1;0.09598565;None;0.10350586;0.9040143489837646;10;3;128;128
23;1;0.0001;concept2;0.028890656;None;0.056916386;0.9711093306541443;10;3;128;128
23;2;0.0001;concept3;0.11907569;None;0.10055543;0.8809242844581604;10;3;128;128
24;0;0.0001;concept1;0.09560233;None;0.10322258;0.9043976664543152;10;3;128;128
24;1;0.0001;concept2;0.02863108;None;0.05665172;0.9713689088821411;10;3;128;128
24;2;0.0001;concept3;0.116721794;None;0.09978577;0.8832781910896301;10;3;128;128
25;0;0.0001;concept1;0.09474778;None;0.10260571;0.90525221824646;10;3;128;128
25;1;0.0001;concept2;0.028086377;None;0.056092933;0.9719136357307434;10;3;128;128
25;2;0.0001;concept3;0.11559673;None;0.099209145;0.8844032883644104;10;3;128;128
26;0;0.0001;concept1;0.09438866;None;0.10234367;0.9056113362312317;10;3;128;128
26;1;0.0001;concept2;0.027851142;None;0.055849;0.9721488356590271;10;3;128;128
26;2;0.0001;concept3;0.11590413;None;0.09905449;0.8840958476066589;10;3;128;128
27;0;0.0001;concept1;0.09359176;None;0.10176305;0.9064082503318787;10;3;128;128
27;1;0.0001;concept2;0.027324947;None;0.05530123;0.9726750254631042;10;3;128;128
27;2;0.0001;concept3;0.11443358;None;0.09840055;0.8855664134025574;10;3;128;128
28;0;0.0001;concept1;0.09333252;None;0.101544544;0.9066674709320068;10;3;128;128
28;1;0.0001;concept2;0.027103204;None;0.055068076;0.9728968143463135;10;3;128;128
28;2;0.0001;concept3;0.11405547;None;0.098110884;0.8859445452690125;10;3;128;128
29;0;0.0001;concept1;0.09264615;None;0.10104017;0.9073538780212402;10;3;128;128
29;1;0.0001;concept2;0.026651774;None;0.054589383;0.9733482003211975;10;3;128;128
29;2;0.0001;concept3;0.113362916;None;0.09758548;0.8866370916366577;10;3;128;128
30;0;0.0001;concept1;0.092354804;None;0.10083426;0.9076452255249023;10;3;128;128
30;1;0.0001;concept2;0.026451219;None;0.05437664;0.9735487699508667;10;3;128;128
30;2;0.0001;concept3;0.11374692;None;0.09745548;0.8862530589103699;10;3;128;128
31;0;0.0001;concept1;0.091750175;None;0.10036286;0.9082498550415039;10;3;128;128
31;1;0.0001;concept2;0.026010478;None;0.053905312;0.9739895462989807;10;3;128;128
31;2;0.0001;concept3;0.113597274;None;0.09721678;0.8864027261734009;10;3;128;128
32;0;0.0001;concept1;0.09145588;None;0.10015961;0.90854412317276;10;3;128;128
32;1;0.0001;concept2;0.025830422;None;0.05370982;0.9741695523262024;10;3;128;128
32;2;0.0001;concept3;0.113251306;None;0.09694012;0.8867486715316772;10;3;128;128
33;0;0.0001;concept1;0.09084079;None;0.099716835;0.9091591835021973;10;3;128;128
33;1;0.0001;concept2;0.025465954;None;0.05331381;0.9745340347290039;10;3;128;128
33;2;0.0001;concept3;0.11264168;None;0.09640684;0.8873583078384399;10;3;128;128
34;0;0.0001;concept1;0.090608254;None;0.0995379;0.9093917608261108;10;3;128;128
34;1;0.0001;concept2;0.02529658;None;0.05312984;0.9747034311294556;10;3;128;128
34;2;0.0001;concept3;0.1123731;None;0.09615175;0.8876268863677979;10;3;128;128
35;0;0.0001;concept1;0.09010378;None;0.09914789;0.909896194934845;10;3;128;128
35;1;0.0001;concept2;0.024950977;None;0.052754756;0.9750490188598633;10;3;128;128
35;2;0.0001;concept3;0.111466244;None;0.0955682;0.8885337710380554;10;3;128;128
36;0;0.0001;concept1;0.089871;None;0.098975934;0.9101290106773376;10;3;128;128
36;1;0.0001;concept2;0.024808597;None;0.05259938;0.9751914143562317;10;3;128;128
36;2;0.0001;concept3;0.11194172;None;0.09552092;0.8880583047866821;10;3;128;128
37;0;0.0001;concept1;0.08939317;None;0.09860828;0.910606861114502;10;3;128;128
37;1;0.0001;concept2;0.024518464;None;0.052281827;0.9754815101623535;10;3;128;128
37;2;0.0001;concept3;0.111247614;None;0.09498494;0.8887524008750916;10;3;128;128
38;0;0.0001;concept1;0.08915895;None;0.09841602;0.9108410477638245;10;3;128;128
38;1;0.0001;concept2;0.024382476;None;0.052132513;0.975617527961731;10;3;128;128
38;2;0.0001;concept3;0.110997066;None;0.09475436;0.8890029191970825;10;3;128;128
39;0;0.0001;concept1;0.088619836;None;0.0980272;0.9113801717758179;10;3;128;128
39;1;0.0001;concept2;0.02409566;None;0.051821187;0.9759043455123901;10;3;128;128
39;2;0.0001;concept3;0.11056784;None;0.094291635;0.8894321918487549;10;3;128;128
40;0;0.0001;concept1;0.08843853;None;0.09788086;0.9115614891052246;10;3;128;128
40;1;0.0001;concept2;0.023975167;None;0.051689718;0.9760248064994812;10;3;128;128
40;2;0.0001;concept3;0.110304184;None;0.09405553;0.8896958231925964;10;3;128;128
41;0;0.0001;concept1;0.08799297;None;0.09754304;0.9120070338249207;10;3;128;128
41;1;0.0001;concept2;0.023708744;None;0.05139295;0.9762912392616272;10;3;128;128
41;2;0.0001;concept3;0.109816134;None;0.09358611;0.8901838660240173;10;3;128;128
42;0;0.0001;concept1;0.0877776;None;0.09738136;0.9122223854064941;10;3;128;128
42;1;0.0001;concept2;0.02359814;None;0.051268615;0.9764018654823303;10;3;128;128
42;2;0.0001;concept3;0.10961111;None;0.09337333;0.8903889060020447;10;3;128;128
43;0;0.0001;concept1;0.087387756;None;0.09705903;0.91261225938797;10;3;128;128
43;1;0.0001;concept2;0.023347266;None;0.05098705;0.9766527414321899;10;3;128;128
43;2;0.0001;concept3;0.10903403;None;0.09289557;0.8909659385681152;10;3;128;128
44;0;0.0001;concept1;0.08728874;None;0.09694515;0.9127112627029419;10;3;128;128
44;1;0.0001;concept2;0.023245024;None;0.050870102;0.9767549633979797;10;3;128;128
44;2;0.0001;concept3;0.108946174;None;0.0927228;0.8910537958145142;10;3;128;128
45;0;0.0001;concept1;0.08695299;None;0.09666696;0.9130470156669617;10;3;128;128
45;1;0.0001;concept2;0.023011114;None;0.050603226;0.9769889116287231;10;3;128;128
45;2;0.0001;concept3;0.108453915;None;0.09227269;0.8915460705757141;10;3;128;128
46;0;0.0001;concept1;0.08674449;None;0.096504726;0.913255512714386;10;3;128;128
46;1;0.0001;concept2;0.022905745;None;0.050482444;0.9770942330360413;10;3;128;128
46;2;0.0001;concept3;0.10816688;None;0.09205186;0.8918331265449524;10;3;128;128
47;0;0.0001;concept1;0.08635915;None;0.096210174;0.9136408567428589;10;3;128;128
47;1;0.0001;concept2;0.022677993;None;0.05022272;0.977321982383728;10;3;128;128
47;2;0.0001;concept3;0.10771869;None;0.091617115;0.8922812938690186;10;3;128;128
48;0;0.0001;concept1;0.086192586;None;0.09607868;0.9138073921203613;10;3;128;128
48;1;0.0001;concept2;0.022586381;None;0.050117053;0.9774135947227478;10;3;128;128
48;2;0.0001;concept3;0.10748492;None;0.09140938;0.8925150632858276;10;3;128;128
49;0;0.0001;concept1;0.085933164;None;0.09585578;0.9140668511390686;10;3;128;128
49;1;0.0001;concept2;0.022384955;None;0.049884368;0.9776150584220886;10;3;128;128
49;2;0.0001;concept3;0.10721795;None;0.09103129;0.8927820324897766;10;3;128;128
50;2;0.0001;concept3;0.10700737;None;0.09084175;0.8929926156997681;10;3;128;128
50;0;0.0001;concept1;0.08575134;None;0.095721565;0.9142486453056335;10;3;128;128
50;1;0.0001;concept2;0.022291536;None;0.049777012;0.9777084589004517;10;3;128;128
51;2;0.0001;concept3;0.10627854;None;0.09033444;0.8937214612960815;10;3;128;128
51;0;0.0001;concept1;0.085476935;None;0.09548428;0.9145230650901794;10;3;128;128
51;1;0.0001;concept2;0.022095574;None;0.04954785;0.9779044389724731;10;3;128;128
52;2;0.0001;concept3;0.10609551;None;0.09015702;0.8939045071601868;10;3;128;128
52;0;0.0001;concept1;0.08533532;None;0.095382236;0.9146646857261658;10;3;128;128
52;1;0.0001;concept2;0.022011831;None;0.049450144;0.9779881834983826;10;3;128;128
53;2;0.0001;concept3;0.10565292;None;0.08976037;0.894347071647644;10;3;128;128
53;0;0.0001;concept1;0.08501008;None;0.09513205;0.9149899482727051;10;3;128;128
53;1;0.0001;concept2;0.02183518;None;0.049241245;0.978164792060852;10;3;128;128
54;2;0.0001;concept3;0.10544283;None;0.08957017;0.8945571780204773;10;3;128;128
54;0;0.0001;concept1;0.08490948;None;0.09503097;0.9150905013084412;10;3;128;128
54;1;0.0001;concept2;0.021757705;None;0.049149856;0.9782422780990601;10;3;128;128
55;2;0.0001;concept3;0.105090134;None;0.08919561;0.8949098587036133;10;3;128;128
55;0;0.0001;concept1;0.08454652;None;0.09475364;0.9154534935951233;10;3;128;128
55;1;0.0001;concept2;0.021588974;None;0.04894948;0.9784110188484192;10;3;128;128
56;2;0.0001;concept3;0.10498643;None;0.0890454;0.8950135707855225;10;3;128;128
56;0;0.0001;concept1;0.084447436;None;0.09466457;0.91555255651474;10;3;128;128
56;1;0.0001;concept2;0.02151914;None;0.048866376;0.978480875492096;10;3;128;128
57;2;0.0001;concept3;0.10454979;None;0.08867568;0.895450234413147;10;3;128;128
57;0;0.0001;concept1;0.08415588;None;0.0944358;0.9158441424369812;10;3;128;128
57;1;0.0001;concept2;0.021358209;None;0.048673455;0.9786418080329895;10;3;128;128
58;2;0.0001;concept3;0.10435882;None;0.08849831;0.8956412076950073;10;3;128;128
58;0;0.0001;concept1;0.0840189;None;0.094333015;0.915981113910675;10;3;128;128
58;1;0.0001;concept2;0.021287527;None;0.04858776;0.9787124991416931;10;3;128;128
59;2;0.0001;concept3;0.10402401;None;0.08814638;0.8959760069847107;10;3;128;128
59;0;0.0001;concept1;0.083714865;None;0.09408941;0.9162851572036743;10;3;128;128
59;1;0.0001;concept2;0.021131465;None;0.048398294;0.9788685441017151;10;3;128;128
60;2;0.0001;concept3;0.1038675;None;0.08799102;0.8961324691772461;10;3;128;128
60;0;0.0001;concept1;0.08359264;None;0.09399548;0.9164073467254639;10;3;128;128
60;1;0.0001;concept2;0.021062776;None;0.048313957;0.9789372086524963;10;3;128;128
61;2;0.0001;concept3;0.10348929;None;0.08764838;0.8965107202529907;10;3;128;128
61;0;0.0001;concept1;0.08328868;None;0.093767464;0.9167113304138184;10;3;128;128
61;1;0.0001;concept2;0.02091386;None;0.048132718;0.97908616065979;10;3;128;128
62;2;0.0001;concept3;0.10335988;None;0.087505154;0.8966401219367981;10;3;128;128
62;0;0.0001;concept1;0.08321094;None;0.09368612;0.9167890548706055;10;3;128;128
62;1;0.0001;concept2;0.020851867;None;0.04805752;0.9791481494903564;10;3;128;128
63;2;0.0001;concept3;0.10315609;None;0.08718471;0.8968439102172852;10;3;128;128
63;0;0.0001;concept1;0.082942605;None;0.09348071;0.9170573949813843;10;3;128;128
63;1;0.0001;concept2;0.020704158;None;0.047875576;0.9792958498001099;10;3;128;128
64;2;0.0001;concept3;0.1029841;None;0.08702951;0.8970159292221069;10;3;128;128
64;0;0.0001;concept1;0.08283507;None;0.0933898;0.9171649217605591;10;3;128;128
64;1;0.0001;concept2;0.020638477;None;0.04779385;0.9793615341186523;10;3;128;128
65;2;0.0001;concept3;0.10264502;None;0.08670747;0.8973549604415894;10;3;128;128
65;0;0.0001;concept1;0.08261904;None;0.093189426;0.9173809289932251;10;3;128;128
65;1;0.0001;concept2;0.020507852;None;0.047630038;0.9794921278953552;10;3;128;128
66;2;0.0001;concept3;0.102481276;None;0.086558096;0.8975187540054321;10;3;128;128
66;0;0.0001;concept1;0.08249645;None;0.09309308;0.9175035357475281;10;3;128;128
66;1;0.0001;concept2;0.020449527;None;0.04755693;0.9795504808425903;10;3;128;128
67;2;0.0001;concept3;0.101944216;None;0.08618215;0.8980557918548584;10;3;128;128
67;0;0.0001;concept1;0.082282536;None;0.09291746;0.917717456817627;10;3;128;128
67;1;0.0001;concept2;0.020312434;None;0.047384597;0.9796875715255737;10;3;128;128
68;2;0.0001;concept3;0.10206812;None;0.086112216;0.8979318737983704;10;3;128;128
68;0;0.0001;concept1;0.082142495;None;0.09281621;0.9178575277328491;10;3;128;128
68;1;0.0001;concept2;0.020264747;None;0.047322594;0.979735255241394;10;3;128;128
69;2;0.0001;concept3;0.10169855;None;0.08580847;0.8983014822006226;10;3;128;128
69;0;0.0001;concept1;0.08193137;None;0.0926332;0.9180686473846436;10;3;128;128
69;1;0.0001;concept2;0.020142233;None;0.04716575;0.9798577427864075;10;3;128;128
70;2;0.0001;concept3;0.101724304;None;0.085723676;0.8982756733894348;10;3;128;128
70;0;0.0001;concept1;0.08184872;None;0.09255739;0.9181512594223022;10;3;128;128
70;1;0.0001;concept2;0.020085843;None;0.047093682;0.979914128780365;10;3;128;128
71;2;0.0001;concept3;0.10114737;None;0.085330926;0.8988526463508606;10;3;128;128
71;0;0.0001;concept1;0.08160012;None;0.09236495;0.9183998703956604;10;3;128;128
71;1;0.0001;concept2;0.019963138;None;0.04693521;0.9800368547439575;10;3;128;128
72;2;0.0001;concept3;0.10099071;None;0.08520147;0.8990092873573303;10;3;128;128
72;0;0.0001;concept1;0.08149231;None;0.092277706;0.9185076951980591;10;3;128;128
72;1;0.0001;concept2;0.019912329;None;0.04686907;0.9800876975059509;10;3;128;128
73;2;0.0001;concept3;0.10070936;None;0.0849346;0.8992906212806702;10;3;128;128
73;0;0.0001;concept1;0.08126702;None;0.09210353;0.9187330007553101;10;3;128;128
73;1;0.0001;concept2;0.01979674;None;0.046719808;0.9802032709121704;10;3;128;128
74;2;0.0001;concept3;0.10049467;None;0.08479013;0.8995053172111511;10;3;128;128
74;0;0.0001;concept1;0.081143424;None;0.09201236;0.9188565611839294;10;3;128;128
74;1;0.0001;concept2;0.019745706;None;0.04665348;0.9802542924880981;10;3;128;128
75;2;0.0001;concept3;0.10009215;None;0.08449423;0.8999078273773193;10;3;128;128
75;0;0.0001;concept1;0.080970585;None;0.09184734;0.9190294146537781;10;3;128;128
75;1;0.0001;concept2;0.019631907;None;0.046505228;0.9803680777549744;10;3;128;128
76;2;0.0001;concept3;0.09990104;None;0.084359415;0.900098979473114;10;3;128;128
76;0;0.0001;concept1;0.080923416;None;0.09179243;0.9190765619277954;10;3;128;128
76;1;0.0001;concept2;0.019580865;None;0.046439096;0.9804191589355469;10;3;128;128
77;2;0.0001;concept3;0.0996098;None;0.08410886;0.9003902077674866;10;3;128;128
77;0;0.0001;concept1;0.08067151;None;0.09160333;0.919328510761261;10;3;128;128
77;1;0.0001;concept2;0.01947383;None;0.046299424;0.9805261492729187;10;3;128;128
78;2;0.0001;concept3;0.09953465;None;0.08400791;0.9004653692245483;10;3;128;128
78;0;0.0001;concept1;0.080574304;None;0.09153038;0.9194257259368896;10;3;128;128
78;1;0.0001;concept2;0.019428072;None;0.046239477;0.9805719256401062;10;3;128;128
79;2;0.0001;concept3;0.09934874;None;0.083771795;0.9006512761116028;10;3;128;128
79;0;0.0001;concept1;0.080415756;None;0.09138152;0.9195842742919922;10;3;128;128
79;1;0.0001;concept2;0.01931975;None;0.046098277;0.9806802272796631;10;3;128;128
80;2;0.0001;concept3;0.099238746;None;0.083663546;0.9007612466812134;10;3;128;128
80;0;0.0001;concept1;0.080339156;None;0.09131196;0.9196608662605286;10;3;128;128
80;1;0.0001;concept2;0.01927425;None;0.04603836;0.9807257652282715;10;3;128;128
81;2;0.0001;concept3;0.098853394;None;0.08333149;0.9011465907096863;10;3;128;128
81;0;0.0001;concept1;0.080086015;None;0.09114707;0.9199140071868896;10;3;128;128
81;1;0.0001;concept2;0.019170986;None;0.04590258;0.9808290004730225;10;3;128;128
82;2;0.0001;concept3;0.09873281;None;0.08322583;0.9012671709060669;10;3;128;128
82;0;0.0001;concept1;0.08002161;None;0.09106341;0.9199783802032471;10;3;128;128
82;1;0.0001;concept2;0.019125395;None;0.045842975;0.9808745980262756;10;3;128;128
83;2;0.0001;concept3;0.09845887;None;0.08298775;0.9015411138534546;10;3;128;128
83;0;0.0001;concept1;0.07980398;None;0.09089026;0.9201960563659668;10;3;128;128
83;1;0.0001;concept2;0.019022228;None;0.04570788;0.9809777736663818;10;3;128;128
84;2;0.0001;concept3;0.09829728;None;0.08287459;0.9017027020454407;10;3;128;128
84;0;0.0001;concept1;0.07972006;None;0.09082076;0.9202799201011658;10;3;128;128
84;1;0.0001;concept2;0.018978119;None;0.045650538;0.9810218811035156;10;3;128;128
85;2;0.0001;concept3;0.098009795;None;0.08263261;0.9019901752471924;10;3;128;128
85;0;0.0001;concept1;0.07951643;None;0.09066199;0.9204835891723633;10;3;128;128
85;1;0.0001;concept2;0.018883005;None;0.04552444;0.9811170101165771;10;3;128;128
86;2;0.0001;concept3;0.09793334;None;0.08254062;0.9020666480064392;10;3;128;128
86;0;0.0001;concept1;0.07944019;None;0.09060299;0.920559823513031;10;3;128;128
86;1;0.0001;concept2;0.018839747;None;0.045468014;0.9811602830886841;10;3;128;128
87;2;0.0001;concept3;0.09770731;None;0.08232337;0.9022926688194275;10;3;128;128
87;0;0.0001;concept1;0.07923025;None;0.09042607;0.9207697510719299;10;3;128;128
87;1;0.0001;concept2;0.018745637;None;0.04534388;0.9812543392181396;10;3;128;128
88;2;0.0001;concept3;0.097543426;None;0.08221361;0.9024565815925598;10;3;128;128
88;0;0.0001;concept1;0.079161994;None;0.09036767;0.9208379983901978;10;3;128;128
88;1;0.0001;concept2;0.018705437;None;0.045290552;0.981294572353363;10;3;128;128
89;2;0.0001;concept3;0.097291864;None;0.0819912;0.902708113193512;10;3;128;128
89;0;0.0001;concept1;0.078964956;None;0.09022194;0.9210350513458252;10;3;128;128
89;1;0.0001;concept2;0.018618058;None;0.04517325;0.9813819527626038;10;3;128;128
90;2;0.0001;concept3;0.09716455;None;0.081892475;0.902835488319397;10;3;128;128
90;0;0.0001;concept1;0.078939416;None;0.09018187;0.9210605621337891;10;3;128;128
90;1;0.0001;concept2;0.018579705;None;0.045122135;0.9814202785491943;10;3;128;128
91;2;0.0001;concept3;0.09685352;None;0.081658535;0.903146505355835;10;3;128;128
91;0;0.0001;concept1;0.07873916;None;0.09005356;0.9212608337402344;10;3;128;128
91;1;0.0001;concept2;0.018497193;None;0.045010272;0.9815028309822083;10;3;128;128
92;2;0.0001;concept3;0.09672184;None;0.081558906;0.9032781720161438;10;3;128;128
92;0;0.0001;concept1;0.07870816;None;0.08999808;0.9212918281555176;10;3;128;128
92;1;0.0001;concept2;0.018459855;None;0.044959985;0.9815401434898376;10;3;128;128
93;2;0.0001;concept3;0.09651661;None;0.08136182;0.9034833908081055;10;3;128;128
93;0;0.0001;concept1;0.078470476;None;0.08982303;0.9215295314788818;10;3;128;128
93;1;0.0001;concept2;0.018377097;None;0.044849344;0.9816228747367859;10;3;128;128
94;2;0.0001;concept3;0.096435666;None;0.0812818;0.9035643339157104;10;3;128;128
94;0;0.0001;concept1;0.07842437;None;0.08977416;0.9215756058692932;10;3;128;128
94;1;0.0001;concept2;0.018340193;None;0.044801187;0.9816598296165466;10;3;128;128
95;2;0.0001;concept3;0.096255034;None;0.08109795;0.9037449359893799;10;3;128;128
95;0;0.0001;concept1;0.07821884;None;0.08963278;0.9217811822891235;10;3;128;128
95;1;0.0001;concept2;0.018255882;None;0.044689845;0.981744110584259;10;3;128;128
96;2;0.0001;concept3;0.09611096;None;0.08099982;0.9038890600204468;10;3;128;128
96;0;0.0001;concept1;0.07816126;None;0.089587875;0.9218387603759766;10;3;128;128
96;1;0.0001;concept2;0.018218897;None;0.044640694;0.9817811250686646;10;3;128;128
97;2;0.0001;concept3;0.095854476;None;0.080794364;0.9041455388069153;10;3;128;128
97;0;0.0001;concept1;0.07794652;None;0.089425854;0.9220534563064575;10;3;128;128
97;1;0.0001;concept2;0.018143982;None;0.044539683;0.9818559885025024;10;3;128;128
98;2;0.0001;concept3;0.09576382;None;0.0807101;0.9042361974716187;10;3;128;128
98;0;0.0001;concept1;0.07787762;None;0.08936108;0.9221223592758179;10;3;128;128
98;1;0.0001;concept2;0.018109845;None;0.044493597;0.9818901419639587;10;3;128;128
99;2;0.0001;concept3;0.095709294;None;0.08055572;0.9042906761169434;10;3;128;128
99;0;0.0001;concept1;0.07771372;None;0.08923301;0.9222862720489502;10;3;128;128
99;1;0.0001;concept2;0.018032245;None;0.044388637;0.9819677472114563;10;3;128;128
100;2;0.0001;concept3;0.095636405;None;0.080479875;0.9043635725975037;10;3;128;128
100;0;0.0001;concept1;0.07763795;None;0.08917824;0.9223620295524597;10;3;128;128
100;1;0.0001;concept2;0.017997764;None;0.04434176;0.9820022583007812;10;3;128;128
101;2;0.0001;concept3;0.09558853;None;0.080343425;0.9044114947319031;10;3;128;128
101;0;0.0001;concept1;0.077532746;None;0.0890607;0.9224672317504883;10;3;128;128
101;1;0.0001;concept2;0.017922008;None;0.044239234;0.9820780158042908;10;3;128;128
102;2;0.0001;concept3;0.09550378;None;0.0802661;0.9044961929321289;10;3;128;128
102;0;0.0001;concept1;0.07743105;None;0.0889879;0.9225689172744751;10;3;128;128
102;1;0.0001;concept2;0.017891295;None;0.044197366;0.9821087121963501;10;3;128;128
103;2;0.0001;concept3;0.09530314;None;0.08009244;0.9046968817710876;10;3;128;128
103;0;0.0001;concept1;0.0773253;None;0.08889612;0.9226747155189514;10;3;128;128
103;1;0.0001;concept2;0.01782026;None;0.04409926;0.9821797609329224;10;3;128;128
104;2;0.0001;concept3;0.09555578;None;0.08011486;0.9044442176818848;10;3;128;128
104;0;0.0001;concept1;0.07724607;None;0.08883754;0.9227539300918579;10;3;128;128
104;1;0.0001;concept2;0.017787961;None;0.044054415;0.9822120666503906;10;3;128;128
105;2;0.0001;concept3;0.095585324;None;0.08001027;0.9044146537780762;10;3;128;128
105;0;0.0001;concept1;0.07711329;None;0.08871899;0.9228867292404175;10;3;128;128
105;1;0.0001;concept2;0.017713303;None;0.04395126;0.9822866916656494;10;3;128;128
106;2;0.0001;concept3;0.09557295;None;0.07996007;0.9044270515441895;10;3;128;128
106;0;0.0001;concept1;0.07701954;None;0.088653326;0.9229804277420044;10;3;128;128
106;1;0.0001;concept2;0.017681323;None;0.043907516;0.9823186993598938;10;3;128;128
107;2;0.0001;concept3;0.09537151;None;0.079808116;0.9046285152435303;10;3;128;128
107;0;0.0001;concept1;0.07683982;None;0.0885159;0.923160195350647;10;3;128;128
107;1;0.0001;concept2;0.01761205;None;0.0438114;0.9823879599571228;10;3;128;128
108;2;0.0001;concept3;0.0952925;None;0.07973573;0.9047074913978577;10;3;128;128
108;0;0.0001;concept1;0.07677055;None;0.088458635;0.923229455947876;10;3;128;128
108;1;0.0001;concept2;0.017578846;None;0.04376587;0.9824211597442627;10;3;128;128
109;2;0.0001;concept3;0.095113724;None;0.07957868;0.9048862457275391;10;3;128;128
109;0;0.0001;concept1;0.0766403;None;0.08834925;0.9233596920967102;10;3;128;128
109;1;0.0001;concept2;0.017510058;None;0.04367044;0.9824899435043335;10;3;128;128
110;2;0.0001;concept3;0.095025614;None;0.07950786;0.9049744009971619;10;3;128;128
110;0;0.0001;concept1;0.07656591;None;0.088293985;0.9234340786933899;10;3;128;128
110;1;0.0001;concept2;0.017478567;None;0.04362665;0.9825214147567749;10;3;128;128
111;2;0.0001;concept3;0.09493147;None;0.07937064;0.9050685167312622;10;3;128;128
111;0;0.0001;concept1;0.07636425;None;0.088139996;0.923635721206665;10;3;128;128
111;1;0.0001;concept2;0.017410563;None;0.043530922;0.9825894236564636;10;3;128;128
112;2;0.0001;concept3;0.0948246;None;0.07929707;0.9051753878593445;10;3;128;128
112;0;0.0001;concept1;0.07631001;None;0.08809077;0.9236899614334106;10;3;128;128
112;1;0.0001;concept2;0.017380519;None;0.04348891;0.9826194643974304;10;3;128;128
113;2;0.0001;concept3;0.09463533;None;0.07914229;0.9053646922111511;10;3;128;128
113;0;0.0001;concept1;0.07622931;None;0.087995075;0.9237706661224365;10;3;128;128
113;1;0.0001;concept2;0.017314918;None;0.04339705;0.9826850891113281;10;3;128;128
114;2;0.0001;concept3;0.094475895;None;0.07905816;0.9055241346359253;10;3;128;128
114;0;0.0001;concept1;0.07617479;None;0.08794925;0.923825204372406;10;3;128;128
114;1;0.0001;concept2;0.017285636;None;0.04335609;0.9827143549919128;10;3;128;128
115;2;0.0001;concept3;0.094311394;None;0.0789208;0.9056885838508606;10;3;128;128
115;0;0.0001;concept1;0.07600845;None;0.08782791;0.9239915609359741;10;3;128;128
115;1;0.0001;concept2;0.017223472;None;0.04326736;0.9827765226364136;10;3;128;128
116;2;0.0001;concept3;0.0942612;None;0.07886078;0.9057388305664062;10;3;128;128
116;0;0.0001;concept1;0.07594007;None;0.08777422;0.9240599274635315;10;3;128;128
116;1;0.0001;concept2;0.017193196;None;0.04322518;0.9828068017959595;10;3;128;128
117;2;0.0001;concept3;0.09409745;None;0.078726344;0.9059025645256042;10;3;128;128
117;0;0.0001;concept1;0.075818665;None;0.08768031;0.924181342124939;10;3;128;128
117;1;0.0001;concept2;0.01713129;None;0.043136876;0.9828687310218811;10;3;128;128
118;2;0.0001;concept3;0.09406418;None;0.07867702;0.9059358239173889;10;3;128;128
118;0;0.0001;concept1;0.075756505;None;0.08762666;0.9242435097694397;10;3;128;128
118;1;0.0001;concept2;0.017104572;None;0.04309833;0.9828954339027405;10;3;128;128
119;2;0.0001;concept3;0.09397495;None;0.07856028;0.9060250520706177;10;3;128;128
119;0;0.0001;concept1;0.07562998;None;0.08751956;0.9243700504302979;10;3;128;128
119;1;0.0001;concept2;0.0170453;None;0.043012507;0.9829546809196472;10;3;128;128
120;2;0.0001;concept3;0.093918815;None;0.07850201;0.9060811996459961;10;3;128;128
120;0;0.0001;concept1;0.075566836;None;0.087465174;0.924433171749115;10;3;128;128
120;1;0.0001;concept2;0.017018178;None;0.042973615;0.98298180103302;10;3;128;128
121;2;0.0001;concept3;0.09388906;None;0.078404635;0.906110942363739;10;3;128;128
121;0;0.0001;concept1;0.07544229;None;0.087365635;0.9245576858520508;10;3;128;128
121;1;0.0001;concept2;0.016957555;None;0.042886183;0.9830424189567566;10;3;128;128
122;2;0.0001;concept3;0.0937933;None;0.07834597;0.9062067270278931;10;3;128;128
122;0;0.0001;concept1;0.07538659;None;0.08732451;0.9246134161949158;10;3;128;128
122;1;0.0001;concept2;0.016931305;None;0.042848628;0.9830687046051025;10;3;128;128
123;2;0.0001;concept3;0.093649015;None;0.07822579;0.9063509702682495;10;3;128;128
123;0;0.0001;concept1;0.07526238;None;0.0872142;0.9247376322746277;10;3;128;128
123;1;0.0001;concept2;0.016872276;None;0.04276417;0.9831277132034302;10;3;128;128
124;2;0.0001;concept3;0.093572184;None;0.07817192;0.906427800655365;10;3;128;128
124;0;0.0001;concept1;0.07519833;None;0.08716671;0.9248016476631165;10;3;128;128
124;1;0.0001;concept2;0.016845474;None;0.04272577;0.9831545352935791;10;3;128;128
125;2;0.0001;concept3;0.09344312;None;0.078051694;0.9065569043159485;10;3;128;128
125;0;0.0001;concept1;0.07505072;None;0.08705237;0.9249492883682251;10;3;128;128
125;1;0.0001;concept2;0.016789347;None;0.042645056;0.9832106828689575;10;3;128;128
126;2;0.0001;concept3;0.09347935;None;0.07801334;0.906520664691925;10;3;128;128
126;0;0.0001;concept1;0.07499821;None;0.08700961;0.9250018000602722;10;3;128;128
126;1;0.0001;concept2;0.016762549;None;0.042607058;0.9832374453544617;10;3;128;128
127;2;0.0001;concept3;0.0933644;None;0.07789941;0.906635582447052;10;3;128;128
127;0;0.0001;concept1;0.07487635;None;0.08691078;0.9251236319541931;10;3;128;128
127;1;0.0001;concept2;0.016706528;None;0.042526353;0.9832934737205505;10;3;128;128
128;2;0.0001;concept3;0.09342223;None;0.07786608;0.9065777659416199;10;3;128;128
128;0;0.0001;concept1;0.074826166;None;0.086864375;0.925173819065094;10;3;128;128
128;1;0.0001;concept2;0.016681017;None;0.042490203;0.9833189845085144;10;3;128;128
129;2;0.0001;concept3;0.09323487;None;0.07772061;0.9067651033401489;10;3;128;128
129;0;0.0001;concept1;0.0747212;None;0.08678035;0.9252787828445435;10;3;128;128
129;1;0.0001;concept2;0.016627284;None;0.042413138;0.983372688293457;10;3;128;128
130;2;0.0001;concept3;0.09320365;None;0.07767669;0.9067963361740112;10;3;128;128
130;0;0.0001;concept1;0.07466127;None;0.08673328;0.9253387451171875;10;3;128;128
130;1;0.0001;concept2;0.016605202;None;0.042381804;0.9833948016166687;10;3;128;128
131;2;0.0001;concept3;0.093116276;None;0.07757602;0.906883716583252;10;3;128;128
131;0;0.0001;concept1;0.07456388;None;0.08664704;0.9254361391067505;10;3;128;128
131;1;0.0001;concept2;0.016551005;None;0.042303793;0.9834489822387695;10;3;128;128
132;2;0.0001;concept3;0.09304505;None;0.07752467;0.9069549441337585;10;3;128;128
132;0;0.0001;concept1;0.07450311;None;0.086598195;0.9254968762397766;10;3;128;128
132;1;0.0001;concept2;0.016526291;None;0.042268798;0.9834737181663513;10;3;128;128
133;2;0.0001;concept3;0.09288294;None;0.07741053;0.9071170687675476;10;3;128;128
133;0;0.0001;concept1;0.074453086;None;0.08654429;0.9255469441413879;10;3;128;128
133;1;0.0001;concept2;0.016474456;None;0.042194463;0.9835255146026611;10;3;128;128
134;2;0.0001;concept3;0.09291691;None;0.0773859;0.9070830941200256;10;3;128;128
134;0;0.0001;concept1;0.0744075;None;0.08649859;0.9255924820899963;10;3;128;128
134;1;0.0001;concept2;0.016450832;None;0.04216072;0.983549177646637;10;3;128;128
135;2;0.0001;concept3;0.09283582;None;0.07728964;0.9071641564369202;10;3;128;128
135;0;0.0001;concept1;0.07429924;None;0.086408235;0.9257007837295532;10;3;128;128
135;1;0.0001;concept2;0.016399562;None;0.042086802;0.9836004376411438;10;3;128;128
136;2;0.0001;concept3;0.09281626;None;0.07724907;0.9071837067604065;10;3;128;128
136;0;0.0001;concept1;0.074254684;None;0.08637198;0.9257453083992004;10;3;128;128
136;1;0.0001;concept2;0.016377367;None;0.04205486;0.9836226105690002;10;3;128;128
137;2;0.0001;concept3;0.092663616;None;0.077138335;0.9073363542556763;10;3;128;128
137;0;0.0001;concept1;0.07407724;None;0.0862452;0.9259227514266968;10;3;128;128
137;1;0.0001;concept2;0.01632861;None;0.041985016;0.9836713671684265;10;3;128;128
138;2;0.0001;concept3;0.092680216;None;0.07711379;0.9073197841644287;10;3;128;128
138;0;0.0001;concept1;0.0740529;None;0.08621824;0.9259470701217651;10;3;128;128
138;1;0.0001;concept2;0.016306316;None;0.04195349;0.9836936593055725;10;3;128;128
139;2;0.0001;concept3;0.09259808;None;0.077020414;0.9074019193649292;10;3;128;128
139;0;0.0001;concept1;0.073952295;None;0.08613352;0.926047682762146;10;3;128;128
139;1;0.0001;concept2;0.016256329;None;0.041882887;0.9837436676025391;10;3;128;128
140;2;0.0001;concept3;0.09256262;None;0.076980345;0.9074373841285706;10;3;128;128
140;0;0.0001;concept1;0.0738937;None;0.086090624;0.9261062741279602;10;3;128;128
140;1;0.0001;concept2;0.016233329;None;0.04185037;0.9837666749954224;10;3;128;128
141;2;0.0001;concept3;0.09256701;None;0.07691656;0.9074329733848572;10;3;128;128
141;0;0.0001;concept1;0.07381151;None;0.086017;0.9261884689331055;10;3;128;128
141;1;0.0001;concept2;0.01618579;None;0.041782007;0.9838142395019531;10;3;128;128
142;2;0.0001;concept3;0.09242292;None;0.07685391;0.9075770974159241;10;3;128;128
142;0;0.0001;concept1;0.07372396;None;0.085955255;0.9262760281562805;10;3;128;128
142;1;0.0001;concept2;0.016167486;None;0.041755315;0.9838325381278992;10;3;128;128
143;2;0.0001;concept3;0.09241034;None;0.07678909;0.9075896739959717;10;3;128;128
143;0;0.0001;concept1;0.073624276;None;0.085872084;0.9263757467269897;10;3;128;128
143;1;0.0001;concept2;0.01612116;None;0.041688535;0.9838788509368896;10;3;128;128
144;2;0.0001;concept3;0.09240741;None;0.076761216;0.9075925946235657;10;3;128;128
144;0;0.0001;concept1;0.07365259;None;0.08586728;0.9263474345207214;10;3;128;128
144;1;0.0001;concept2;0.016098876;None;0.04165662;0.9839011430740356;10;3;128;128
145;2;0.0001;concept3;0.09237503;None;0.07668999;0.9076249599456787;10;3;128;128
145;0;0.0001;concept1;0.07358568;None;0.08579941;0.9264143109321594;10;3;128;128
145;1;0.0001;concept2;0.016052324;None;0.04158986;0.9839476943016052;10;3;128;128
146;2;0.0001;concept3;0.09234814;None;0.076659165;0.9076518416404724;10;3;128;128
146;0;0.0001;concept1;0.073536046;None;0.085761376;0.9264639616012573;10;3;128;128
146;1;0.0001;concept2;0.01603207;None;0.041560676;0.9839679002761841;10;3;128;128
147;2;0.0001;concept3;0.092498414;None;0.07662887;0.9075015783309937;10;3;128;128
147;0;0.0001;concept1;0.07344449;None;0.08568041;0.9265555143356323;10;3;128;128
147;1;0.0001;concept2;0.015983153;None;0.041490663;0.9840168356895447;10;3;128;128
148;2;0.0001;concept3;0.09245986;None;0.07659466;0.9075401425361633;10;3;128;128
148;0;0.0001;concept1;0.07340347;None;0.08564839;0.9265965223312378;10;3;128;128
148;1;0.0001;concept2;0.015964216;None;0.041463602;0.9840357899665833;10;3;128;128
149;2;0.0001;concept3;0.091887064;None;0.07642674;0.9081129431724548;10;3;128;128
149;0;0.0001;concept1;0.07332771;None;0.08557634;0.9266722798347473;10;3;128;128
149;1;0.0001;concept2;0.01591672;None;0.04139548;0.9840832948684692;10;3;128;128
150;0;0.0001;concept1;0.07329532;None;0.085542634;0.9267047047615051;10;3;128;128
150;1;0.0001;concept2;0.0158954;None;0.041365195;0.984104573726654;10;3;128;128
150;2;0.0001;concept3;0.091874026;None;0.07639799;0.9081259965896606;10;3;128;128
151;0;0.0001;concept1;0.07317974;None;0.085449345;0.9268202781677246;10;3;128;128
151;1;0.0001;concept2;0.01584759;None;0.041295994;0.9841524362564087;10;3;128;128
151;2;0.0001;concept3;0.09182024;None;0.076328255;0.908179759979248;10;3;128;128
152;0;0.0001;concept1;0.073153004;None;0.08542158;0.926846981048584;10;3;128;128
152;1;0.0001;concept2;0.015827887;None;0.041267727;0.9841721057891846;10;3;128;128
152;2;0.0001;concept3;0.09185617;None;0.076307714;0.9081438183784485;10;3;128;128
153;0;0.0001;concept1;0.073066816;None;0.08534916;0.9269331693649292;10;3;128;128
153;1;0.0001;concept2;0.01578443;None;0.04120458;0.9842155575752258;10;3;128;128
153;2;0.0001;concept3;0.09185634;None;0.07625006;0.9081436395645142;10;3;128;128
154;0;0.0001;concept1;0.07302394;None;0.08531386;0.9269760847091675;10;3;128;128
154;1;0.0001;concept2;0.015764602;None;0.04117587;0.984235405921936;10;3;128;128
154;2;0.0001;concept3;0.09183364;None;0.076222636;0.9081663489341736;10;3;128;128
155;0;0.0001;concept1;0.072905615;None;0.08522233;0.9270943999290466;10;3;128;128
155;1;0.0001;concept2;0.01572001;None;0.041111022;0.984279990196228;10;3;128;128
155;2;0.0001;concept3;0.09178056;None;0.07615959;0.9082194566726685;10;3;128;128
156;0;0.0001;concept1;0.072862715;None;0.0851893;0.9271372556686401;10;3;128;128
156;1;0.0001;concept2;0.015700914;None;0.04108333;0.9842990636825562;10;3;128;128
156;2;0.0001;concept3;0.09176457;None;0.07613396;0.9082354307174683;10;3;128;128
157;0;0.0001;concept1;0.072771646;None;0.08511475;0.9272283315658569;10;3;128;128
157;1;0.0001;concept2;0.015656926;None;0.041018948;0.9843430519104004;10;3;128;128
157;2;0.0001;concept3;0.092078365;None;0.07611571;0.9079216718673706;10;3;128;128
158;0;0.0001;concept1;0.07275136;None;0.085088536;0.9272486567497253;10;3;128;128
158;1;0.0001;concept2;0.015638338;None;0.04099163;0.9843616485595703;10;3;128;128
158;2;0.0001;concept3;0.09205358;None;0.07608869;0.9079464077949524;10;3;128;128
159;0;0.0001;concept1;0.07266414;None;0.085012205;0.9273358583450317;10;3;128;128
159;1;0.0001;concept2;0.015599873;None;0.040934246;0.9844001531600952;10;3;128;128
159;2;0.0001;concept3;0.09198488;None;0.07601914;0.9080151319503784;10;3;128;128
160;0;0.0001;concept1;0.072614536;None;0.08497548;0.9273854494094849;10;3;128;128
160;1;0.0001;concept2;0.015581387;None;0.040907104;0.9844186305999756;10;3;128;128
160;2;0.0001;concept3;0.091973275;None;0.07599249;0.9080266952514648;10;3;128;128
161;0;0.0001;concept1;0.07253041;None;0.08489912;0.9274696111679077;10;3;128;128
161;1;0.0001;concept2;0.015542975;None;0.040849626;0.9844570159912109;10;3;128;128
161;2;0.0001;concept3;0.09197708;None;0.07594345;0.908022940158844;10;3;128;128
162;0;0.0001;concept1;0.07248103;None;0.084857695;0.9275189638137817;10;3;128;128
162;1;0.0001;concept2;0.015524321;None;0.040822327;0.9844756722450256;10;3;128;128
162;2;0.0001;concept3;0.09189521;None;0.075901024;0.9081047773361206;10;3;128;128
163;0;0.0001;concept1;0.07241506;None;0.08478963;0.9275849461555481;10;3;128;128
163;1;0.0001;concept2;0.015484398;None;0.040762596;0.9845156073570251;10;3;128;128
163;2;0.0001;concept3;0.091832645;None;0.075843774;0.9081673622131348;10;3;128;128
164;0;0.0001;concept1;0.07235934;None;0.08474923;0.9276406764984131;10;3;128;128
164;1;0.0001;concept2;0.015466875;None;0.04073673;0.9845331311225891;10;3;128;128
164;2;0.0001;concept3;0.091817945;None;0.075820275;0.9081820249557495;10;3;128;128
165;0;0.0001;concept1;0.07227176;None;0.08468052;0.9277282357215881;10;3;128;128
165;1;0.0001;concept2;0.01542704;None;0.040677067;0.9845729470252991;10;3;128;128
165;2;0.0001;concept3;0.092088506;None;0.07583743;0.907911479473114;10;3;128;128
166;0;0.0001;concept1;0.07218684;None;0.08462285;0.9278131723403931;10;3;128;128
166;1;0.0001;concept2;0.015409563;None;0.0406511;0.9845904111862183;10;3;128;128
166;2;0.0001;concept3;0.09206839;None;0.07581173;0.9079316258430481;10;3;128;128
167;0;0.0001;concept1;0.07209162;None;0.0845471;0.9279083609580994;10;3;128;128
167;1;0.0001;concept2;0.015368581;None;0.040589783;0.9846314191818237;10;3;128;128
167;2;0.0001;concept3;0.09201543;None;0.07575267;0.9079845547676086;10;3;128;128
168;0;0.0001;concept1;0.07204359;None;0.08450908;0.9279564023017883;10;3;128;128
168;1;0.0001;concept2;0.015350971;None;0.04056364;0.9846490025520325;10;3;128;128
168;2;0.0001;concept3;0.09197639;None;0.07572204;0.9080235958099365;10;3;128;128
169;0;0.0001;concept1;0.07198706;None;0.08445021;0.9280129671096802;10;3;128;128
169;1;0.0001;concept2;0.015311335;None;0.04050513;0.9846886396408081;10;3;128;128
169;2;0.0001;concept3;0.09191227;None;0.075663835;0.9080877304077148;10;3;128;128
170;0;0.0001;concept1;0.071949564;None;0.084420405;0.9280504584312439;10;3;128;128
170;1;0.0001;concept2;0.0152936;None;0.040479034;0.9847064018249512;10;3;128;128
170;2;0.0001;concept3;0.09189071;None;0.0756394;0.9081093072891235;10;3;128;128
171;0;0.0001;concept1;0.0718728;None;0.08435658;0.9281272292137146;10;3;128;128
171;1;0.0001;concept2;0.01525739;None;0.04042402;0.9847425818443298;10;3;128;128
171;2;0.0001;concept3;0.09183294;None;0.0755889;0.9081670641899109;10;3;128;128
172;0;0.0001;concept1;0.0718437;None;0.084328346;0.928156316280365;10;3;128;128
172;1;0.0001;concept2;0.015238442;None;0.04039675;0.9847615361213684;10;3;128;128
172;2;0.0001;concept3;0.0918085;None;0.07556696;0.9081915020942688;10;3;128;128
173;0;0.0001;concept1;0.07175728;None;0.084254935;0.9282427430152893;10;3;128;128
173;1;0.0001;concept2;0.015199517;None;0.040338114;0.9848004579544067;10;3;128;128
173;2;0.0001;concept3;0.091819964;None;0.07553007;0.9081799983978271;10;3;128;128
174;0;0.0001;concept1;0.07171461;None;0.08422307;0.9282853603363037;10;3;128;128
174;1;0.0001;concept2;0.015183996;None;0.040314764;0.9848160147666931;10;3;128;128
174;2;0.0001;concept3;0.091813505;None;0.075513706;0.9081864953041077;10;3;128;128
175;0;0.0001;concept1;0.07164579;None;0.08415914;0.9283542037010193;10;3;128;128
175;1;0.0001;concept2;0.015148663;None;0.040261175;0.9848513603210449;10;3;128;128
175;2;0.0001;concept3;0.091734685;None;0.07545794;0.9082652926445007;10;3;128;128
176;0;0.0001;concept1;0.07160437;None;0.084130235;0.9283956289291382;10;3;128;128
176;1;0.0001;concept2;0.015133695;None;0.040238436;0.9848663210868835;10;3;128;128
176;2;0.0001;concept3;0.091731645;None;0.07543954;0.9082683324813843;10;3;128;128
177;0;0.0001;concept1;0.071520224;None;0.0840567;0.928479790687561;10;3;128;128
177;1;0.0001;concept2;0.015098577;None;0.04018513;0.9849014282226562;10;3;128;128
177;2;0.0001;concept3;0.09165357;None;0.07539269;0.90834641456604;10;3;128;128
178;0;0.0001;concept1;0.07149101;None;0.084034644;0.928508996963501;10;3;128;128
178;1;0.0001;concept2;0.015083643;None;0.040161982;0.9849163293838501;10;3;128;128
178;2;0.0001;concept3;0.09162715;None;0.07537207;0.9083728790283203;10;3;128;128
179;0;0.0001;concept1;0.07140486;None;0.08396242;0.9285951256752014;10;3;128;128
179;1;0.0001;concept2;0.01504275;None;0.040101644;0.9849572777748108;10;3;128;128
179;2;0.0001;concept3;0.09152923;None;0.07531214;0.9084707498550415;10;3;128;128
180;0;0.0001;concept1;0.071379915;None;0.083936386;0.9286201000213623;10;3;128;128
180;1;0.0001;concept2;0.015027638;None;0.040078778;0.984972357749939;10;3;128;128
180;2;0.0001;concept3;0.091483966;None;0.0752891;0.9085160493850708;10;3;128;128
181;0;0.0001;concept1;0.07129928;None;0.08387455;0.9287007451057434;10;3;128;128
181;1;0.0001;concept2;0.014991966;None;0.04002575;0.9850080609321594;10;3;128;128
181;2;0.0001;concept3;0.09140338;None;0.07524904;0.9085966348648071;10;3;128;128
182;0;0.0001;concept1;0.07127323;None;0.0838486;0.9287267923355103;10;3;128;128
182;1;0.0001;concept2;0.01497852;None;0.04000487;0.9850214719772339;10;3;128;128
182;2;0.0001;concept3;0.09136094;None;0.07522524;0.9086390733718872;10;3;128;128
183;0;0.0001;concept1;0.0711646;None;0.08376966;0.928835391998291;10;3;128;128
183;1;0.0001;concept2;0.014944452;None;0.03995275;0.9850555658340454;10;3;128;128
183;2;0.0001;concept3;0.09114901;None;0.07515133;0.9088509678840637;10;3;128;128
184;0;0.0001;concept1;0.07110395;None;0.08373237;0.9288960695266724;10;3;128;128
184;1;0.0001;concept2;0.014928189;None;0.03992881;0.9850718379020691;10;3;128;128
184;2;0.0001;concept3;0.090804875;None;0.075088575;0.9091951251029968;10;3;128;128
185;0;0.0001;concept1;0.071046084;None;0.08366543;0.9289538860321045;10;3;128;128
185;1;0.0001;concept2;0.0148938075;None;0.03987731;0.9851061701774597;10;3;128;128
185;2;0.0001;concept3;0.090774514;None;0.07504254;0.9092254638671875;10;3;128;128
186;0;0.0001;concept1;0.07106563;None;0.08366212;0.9289343953132629;10;3;128;128
186;1;0.0001;concept2;0.0148755675;None;0.039849196;0.985124409198761;10;3;128;128
186;2;0.0001;concept3;0.09105439;None;0.07506618;0.908945620059967;10;3;128;128
187;0;0.0001;concept1;0.07090892;None;0.08357101;0.9290910959243774;10;3;128;128
187;1;0.0001;concept2;0.014842294;None;0.03979892;0.9851577281951904;10;3;128;128
187;2;0.0001;concept3;0.091127284;None;0.07505619;0.9088727235794067;10;3;128;128
188;0;0.0001;concept1;0.070904866;None;0.08355539;0.9290951490402222;10;3;128;128
188;1;0.0001;concept2;0.014828399;None;0.03977757;0.9851716160774231;10;3;128;128
188;2;0.0001;concept3;0.09111075;None;0.07504017;0.9088892340660095;10;3;128;128
189;0;0.0001;concept1;0.070800476;None;0.083481506;0.9291995167732239;10;3;128;128
189;1;0.0001;concept2;0.014796773;None;0.039729893;0.985203206539154;10;3;128;128
189;2;0.0001;concept3;0.09043761;None;0.07490802;0.9095624089241028;10;3;128;128
190;0;0.0001;concept1;0.07082199;None;0.083467245;0.92917799949646;10;3;128;128
190;1;0.0001;concept2;0.014783179;None;0.039709277;0.9852167963981628;10;3;128;128
190;2;0.0001;concept3;0.09042123;None;0.074894466;0.909578800201416;10;3;128;128
191;0;0.0001;concept1;0.07075051;None;0.08340018;0.9292494654655457;10;3;128;128
191;1;0.0001;concept2;0.014751086;None;0.039661255;0.9852489233016968;10;3;128;128
191;2;0.0001;concept3;0.090346314;None;0.07484761;0.9096536636352539;10;3;128;128
192;0;0.0001;concept1;0.07071407;None;0.08337593;0.9292859435081482;10;3;128;128
192;1;0.0001;concept2;0.0147381155;None;0.03964213;0.985261857509613;10;3;128;128
192;2;0.0001;concept3;0.09033222;None;0.074832;0.9096677899360657;10;3;128;128
193;0;0.0001;concept1;0.0706462;None;0.08331907;0.9293538331985474;10;3;128;128
193;1;0.0001;concept2;0.014706052;None;0.03959437;0.9852939248085022;10;3;128;128
193;2;0.0001;concept3;0.09033778;None;0.074803375;0.9096622467041016;10;3;128;128
194;0;0.0001;concept1;0.07059707;None;0.08328185;0.9294029474258423;10;3;128;128
194;1;0.0001;concept2;0.014690589;None;0.03957111;0.9853094220161438;10;3;128;128
194;2;0.0001;concept3;0.09032032;None;0.07478785;0.909679651260376;10;3;128;128
195;0;0.0001;concept1;0.07051306;None;0.08321988;0.9294869303703308;10;3;128;128
195;1;0.0001;concept2;0.014661817;None;0.03952706;0.9853382110595703;10;3;128;128
195;2;0.0001;concept3;0.09024931;None;0.07475235;0.9097506999969482;10;3;128;128
196;0;0.0001;concept1;0.07053135;None;0.08322083;0.9294686317443848;10;3;128;128
196;1;0.0001;concept2;0.014648633;None;0.039507408;0.9853513836860657;10;3;128;128
196;2;0.0001;concept3;0.09021597;None;0.0747384;0.9097840189933777;10;3;128;128
197;0;0.0001;concept1;0.07046993;None;0.08316764;0.9295300841331482;10;3;128;128
197;1;0.0001;concept2;0.014617097;None;0.03945931;0.9853829145431519;10;3;128;128
197;2;0.0001;concept3;0.09014685;None;0.07470517;0.9098531603813171;10;3;128;128
198;0;0.0001;concept1;0.070412934;None;0.08312974;0.9295870661735535;10;3;128;128
198;1;0.0001;concept2;0.014604536;None;0.03944047;0.9853954911231995;10;3;128;128
198;2;0.0001;concept3;0.09011937;None;0.074691616;0.9098806381225586;10;3;128;128
199;0;0.0001;concept1;0.07028447;None;0.083037674;0.9297155141830444;10;3;128;128
199;1;0.0001;concept2;0.014577016;None;0.039398283;0.9854229688644409;10;3;128;128
199;2;0.0001;concept3;0.089964315;None;0.07465102;0.9100356698036194;10;3;128;128
