0;0;0.0001;concept1;0.2830508;None;0.18803558;0.7169492244720459;10;3;128;128
0;1;0.0001;concept2;0.5666145;None;0.2765179;0.43338555097579956;10;3;128;128
0;2;0.0001;concept3;0.92636186;None;0.35126612;0.07363814115524292;10;3;128;128
1;0;0.0001;concept1;0.39531368;None;0.21753724;0.6046863198280334;10;3;128;128
1;1;0.0001;concept2;0.8264982;None;0.33154845;0.1735018491744995;10;3;128;128
1;2;0.0001;concept3;0.98764986;None;0.36631167;0.012350142002105713;10;3;128;128
2;0;0.0001;concept1;0.20037754;None;0.15096572;0.7996224761009216;10;3;128;128
2;1;0.0001;concept2;0.3885628;None;0.22040376;0.611437201499939;10;3;128;128
2;2;0.0001;concept3;0.44594243;None;0.23341325;0.5540575981140137;10;3;128;128
3;0;0.0001;concept1;0.14904283;None;0.12992617;0.8509571552276611;10;3;128;128
3;1;0.0001;concept2;0.22774358;None;0.16183026;0.7722564339637756;10;3;128;128
3;2;0.0001;concept3;0.2885023;None;0.17547838;0.7114976644515991;10;3;128;128
4;0;0.0001;concept1;0.12760483;None;0.12043988;0.8723951578140259;10;3;128;128
4;1;0.0001;concept2;0.15760982;None;0.13096333;0.8423901796340942;10;3;128;128
4;2;0.0001;concept3;0.23457013;None;0.15006016;0.7654298543930054;10;3;128;128
5;0;0.0001;concept1;0.11627641;None;0.11513038;0.8837236166000366;10;3;128;128
5;1;0.0001;concept2;0.12033711;None;0.11262684;0.8796628713607788;10;3;128;128
5;2;0.0001;concept3;0.20623863;None;0.1359441;0.7937613725662231;10;3;128;128
6;0;0.0001;concept1;0.109319;None;0.11162145;0.8906810283660889;10;3;128;128
6;1;0.0001;concept2;0.098405905;None;0.10111235;0.9015941023826599;10;3;128;128
6;2;0.0001;concept3;0.19190186;None;0.12814158;0.8080981373786926;10;3;128;128
7;0;0.0001;concept1;0.10447648;None;0.1090835;0.8955235481262207;10;3;128;128
7;1;0.0001;concept2;0.084169656;None;0.093374796;0.9158303737640381;10;3;128;128
7;2;0.0001;concept3;0.18353118;None;0.12336711;0.8164688348770142;10;3;128;128
8;0;0.0001;concept1;0.10094005;None;0.10715277;0.8990599513053894;10;3;128;128
8;1;0.0001;concept2;0.07438283;None;0.08782803;0.9256171584129333;10;3;128;128
8;2;0.0001;concept3;0.177517;None;0.11994263;0.8224830031394958;10;3;128;128
9;0;0.0001;concept1;0.09824288;None;0.10561715;0.9017571210861206;10;3;128;128
9;1;0.0001;concept2;0.067368574;None;0.083677426;0.9326314330101013;10;3;128;128
9;2;0.0001;concept3;0.17267066;None;0.11730104;0.8273293375968933;10;3;128;128
10;0;0.0001;concept1;0.09593603;None;0.10427409;0.9040639400482178;10;3;128;128
10;1;0.0001;concept2;0.062058482;None;0.08041;0.9379414916038513;10;3;128;128
10;2;0.0001;concept3;0.16964643;None;0.11558881;0.8303535580635071;10;3;128;128
11;0;0.0001;concept1;0.09404416;None;0.10316314;0.9059558510780334;10;3;128;128
11;1;0.0001;concept2;0.05795115;None;0.077793136;0.9420488476753235;10;3;128;128
11;2;0.0001;concept3;0.16660917;None;0.114109;0.8333908319473267;10;3;128;128
12;0;0.0001;concept1;0.092436984;None;0.102204084;0.9075630307197571;10;3;128;128
12;1;0.0001;concept2;0.054700524;None;0.07566983;0.945299506187439;10;3;128;128
12;2;0.0001;concept3;0.16495818;None;0.11311858;0.8350418210029602;10;3;128;128
13;0;0.0001;concept1;0.091101095;None;0.10137062;0.9088988900184631;10;3;128;128
13;1;0.0001;concept2;0.05200818;None;0.07386844;0.9479918479919434;10;3;128;128
13;2;0.0001;concept3;0.1639037;None;0.112540506;0.8360962867736816;10;3;128;128
14;0;0.0001;concept1;0.09000525;None;0.10067823;0.9099947214126587;10;3;128;128
14;1;0.0001;concept2;0.04980643;None;0.07235986;0.9501935839653015;10;3;128;128
14;2;0.0001;concept3;0.16232345;None;0.11180715;0.8376765847206116;10;3;128;128
15;0;0.0001;concept1;0.08897473;None;0.10002078;0.9110252857208252;10;3;128;128
15;1;0.0001;concept2;0.047997102;None;0.071101725;0.9520028829574585;10;3;128;128
15;2;0.0001;concept3;0.16077435;None;0.111063786;0.8392256498336792;10;3;128;128
16;0;0.0001;concept1;0.08812641;None;0.0994661;0.9118735790252686;10;3;128;128
16;1;0.0001;concept2;0.0463856;None;0.069923125;0.9536144137382507;10;3;128;128
16;2;0.0001;concept3;0.1595495;None;0.11046457;0.8404505252838135;10;3;128;128
17;0;0.0001;concept1;0.08735396;None;0.09895073;0.9126460552215576;10;3;128;128
17;1;0.0001;concept2;0.045039643;None;0.06894652;0.9549603462219238;10;3;128;128
17;2;0.0001;concept3;0.15848108;None;0.10992737;0.8415189385414124;10;3;128;128
18;0;0.0001;concept1;0.086634584;None;0.09847447;0.9133654236793518;10;3;128;128
18;1;0.0001;concept2;0.043854002;None;0.06808155;0.9561460018157959;10;3;128;128
18;2;0.0001;concept3;0.15753566;None;0.1094788;0.8424643278121948;10;3;128;128
19;0;0.0001;concept1;0.08594424;None;0.0980201;0.9140557646751404;10;3;128;128
19;1;0.0001;concept2;0.042804155;None;0.06729848;0.9571958184242249;10;3;128;128
19;2;0.0001;concept3;0.1566213;None;0.109014384;0.8433786630630493;10;3;128;128
20;0;0.0001;concept1;0.08532965;None;0.097601004;0.9146703481674194;10;3;128;128
20;1;0.0001;concept2;0.041869894;None;0.06659597;0.9581301212310791;10;3;128;128
20;2;0.0001;concept3;0.15569186;None;0.10857705;0.8443081378936768;10;3;128;128
21;0;0.0001;concept1;0.08475986;None;0.09720932;0.9152401685714722;10;3;128;128
21;1;0.0001;concept2;0.04102428;None;0.06594706;0.9589757323265076;10;3;128;128
21;2;0.0001;concept3;0.15512587;None;0.10824805;0.8448741436004639;10;3;128;128
22;0;0.0001;concept1;0.08422725;None;0.09683761;0.9157727360725403;10;3;128;128
22;1;0.0001;concept2;0.040258676;None;0.06534933;0.9597413539886475;10;3;128;128
22;2;0.0001;concept3;0.15450643;None;0.107923;0.8454935550689697;10;3;128;128
23;0;0.0001;concept1;0.08374592;None;0.09649751;0.9162541031837463;10;3;128;128
23;1;0.0001;concept2;0.039552104;None;0.0647854;0.9604479074478149;10;3;128;128
23;2;0.0001;concept3;0.15368539;None;0.10753225;0.8463146090507507;10;3;128;128
24;0;0.0001;concept1;0.083265595;None;0.09617122;0.9167343974113464;10;3;128;128
24;1;0.0001;concept2;0.03892821;None;0.06429322;0.961071789264679;10;3;128;128
24;2;0.0001;concept3;0.15303431;None;0.10718645;0.8469656705856323;10;3;128;128
25;0;0.0001;concept1;0.082834974;None;0.09586869;0.9171650409698486;10;3;128;128
25;1;0.0001;concept2;0.038364436;None;0.06384015;0.9616355895996094;10;3;128;128
25;2;0.0001;concept3;0.15264837;None;0.10694138;0.847351610660553;10;3;128;128
26;0;0.0001;concept1;0.082403116;None;0.095569715;0.9175968766212463;10;3;128;128
26;1;0.0001;concept2;0.03783015;None;0.06340626;0.9621698260307312;10;3;128;128
26;2;0.0001;concept3;0.15200278;None;0.10663315;0.8479971885681152;10;3;128;128
27;0;0.0001;concept1;0.081972614;None;0.09526906;0.918027400970459;10;3;128;128
27;1;0.0001;concept2;0.03733542;None;0.0630027;0.9626646041870117;10;3;128;128
27;2;0.0001;concept3;0.15134825;None;0.10631799;0.8486517667770386;10;3;128;128
28;0;0.0001;concept1;0.08160829;None;0.09500632;0.9183917045593262;10;3;128;128
28;1;0.0001;concept2;0.03686817;None;0.062621914;0.963131844997406;10;3;128;128
28;2;0.0001;concept3;0.15107505;None;0.106091164;0.8489249348640442;10;3;128;128
29;0;0.0001;concept1;0.08128145;None;0.09477014;0.9187185764312744;10;3;128;128
29;1;0.0001;concept2;0.03644597;None;0.0622663;0.9635540246963501;10;3;128;128
29;2;0.0001;concept3;0.15048812;None;0.105799034;0.8495118618011475;10;3;128;128
30;0;0.0001;concept1;0.08093466;None;0.09452742;0.9190653562545776;10;3;128;128
30;1;0.0001;concept2;0.03605208;None;0.061937947;0.9639478921890259;10;3;128;128
30;2;0.0001;concept3;0.14987165;None;0.10549006;0.8501283526420593;10;3;128;128
31;0;0.0001;concept1;0.08061989;None;0.09429676;0.9193801283836365;10;3;128;128
31;1;0.0001;concept2;0.035701178;None;0.061646108;0.9642988443374634;10;3;128;128
31;2;0.0001;concept3;0.14957821;None;0.1052953;0.8504217863082886;10;3;128;128
32;0;0.0001;concept1;0.08029881;None;0.09406324;0.9197012186050415;10;3;128;128
32;1;0.0001;concept2;0.035333242;None;0.061321817;0.9646667838096619;10;3;128;128
32;2;0.0001;concept3;0.14902179;None;0.1050251;0.8509781956672668;10;3;128;128
33;0;0.0001;concept1;0.07999561;None;0.09383839;0.9200043678283691;10;3;128;128
33;1;0.0001;concept2;0.035007264;None;0.061039384;0.9649927616119385;10;3;128;128
33;2;0.0001;concept3;0.14854833;None;0.1047832;0.8514516353607178;10;3;128;128
34;0;0.0001;concept1;0.079722345;None;0.09363249;0.9202776551246643;10;3;128;128
34;1;0.0001;concept2;0.034694985;None;0.06076758;0.9653050303459167;10;3;128;128
34;2;0.0001;concept3;0.14819394;None;0.10457133;0.8518060445785522;10;3;128;128
35;0;0.0001;concept1;0.07944558;None;0.093426086;0.9205543994903564;10;3;128;128
35;1;0.0001;concept2;0.03439039;None;0.06050338;0.965609610080719;10;3;128;128
35;2;0.0001;concept3;0.14777404;None;0.10434465;0.8522259593009949;10;3;128;128
36;0;0.0001;concept1;0.07920515;None;0.09324829;0.9207948446273804;10;3;128;128
36;1;0.0001;concept2;0.03410962;None;0.06025718;0.9658904075622559;10;3;128;128
36;2;0.0001;concept3;0.14735383;None;0.10413269;0.8526461720466614;10;3;128;128
37;0;0.0001;concept1;0.07895184;None;0.093066014;0.9210481643676758;10;3;128;128
37;1;0.0001;concept2;0.033852715;None;0.060031183;0.9661473035812378;10;3;128;128
37;2;0.0001;concept3;0.14695196;None;0.10390797;0.8530480265617371;10;3;128;128
38;0;0.0001;concept1;0.07870761;None;0.0928857;0.9212924242019653;10;3;128;128
38;1;0.0001;concept2;0.033621263;None;0.05982936;0.9663787484169006;10;3;128;128
38;2;0.0001;concept3;0.14659873;None;0.10370756;0.8534013032913208;10;3;128;128
39;0;0.0001;concept1;0.0784948;None;0.09271958;0.9215052127838135;10;3;128;128
39;1;0.0001;concept2;0.033386245;None;0.059620075;0.96661376953125;10;3;128;128
39;2;0.0001;concept3;0.14637613;None;0.10354101;0.8536238670349121;10;3;128;128
40;0;0.0001;concept1;0.07828077;None;0.092559606;0.9217191934585571;10;3;128;128
40;1;0.0001;concept2;0.033154942;None;0.059413534;0.9668450355529785;10;3;128;128
40;2;0.0001;concept3;0.14623187;None;0.1033804;0.8537681102752686;10;3;128;128
41;0;0.0001;concept1;0.07806889;None;0.09239799;0.9219310879707336;10;3;128;128
41;1;0.0001;concept2;0.032947116;None;0.05922634;0.9670528769493103;10;3;128;128
41;2;0.0001;concept3;0.14591728;None;0.103191;0.8540827035903931;10;3;128;128
42;0;0.0001;concept1;0.0778243;None;0.09222633;0.9221757054328918;10;3;128;128
42;1;0.0001;concept2;0.03274419;None;0.059043575;0.9672558307647705;10;3;128;128
42;2;0.0001;concept3;0.14569107;None;0.10303958;0.8543089628219604;10;3;128;128
43;0;0.0001;concept1;0.07764537;None;0.09208728;0.9223546385765076;10;3;128;128
43;1;0.0001;concept2;0.03253812;None;0.058857843;0.967461884021759;10;3;128;128
43;2;0.0001;concept3;0.14531553;None;0.10284871;0.8546844720840454;10;3;128;128
44;0;0.0001;concept1;0.07745867;None;0.091946244;0.9225413203239441;10;3;128;128
44;1;0.0001;concept2;0.032357167;None;0.05869361;0.9676428437232971;10;3;128;128
44;2;0.0001;concept3;0.14501959;None;0.10267018;0.8549804091453552;10;3;128;128
45;0;0.0001;concept1;0.07728726;None;0.091808654;0.9227127432823181;10;3;128;128
45;1;0.0001;concept2;0.03216157;None;0.058514494;0.9678384065628052;10;3;128;128
45;2;0.0001;concept3;0.1447392;None;0.102512434;0.8552607893943787;10;3;128;128
46;0;0.0001;concept1;0.07709422;None;0.09166425;0.9229058027267456;10;3;128;128
46;1;0.0001;concept2;0.031990997;None;0.05835714;0.9680089950561523;10;3;128;128
46;2;0.0001;concept3;0.14451113;None;0.102370575;0.8554888963699341;10;3;128;128
47;0;0.0001;concept1;0.076930046;None;0.09153353;0.923069953918457;10;3;128;128
47;1;0.0001;concept2;0.031815957;None;0.058195896;0.9681840538978577;10;3;128;128
47;2;0.0001;concept3;0.14411269;None;0.10218217;0.8558872938156128;10;3;128;128
48;0;0.0001;concept1;0.076755024;None;0.09139976;0.9232449531555176;10;3;128;128
48;1;0.0001;concept2;0.03165481;None;0.058046952;0.9683451652526855;10;3;128;128
48;2;0.0001;concept3;0.14387134;None;0.102020755;0.8561286926269531;10;3;128;128
49;0;0.0001;concept1;0.07658885;None;0.09127811;0.9234111309051514;10;3;128;128
49;1;0.0001;concept2;0.031498026;None;0.05790062;0.9685019850730896;10;3;128;128
49;2;0.0001;concept3;0.14356825;None;0.10187258;0.8564317226409912;10;3;128;128
50;0;0.0001;concept3;0.14332026;None;0.1017218;0.8566797375679016;10;3;128;128
50;1;0.0001;concept1;0.07645908;None;0.091173895;0.9235409498214722;10;3;128;128
50;2;0.0001;concept2;0.031361125;None;0.057769977;0.9686388969421387;10;3;128;128
51;0;0.0001;concept3;0.1430771;None;0.10158298;0.8569228649139404;10;3;128;128
51;1;0.0001;concept1;0.07632416;None;0.091066845;0.9236758351325989;10;3;128;128
51;2;0.0001;concept2;0.031217868;None;0.05763467;0.9687821269035339;10;3;128;128
52;0;0.0001;concept3;0.14277484;None;0.10141862;0.8572251796722412;10;3;128;128
52;1;0.0001;concept1;0.07618015;None;0.09095569;0.9238198399543762;10;3;128;128
52;2;0.0001;concept2;0.031075185;None;0.057499196;0.9689248204231262;10;3;128;128
53;0;0.0001;concept3;0.14259802;None;0.10129006;0.857401967048645;10;3;128;128
53;1;0.0001;concept1;0.07602816;None;0.09083775;0.9239718317985535;10;3;128;128
53;2;0.0001;concept2;0.030935917;None;0.057368148;0.9690640568733215;10;3;128;128
54;0;0.0001;concept3;0.14236991;None;0.10115725;0.8576300740242004;10;3;128;128
54;1;0.0001;concept1;0.07589735;None;0.090735726;0.9241026639938354;10;3;128;128
54;2;0.0001;concept2;0.030799486;None;0.05723833;0.9692004919052124;10;3;128;128
55;0;0.0001;concept3;0.14213987;None;0.101017445;0.8578600883483887;10;3;128;128
55;1;0.0001;concept1;0.0757576;None;0.09062493;0.924242377281189;10;3;128;128
55;2;0.0001;concept2;0.03067166;None;0.05711579;0.9693283438682556;10;3;128;128
56;0;0.0001;concept3;0.14199497;None;0.10090004;0.8580050468444824;10;3;128;128
56;1;0.0001;concept1;0.07560955;None;0.09051328;0.924390435218811;10;3;128;128
56;2;0.0001;concept2;0.030544745;None;0.05699302;0.9694552421569824;10;3;128;128
57;0;0.0001;concept3;0.14176735;None;0.100762606;0.8582326173782349;10;3;128;128
57;1;0.0001;concept1;0.075503975;None;0.09042638;0.924496054649353;10;3;128;128
57;2;0.0001;concept2;0.030416112;None;0.05686732;0.9695838689804077;10;3;128;128
58;0;0.0001;concept3;0.14144726;None;0.10059595;0.8585527539253235;10;3;128;128
58;1;0.0001;concept1;0.075362764;None;0.090323254;0.9246372580528259;10;3;128;128
58;2;0.0001;concept2;0.030303353;None;0.056758136;0.9696966409683228;10;3;128;128
59;0;0.0001;concept3;0.14129272;None;0.100478955;0.8587073087692261;10;3;128;128
59;1;0.0001;concept1;0.075251885;None;0.09023075;0.9247481226921082;10;3;128;128
59;2;0.0001;concept2;0.030190509;None;0.05664886;0.9698094725608826;10;3;128;128
60;0;0.0001;concept3;0.14106175;None;0.10033805;0.8589382171630859;10;3;128;128
60;1;0.0001;concept1;0.075123355;None;0.09013148;0.9248766303062439;10;3;128;128
60;2;0.0001;concept2;0.03008457;None;0.056546126;0.9699154496192932;10;3;128;128
61;0;0.0001;concept3;0.14084893;None;0.10020719;0.8591510653495789;10;3;128;128
61;1;0.0001;concept1;0.07500831;None;0.09004098;0.9249916672706604;10;3;128;128
61;2;0.0001;concept2;0.029977625;None;0.05644112;0.9700223803520203;10;3;128;128
62;0;0.0001;concept3;0.14053164;None;0.100042425;0.8594683408737183;10;3;128;128
62;1;0.0001;concept1;0.074888535;None;0.08994787;0.9251114726066589;10;3;128;128
62;2;0.0001;concept2;0.029872762;None;0.056338247;0.9701272249221802;10;3;128;128
63;0;0.0001;concept3;0.1403621;None;0.099929914;0.8596379160881042;10;3;128;128
63;1;0.0001;concept1;0.074757166;None;0.089846;0.9252428412437439;10;3;128;128
63;2;0.0001;concept2;0.029770637;None;0.05623729;0.9702293872833252;10;3;128;128
64;0;0.0001;concept3;0.14012839;None;0.099785596;0.8598716259002686;10;3;128;128
64;1;0.0001;concept1;0.074624725;None;0.08974733;0.9253752827644348;10;3;128;128
64;2;0.0001;concept2;0.029728696;None;0.056194887;0.9702712893486023;10;3;128;128
65;0;0.0001;concept3;0.13996753;None;0.09969205;0.8600324392318726;10;3;128;128
65;1;0.0001;concept1;0.07450458;None;0.08965195;0.925495445728302;10;3;128;128
65;2;0.0001;concept2;0.029634383;None;0.05610028;0.9703656435012817;10;3;128;128
66;0;0.0001;concept3;0.13982728;None;0.09957589;0.8601727485656738;10;3;128;128
66;1;0.0001;concept1;0.0743729;None;0.089554064;0.9256271123886108;10;3;128;128
66;2;0.0001;concept2;0.029537752;None;0.05600411;0.9704622626304626;10;3;128;128
67;0;0.0001;concept3;0.13967454;None;0.099472985;0.8603254556655884;10;3;128;128
67;1;0.0001;concept1;0.07426523;None;0.08946909;0.9257347583770752;10;3;128;128
67;2;0.0001;concept2;0.029388282;None;0.05585587;0.9706116914749146;10;3;128;128
68;0;0.0001;concept3;0.1395034;None;0.099393405;0.8604966402053833;10;3;128;128
68;1;0.0001;concept1;0.07418838;None;0.08940192;0.9258116483688354;10;3;128;128
68;2;0.0001;concept2;0.029293826;None;0.055761293;0.9707061648368835;10;3;128;128
69;0;0.0001;concept3;0.1393445;None;0.099297196;0.8606554865837097;10;3;128;128
69;1;0.0001;concept1;0.07407398;None;0.0893089;0.9259260296821594;10;3;128;128
69;2;0.0001;concept2;0.029196095;None;0.055663425;0.9708039164543152;10;3;128;128
70;0;0.0001;concept3;0.13920811;None;0.099204645;0.8607919216156006;10;3;128;128
70;1;0.0001;concept1;0.073951654;None;0.08921813;0.9260483384132385;10;3;128;128
70;2;0.0001;concept2;0.029113745;None;0.05558104;0.97088623046875;10;3;128;128
71;0;0.0001;concept3;0.13910909;None;0.09912743;0.8608909249305725;10;3;128;128
71;1;0.0001;concept1;0.07383863;None;0.08912945;0.9261613488197327;10;3;128;128
71;2;0.0001;concept2;0.029024202;None;0.05548878;0.9709758162498474;10;3;128;128
72;0;0.0001;concept3;0.13898075;None;0.099037565;0.8610192537307739;10;3;128;128
72;1;0.0001;concept1;0.07375381;None;0.08905761;0.926246166229248;10;3;128;128
72;2;0.0001;concept2;0.028962499;None;0.0554224;0.9710375070571899;10;3;128;128
73;0;0.0001;concept3;0.13884301;None;0.0989449;0.8611569404602051;10;3;128;128
73;1;0.0001;concept1;0.07365712;None;0.088979915;0.9263429045677185;10;3;128;128
73;2;0.0001;concept2;0.028877296;None;0.055335242;0.971122682094574;10;3;128;128
74;0;0.0001;concept3;0.13867491;None;0.09883493;0.8613250851631165;10;3;128;128
74;1;0.0001;concept1;0.07358491;None;0.08891439;0.9264150857925415;10;3;128;128
74;2;0.0001;concept2;0.028796686;None;0.055251814;0.9712033271789551;10;3;128;128
75;0;0.0001;concept3;0.13850014;None;0.09873098;0.8614998459815979;10;3;128;128
75;1;0.0001;concept1;0.073453866;None;0.0888235;0.9265461564064026;10;3;128;128
75;2;0.0001;concept2;0.02871763;None;0.055170756;0.9712823629379272;10;3;128;128
76;0;0.0001;concept3;0.13836834;None;0.09864294;0.8616316318511963;10;3;128;128
76;1;0.0001;concept1;0.07337589;None;0.08875163;0.9266241192817688;10;3;128;128
76;2;0.0001;concept2;0.02863922;None;0.055090137;0.9713608026504517;10;3;128;128
77;0;0.0001;concept3;0.13813408;None;0.09851763;0.8618659377098083;10;3;128;128
77;1;0.0001;concept1;0.073301576;None;0.08869189;0.9266984462738037;10;3;128;128
77;2;0.0001;concept2;0.028563427;None;0.055011936;0.9714365601539612;10;3;128;128
78;0;0.0001;concept3;0.13798289;None;0.09841929;0.8620171546936035;10;3;128;128
78;1;0.0001;concept1;0.07321798;None;0.088622205;0.9267820119857788;10;3;128;128
78;2;0.0001;concept2;0.028484354;None;0.054930076;0.9715156555175781;10;3;128;128
79;0;0.0001;concept3;0.13790105;None;0.098358;0.8620989322662354;10;3;128;128
79;1;0.0001;concept1;0.07312274;None;0.08854545;0.9268772602081299;10;3;128;128
79;2;0.0001;concept2;0.02841848;None;0.054860756;0.9715815186500549;10;3;128;128
80;0;0.0001;concept3;0.1377579;None;0.09826164;0.8622421026229858;10;3;128;128
80;1;0.0001;concept1;0.073036164;None;0.088477135;0.9269638061523438;10;3;128;128
80;2;0.0001;concept2;0.02835274;None;0.05479161;0.9716472625732422;10;3;128;128
81;0;0.0001;concept3;0.1376335;None;0.098175675;0.8623664975166321;10;3;128;128
81;1;0.0001;concept1;0.0729405;None;0.088399716;0.9270594716072083;10;3;128;128
81;2;0.0001;concept2;0.028274588;None;0.05471148;0.9717254042625427;10;3;128;128
82;0;0.0001;concept3;0.13750125;None;0.09808841;0.8624987602233887;10;3;128;128
82;1;0.0001;concept1;0.072866075;None;0.08833805;0.9271339178085327;10;3;128;128
82;2;0.0001;concept2;0.028205547;None;0.054639257;0.9717944264411926;10;3;128;128
83;0;0.0001;concept3;0.13739142;None;0.09801038;0.8626085519790649;10;3;128;128
83;1;0.0001;concept1;0.072791554;None;0.08827549;0.927208423614502;10;3;128;128
83;2;0.0001;concept2;0.028132927;None;0.054563005;0.9718670845031738;10;3;128;128
84;0;0.0001;concept3;0.13720126;None;0.097903885;0.8627987504005432;10;3;128;128
84;1;0.0001;concept1;0.07268024;None;0.08818464;0.9273197650909424;10;3;128;128
84;2;0.0001;concept2;0.028064284;None;0.054490756;0.9719356894493103;10;3;128;128
85;0;0.0001;concept3;0.13709095;None;0.09782715;0.8629090785980225;10;3;128;128
85;1;0.0001;concept1;0.07262127;None;0.088129945;0.9273787140846252;10;3;128;128
85;2;0.0001;concept2;0.027996182;None;0.05441909;0.9720038175582886;10;3;128;128
86;0;0.0001;concept3;0.13697013;None;0.09774152;0.8630298376083374;10;3;128;128
86;1;0.0001;concept1;0.07252823;None;0.08806284;0.9274717569351196;10;3;128;128
86;2;0.0001;concept2;0.027949091;None;0.054369412;0.9720509052276611;10;3;128;128
87;0;0.0001;concept3;0.13689077;None;0.0976769;0.8631092309951782;10;3;128;128
87;1;0.0001;concept1;0.072458886;None;0.08800353;0.9275411367416382;10;3;128;128
87;2;0.0001;concept2;0.027891874;None;0.054309838;0.9721081256866455;10;3;128;128
88;0;0.0001;concept3;0.13680841;None;0.09758751;0.8631916046142578;10;3;128;128
88;1;0.0001;concept1;0.07240158;None;0.08795807;0.9275984168052673;10;3;128;128
88;2;0.0001;concept2;0.027831573;None;0.054246377;0.9721684455871582;10;3;128;128
89;0;0.0001;concept3;0.13672218;None;0.09751966;0.863277792930603;10;3;128;128
89;1;0.0001;concept1;0.072335176;None;0.087903805;0.9276648163795471;10;3;128;128
89;2;0.0001;concept2;0.027779477;None;0.054189898;0.9722205400466919;10;3;128;128
90;0;0.0001;concept3;0.13657363;None;0.097430356;0.8634263873100281;10;3;128;128
90;1;0.0001;concept1;0.07224729;None;0.0878339;0.9277527332305908;10;3;128;128
90;2;0.0001;concept2;0.027715517;None;0.054121982;0.9722844958305359;10;3;128;128
91;0;0.0001;concept3;0.13645184;None;0.09734721;0.8635481595993042;10;3;128;128
91;1;0.0001;concept1;0.07218195;None;0.087780826;0.9278180599212646;10;3;128;128
91;2;0.0001;concept2;0.027650626;None;0.054053817;0.9723493456840515;10;3;128;128
92;0;0.0001;concept3;0.136342;None;0.09726739;0.8636580109596252;10;3;128;128
92;1;0.0001;concept1;0.07209302;None;0.087711655;0.9279069900512695;10;3;128;128
92;2;0.0001;concept2;0.02758859;None;0.05398638;0.9724113941192627;10;3;128;128
93;0;0.0001;concept3;0.136273;None;0.09720456;0.8637269735336304;10;3;128;128
93;1;0.0001;concept1;0.07202685;None;0.087653026;0.9279731512069702;10;3;128;128
93;2;0.0001;concept2;0.02753301;None;0.05392623;0.9724670052528381;10;3;128;128
94;0;0.0001;concept3;0.13613574;None;0.09711542;0.8638642430305481;10;3;128;128
94;1;0.0001;concept1;0.07195893;None;0.08759762;0.9280411005020142;10;3;128;128
94;2;0.0001;concept2;0.027475972;None;0.05386563;0.9725240468978882;10;3;128;128
95;0;0.0001;concept3;0.13604929;None;0.09704429;0.8639507293701172;10;3;128;128
95;1;0.0001;concept1;0.07189493;None;0.08754294;0.9281050562858582;10;3;128;128
95;2;0.0001;concept2;0.027431771;None;0.053818017;0.9725682139396667;10;3;128;128
96;0;0.0001;concept3;0.13592023;None;0.09696113;0.8640797734260559;10;3;128;128
96;1;0.0001;concept1;0.071822695;None;0.08748452;0.9281772971153259;10;3;128;128
96;2;0.0001;concept2;0.027380735;None;0.05376304;0.9726192951202393;10;3;128;128
97;0;0.0001;concept3;0.13583754;None;0.096886285;0.8641624450683594;10;3;128;128
97;1;0.0001;concept1;0.07176004;None;0.08743102;0.9282399415969849;10;3;128;128
97;2;0.0001;concept2;0.027328221;None;0.0537067;0.9726718068122864;10;3;128;128
98;0;0.0001;concept3;0.13566813;None;0.09678937;0.864331841468811;10;3;128;128
98;1;0.0001;concept1;0.07169879;None;0.08737633;0.928301215171814;10;3;128;128
98;2;0.0001;concept2;0.027274203;None;0.053648535;0.9727258086204529;10;3;128;128
99;0;0.0001;concept3;0.13555416;None;0.09671784;0.8644458055496216;10;3;128;128
99;1;0.0001;concept1;0.071626075;None;0.087319136;0.9283739328384399;10;3;128;128
99;2;0.0001;concept2;0.027216394;None;0.053586755;0.972783625125885;10;3;128;128
100;0;0.0001;concept3;0.1354049;None;0.096629225;0.8645951151847839;10;3;128;128
100;1;0.0001;concept1;0.07157812;None;0.087275766;0.9284218549728394;10;3;128;128
100;2;0.0001;concept2;0.027162326;None;0.05352794;0.9728376865386963;10;3;128;128
101;0;0.0001;concept3;0.13534412;None;0.0965682;0.8646558523178101;10;3;128;128
101;1;0.0001;concept1;0.071511514;None;0.08722011;0.9284884929656982;10;3;128;128
101;2;0.0001;concept2;0.027108058;None;0.053469494;0.9728919267654419;10;3;128;128
102;0;0.0001;concept3;0.13524415;None;0.09649834;0.8647558689117432;10;3;128;128
102;1;0.0001;concept1;0.071461886;None;0.08717386;0.9285380840301514;10;3;128;128
102;2;0.0001;concept2;0.027054382;None;0.05340914;0.9729456305503845;10;3;128;128
103;0;0.0001;concept3;0.13513125;None;0.09642235;0.8648687601089478;10;3;128;128
103;1;0.0001;concept1;0.07138892;None;0.08711597;0.9286110997200012;10;3;128;128
103;2;0.0001;concept2;0.027032644;None;0.05338847;0.9729673862457275;10;3;128;128
104;0;0.0001;concept3;0.1350772;None;0.09636929;0.864922821521759;10;3;128;128
104;1;0.0001;concept1;0.07131671;None;0.0870567;0.9286832809448242;10;3;128;128
104;2;0.0001;concept2;0.026987532;None;0.053339772;0.9730124473571777;10;3;128;128
105;0;0.0001;concept3;0.13490893;None;0.09627869;0.86509108543396;10;3;128;128
105;1;0.0001;concept1;0.07124268;None;0.087001026;0.9287573099136353;10;3;128;128
105;2;0.0001;concept2;0.026939653;None;0.05328783;0.9730603694915771;10;3;128;128
106;0;0.0001;concept3;0.13482378;None;0.09621237;0.8651762008666992;10;3;128;128
106;1;0.0001;concept1;0.07116405;None;0.08694135;0.928835928440094;10;3;128;128
106;2;0.0001;concept2;0.026900124;None;0.05324443;0.9730998873710632;10;3;128;128
107;0;0.0001;concept3;0.13473637;None;0.096148916;0.8652636408805847;10;3;128;128
107;1;0.0001;concept1;0.07111631;None;0.08689685;0.9288836717605591;10;3;128;128
107;2;0.0001;concept2;0.026846277;None;0.053185817;0.9731537103652954;10;3;128;128
108;0;0.0001;concept3;0.13464299;None;0.0960839;0.8653570413589478;10;3;128;128
108;1;0.0001;concept1;0.071085826;None;0.08686758;0.9289141893386841;10;3;128;128
108;2;0.0001;concept2;0.026800096;None;0.05313461;0.9731999039649963;10;3;128;128
109;0;0.0001;concept3;0.1346209;None;0.09604917;0.8653790950775146;10;3;128;128
109;1;0.0001;concept1;0.07103874;None;0.08682328;0.9289612770080566;10;3;128;128
109;2;0.0001;concept2;0.026750717;None;0.053080782;0.9732492566108704;10;3;128;128
110;0;0.0001;concept3;0.1344786;None;0.09596287;0.8655214309692383;10;3;128;128
110;1;0.0001;concept1;0.07097465;None;0.08677247;0.9290253520011902;10;3;128;128
110;2;0.0001;concept2;0.026707279;None;0.05303287;0.9732927083969116;10;3;128;128
111;0;0.0001;concept3;0.13440348;None;0.09590604;0.8655965328216553;10;3;128;128
111;1;0.0001;concept1;0.070911705;None;0.08672123;0.929088294506073;10;3;128;128
111;2;0.0001;concept2;0.026661372;None;0.052982397;0.9733386039733887;10;3;128;128
112;0;0.0001;concept3;0.13439608;None;0.09586974;0.8656039237976074;10;3;128;128
112;1;0.0001;concept1;0.07086919;None;0.086684406;0.9291307926177979;10;3;128;128
112;2;0.0001;concept2;0.026618809;None;0.052934963;0.9733812212944031;10;3;128;128
113;0;0.0001;concept3;0.13429558;None;0.09580068;0.8657044172286987;10;3;128;128
113;1;0.0001;concept1;0.07080233;None;0.0866285;0.9291976690292358;10;3;128;128
113;2;0.0001;concept2;0.026573893;None;0.0528851;0.973426103591919;10;3;128;128
114;0;0.0001;concept3;0.13421571;None;0.09574006;0.8657842874526978;10;3;128;128
114;1;0.0001;concept1;0.07075166;None;0.08658286;0.9292483329772949;10;3;128;128
114;2;0.0001;concept2;0.026538014;None;0.052844215;0.9734619855880737;10;3;128;128
115;0;0.0001;concept3;0.13412575;None;0.095672056;0.8658742308616638;10;3;128;128
115;1;0.0001;concept1;0.070701435;None;0.086537525;0.9292985796928406;10;3;128;128
115;2;0.0001;concept2;0.02648688;None;0.052789535;0.973513126373291;10;3;128;128
116;0;0.0001;concept3;0.13401784;None;0.095594086;0.865982174873352;10;3;128;128
116;1;0.0001;concept1;0.07061982;None;0.08647305;0.9293801784515381;10;3;128;128
116;2;0.0001;concept2;0.026445674;None;0.05274378;0.9735543131828308;10;3;128;128
117;0;0.0001;concept3;0.13386399;None;0.095521115;0.8661360144615173;10;3;128;128
117;1;0.0001;concept1;0.07057851;None;0.08643447;0.9294214844703674;10;3;128;128
117;2;0.0001;concept2;0.026411084;None;0.05270517;0.9735889434814453;10;3;128;128
118;0;0.0001;concept3;0.13382441;None;0.09547738;0.8661755919456482;10;3;128;128
118;1;0.0001;concept1;0.07053428;None;0.08639549;0.9294657111167908;10;3;128;128
118;2;0.0001;concept2;0.026369845;None;0.05265958;0.9736301302909851;10;3;128;128
119;0;0.0001;concept3;0.13370255;None;0.09540393;0.8662974834442139;10;3;128;128
119;1;0.0001;concept1;0.07049662;None;0.08635924;0.9295033812522888;10;3;128;128
119;2;0.0001;concept2;0.026329648;None;0.052614737;0.9736703634262085;10;3;128;128
120;0;0.0001;concept3;0.1336182;None;0.09534071;0.8663817644119263;10;3;128;128
120;1;0.0001;concept1;0.07043084;None;0.08630596;0.9295691847801208;10;3;128;128
120;2;0.0001;concept2;0.026292155;None;0.052572213;0.9737078547477722;10;3;128;128
121;0;0.0001;concept3;0.13352694;None;0.095279194;0.8664730787277222;10;3;128;128
121;1;0.0001;concept1;0.07038484;None;0.08626461;0.9296151399612427;10;3;128;128
121;2;0.0001;concept2;0.026260773;None;0.052536067;0.9737392067909241;10;3;128;128
122;0;0.0001;concept3;0.13345341;None;0.09521713;0.8665465712547302;10;3;128;128
122;1;0.0001;concept1;0.07033896;None;0.08622281;0.9296610355377197;10;3;128;128
122;2;0.0001;concept2;0.026221648;None;0.052491955;0.9737783670425415;10;3;128;128
123;0;0.0001;concept3;0.13338278;None;0.09516037;0.8666172027587891;10;3;128;128
123;1;0.0001;concept1;0.07029095;None;0.08618455;0.9297090768814087;10;3;128;128
123;2;0.0001;concept2;0.026182096;None;0.052447587;0.9738178849220276;10;3;128;128
124;0;0.0001;concept3;0.13337149;None;0.09512744;0.8666285276412964;10;3;128;128
124;1;0.0001;concept1;0.07023372;None;0.086135834;0.9297662973403931;10;3;128;128
124;2;0.0001;concept2;0.026154406;None;0.052413683;0.9738456010818481;10;3;128;128
125;0;0.0001;concept3;0.13329242;None;0.095070384;0.8667075634002686;10;3;128;128
125;1;0.0001;concept1;0.07018879;None;0.08609853;0.9298112392425537;10;3;128;128
125;2;0.0001;concept2;0.026096895;None;0.052352194;0.9739031195640564;10;3;128;128
126;0;0.0001;concept3;0.13315795;None;0.095000386;0.8668420314788818;10;3;128;128
126;1;0.0001;concept1;0.07017239;None;0.086073264;0.9298276305198669;10;3;128;128
126;2;0.0001;concept2;0.026050912;None;0.052303083;0.9739490747451782;10;3;128;128
127;0;0.0001;concept3;0.13311128;None;0.09493921;0.866888701915741;10;3;128;128
127;1;0.0001;concept1;0.07009591;None;0.086016975;0.9299041032791138;10;3;128;128
127;2;0.0001;concept2;0.026014192;None;0.052262496;0.9739857912063599;10;3;128;128
128;0;0.0001;concept3;0.13305955;None;0.09488961;0.866940438747406;10;3;128;128
128;1;0.0001;concept1;0.07003896;None;0.08597188;0.9299610257148743;10;3;128;128
128;2;0.0001;concept2;0.025987905;None;0.052230395;0.9740120768547058;10;3;128;128
129;0;0.0001;concept3;0.13301833;None;0.094842665;0.8669816255569458;10;3;128;128
129;1;0.0001;concept1;0.07001047;None;0.085940845;0.9299895167350769;10;3;128;128
129;2;0.0001;concept2;0.025951318;None;0.05218935;0.9740486741065979;10;3;128;128
130;0;0.0001;concept3;0.13296454;None;0.0947974;0.867035448551178;10;3;128;128
130;1;0.0001;concept1;0.06997972;None;0.08591245;0.930020272731781;10;3;128;128
130;2;0.0001;concept2;0.025914906;None;0.052148905;0.9740850925445557;10;3;128;128
131;0;0.0001;concept3;0.1329019;None;0.094747275;0.8670980930328369;10;3;128;128
131;1;0.0001;concept1;0.06994237;None;0.08587605;0.9300576448440552;10;3;128;128
131;2;0.0001;concept2;0.025880309;None;0.052109733;0.9741196632385254;10;3;128;128
132;0;0.0001;concept3;0.13283916;None;0.09469704;0.8671608567237854;10;3;128;128
132;1;0.0001;concept1;0.06987309;None;0.08582677;0.9301269054412842;10;3;128;128
132;2;0.0001;concept2;0.025845537;None;0.052070584;0.9741544723510742;10;3;128;128
133;0;0.0001;concept3;0.13283056;None;0.09466427;0.8671694397926331;10;3;128;128
133;1;0.0001;concept1;0.06984115;None;0.085796505;0.9301588535308838;10;3;128;128
133;2;0.0001;concept2;0.025808329;None;0.052028388;0.9741916656494141;10;3;128;128
134;0;0.0001;concept3;0.13276239;None;0.09461141;0.8672376275062561;10;3;128;128
134;1;0.0001;concept1;0.069795705;None;0.085754775;0.9302042722702026;10;3;128;128
134;2;0.0001;concept2;0.025765121;None;0.05198176;0.9742348790168762;10;3;128;128
135;0;0.0001;concept3;0.13268958;None;0.09455979;0.8673104047775269;10;3;128;128
135;1;0.0001;concept1;0.06976544;None;0.085733764;0.9302345514297485;10;3;128;128
135;2;0.0001;concept2;0.025730064;None;0.051942166;0.9742699265480042;10;3;128;128
136;0;0.0001;concept3;0.13256449;None;0.09448488;0.8674355149269104;10;3;128;128
136;1;0.0001;concept1;0.069732726;None;0.08570328;0.9302672743797302;10;3;128;128
136;2;0.0001;concept2;0.025696618;None;0.051904283;0.9743033647537231;10;3;128;128
137;0;0.0001;concept3;0.13250783;None;0.09443864;0.8674921989440918;10;3;128;128
137;1;0.0001;concept1;0.06969435;None;0.08566978;0.9303056597709656;10;3;128;128
137;2;0.0001;concept2;0.025663333;None;0.051865947;0.9743366837501526;10;3;128;128
138;0;0.0001;concept3;0.13244832;None;0.09439434;0.8675516843795776;10;3;128;128
138;1;0.0001;concept1;0.069663;None;0.08563926;0.9303370118141174;10;3;128;128
138;2;0.0001;concept2;0.025631292;None;0.051824547;0.974368691444397;10;3;128;128
139;0;0.0001;concept3;0.13243754;None;0.09436599;0.867562472820282;10;3;128;128
139;1;0.0001;concept1;0.069627404;None;0.08560865;0.9303725957870483;10;3;128;128
139;2;0.0001;concept2;0.025601285;None;0.051789746;0.9743987321853638;10;3;128;128
140;0;0.0001;concept3;0.13238136;None;0.09432134;0.8676186203956604;10;3;128;128
140;1;0.0001;concept1;0.06958914;None;0.08557485;0.9304108619689941;10;3;128;128
140;2;0.0001;concept2;0.025572257;None;0.051739685;0.9744277596473694;10;3;128;128
141;0;0.0001;concept3;0.13232125;None;0.09427285;0.8676787614822388;10;3;128;128
141;1;0.0001;concept1;0.06952688;None;0.08552343;0.9304730892181396;10;3;128;128
141;2;0.0001;concept2;0.025546225;None;0.051707815;0.9744537472724915;10;3;128;128
142;0;0.0001;concept3;0.13224578;None;0.09421838;0.8677542209625244;10;3;128;128
142;1;0.0001;concept1;0.069522165;None;0.08551238;0.9304778575897217;10;3;128;128
142;2;0.0001;concept2;0.025509566;None;0.051665675;0.9744904041290283;10;3;128;128
143;0;0.0001;concept3;0.1321711;None;0.09416731;0.867828905582428;10;3;128;128
143;1;0.0001;concept1;0.06946819;None;0.085469685;0.9305317997932434;10;3;128;128
143;2;0.0001;concept2;0.025482863;None;0.051635228;0.9745171070098877;10;3;128;128
144;0;0.0001;concept3;0.13213186;None;0.09412803;0.8678681254386902;10;3;128;128
144;1;0.0001;concept1;0.06943526;None;0.085441835;0.9305647611618042;10;3;128;128
144;2;0.0001;concept2;0.025454175;None;0.051602297;0.9745458364486694;10;3;128;128
145;0;0.0001;concept3;0.13199891;None;0.094051;0.8680011034011841;10;3;128;128
145;1;0.0001;concept1;0.06939207;None;0.08540652;0.9306079149246216;10;3;128;128
145;2;0.0001;concept2;0.025409471;None;0.05155215;0.974590539932251;10;3;128;128
146;0;0.0001;concept3;0.13194153;None;0.094015114;0.868058443069458;10;3;128;128
146;1;0.0001;concept1;0.0693538;None;0.085373946;0.9306461811065674;10;3;128;128
146;2;0.0001;concept2;0.025384365;None;0.051522262;0.9746156334877014;10;3;128;128
147;0;0.0001;concept3;0.13190308;None;0.0939715;0.8680969476699829;10;3;128;128
147;1;0.0001;concept1;0.06931806;None;0.08533801;0.9306819438934326;10;3;128;128
147;2;0.0001;concept2;0.025353856;None;0.051487222;0.9746461510658264;10;3;128;128
148;0;0.0001;concept3;0.13186522;None;0.09393552;0.8681347966194153;10;3;128;128
148;1;0.0001;concept1;0.06929462;None;0.08531654;0.9307053685188293;10;3;128;128
148;2;0.0001;concept2;0.025319403;None;0.05144786;0.9746806025505066;10;3;128;128
149;0;0.0001;concept3;0.13179949;None;0.09388727;0.8682005405426025;10;3;128;128
149;1;0.0001;concept1;0.06924828;None;0.08527634;0.9307517409324646;10;3;128;128
149;2;0.0001;concept2;0.025290128;None;0.051413577;0.9747098684310913;10;3;128;128
150;0;0.0001;concept1;0.069208466;None;0.08524562;0.9307915568351746;10;3;128;128
150;1;0.0001;concept2;0.02526039;None;0.05137942;0.9747396111488342;10;3;128;128
150;2;0.0001;concept3;0.13173437;None;0.09383897;0.8682656288146973;10;3;128;128
151;0;0.0001;concept1;0.06917806;None;0.08521434;0.93082195520401;10;3;128;128
151;1;0.0001;concept2;0.025231166;None;0.051345564;0.9747688174247742;10;3;128;128
151;2;0.0001;concept3;0.13166304;None;0.093788765;0.8683369755744934;10;3;128;128
152;0;0.0001;concept1;0.06914414;None;0.08518356;0.9308558702468872;10;3;128;128
152;1;0.0001;concept2;0.025201213;None;0.051310845;0.9747987985610962;10;3;128;128
152;2;0.0001;concept3;0.13160007;None;0.09374175;0.8683999180793762;10;3;128;128
153;0;0.0001;concept1;0.06910918;None;0.08515482;0.9308907985687256;10;3;128;128
153;1;0.0001;concept2;0.02516468;None;0.051270075;0.9748353362083435;10;3;128;128
153;2;0.0001;concept3;0.13156337;None;0.093704335;0.8684366345405579;10;3;128;128
154;0;0.0001;concept1;0.06906792;None;0.085120365;0.9309321045875549;10;3;128;128
154;1;0.0001;concept2;0.025135607;None;0.051236052;0.9748643636703491;10;3;128;128
154;2;0.0001;concept3;0.13154337;None;0.09367012;0.8684566020965576;10;3;128;128
155;0;0.0001;concept1;0.06903076;None;0.08509117;0.93096923828125;10;3;128;128
155;1;0.0001;concept2;0.025111044;None;0.05120594;0.9748889803886414;10;3;128;128
155;2;0.0001;concept3;0.13147263;None;0.0936249;0.868527352809906;10;3;128;128
156;0;0.0001;concept1;0.06900522;None;0.08506257;0.9309947490692139;10;3;128;128
156;1;0.0001;concept2;0.025081318;None;0.05117277;0.9749186635017395;10;3;128;128
156;2;0.0001;concept3;0.13137324;None;0.093566984;0.8686267733573914;10;3;128;128
157;0;0.0001;concept1;0.06896779;None;0.08503382;0.9310321807861328;10;3;128;128
157;1;0.0001;concept2;0.025053073;None;0.05113949;0.974946916103363;10;3;128;128
157;2;0.0001;concept3;0.13132216;None;0.093522795;0.8686778545379639;10;3;128;128
158;0;0.0001;concept1;0.06892984;None;0.08500094;0.9310701489448547;10;3;128;128
158;1;0.0001;concept2;0.025023937;None;0.051105812;0.9749760627746582;10;3;128;128
158;2;0.0001;concept3;0.13130979;None;0.09347554;0.8686901926994324;10;3;128;128
159;0;0.0001;concept1;0.068899356;None;0.08497386;0.9311006665229797;10;3;128;128
159;1;0.0001;concept2;0.02500306;None;0.051079143;0.9749969244003296;10;3;128;128
159;2;0.0001;concept3;0.13119951;None;0.093409926;0.8688005208969116;10;3;128;128
160;0;0.0001;concept1;0.06882957;None;0.084920034;0.9311704039573669;10;3;128;128
160;1;0.0001;concept2;0.024970043;None;0.05104168;0.9750299453735352;10;3;128;128
160;2;0.0001;concept3;0.13113645;None;0.09336493;0.868863582611084;10;3;128;128
161;0;0.0001;concept1;0.06878863;None;0.08488459;0.9312113523483276;10;3;128;128
161;1;0.0001;concept2;0.0249437;None;0.051010586;0.9750562906265259;10;3;128;128
161;2;0.0001;concept3;0.13107064;None;0.09332094;0.868929386138916;10;3;128;128
162;0;0.0001;concept1;0.0687679;None;0.08486095;0.9312320947647095;10;3;128;128
162;1;0.0001;concept2;0.024914615;None;0.05097721;0.9750853776931763;10;3;128;128
162;2;0.0001;concept3;0.13100374;None;0.09327284;0.868996262550354;10;3;128;128
163;0;0.0001;concept1;0.068730585;None;0.08483637;0.9312694072723389;10;3;128;128
163;1;0.0001;concept2;0.024883527;None;0.05094213;0.975116491317749;10;3;128;128
163;2;0.0001;concept3;0.13097884;None;0.09324056;0.8690211772918701;10;3;128;128
164;0;0.0001;concept1;0.06872433;None;0.084827475;0.9312756657600403;10;3;128;128
164;1;0.0001;concept2;0.024863377;None;0.05091708;0.9751366376876831;10;3;128;128
164;2;0.0001;concept3;0.13096221;None;0.09321373;0.8690378069877625;10;3;128;128
165;0;0.0001;concept1;0.06869396;None;0.084803455;0.9313060641288757;10;3;128;128
165;1;0.0001;concept2;0.024836292;None;0.0508853;0.9751636981964111;10;3;128;128
165;2;0.0001;concept3;0.13092633;None;0.093180805;0.8690736889839172;10;3;128;128
166;0;0.0001;concept1;0.06865563;None;0.08476716;0.9313443899154663;10;3;128;128
166;1;0.0001;concept2;0.02481295;None;0.050856676;0.9751870632171631;10;3;128;128
166;2;0.0001;concept3;0.13089146;None;0.09314803;0.8691085577011108;10;3;128;128
167;0;0.0001;concept1;0.06860994;None;0.084734395;0.9313900470733643;10;3;128;128
167;1;0.0001;concept2;0.024785783;None;0.050825275;0.9752142429351807;10;3;128;128
167;2;0.0001;concept3;0.13085102;None;0.09311177;0.8691489696502686;10;3;128;128
168;0;0.0001;concept1;0.068578765;None;0.08470696;0.9314212203025818;10;3;128;128
168;1;0.0001;concept2;0.024767172;None;0.05080145;0.9752328395843506;10;3;128;128
168;2;0.0001;concept3;0.13079676;None;0.09306826;0.8692032098770142;10;3;128;128
169;0;0.0001;concept1;0.0685705;None;0.084688835;0.9314295053482056;10;3;128;128
169;1;0.0001;concept2;0.024740266;None;0.050770193;0.9752597212791443;10;3;128;128
169;2;0.0001;concept3;0.13076884;None;0.09303647;0.8692311644554138;10;3;128;128
170;0;0.0001;concept1;0.068554364;None;0.08467306;0.9314456582069397;10;3;128;128
170;1;0.0001;concept2;0.024716776;None;0.050741818;0.9752832055091858;10;3;128;128
170;2;0.0001;concept3;0.13070442;None;0.09298931;0.869295597076416;10;3;128;128
171;0;0.0001;concept1;0.068508476;None;0.084636584;0.9314915537834167;10;3;128;128
171;1;0.0001;concept2;0.024689902;None;0.050710354;0.9753100872039795;10;3;128;128
171;2;0.0001;concept3;0.1306532;None;0.09295012;0.8693467974662781;10;3;128;128
172;0;0.0001;concept1;0.06848439;None;0.08461143;0.931515634059906;10;3;128;128
172;1;0.0001;concept2;0.024662126;None;0.050678182;0.9753378629684448;10;3;128;128
172;2;0.0001;concept3;0.13056381;None;0.09289759;0.8694362044334412;10;3;128;128
173;0;0.0001;concept1;0.06845965;None;0.08458746;0.9315403699874878;10;3;128;128
173;1;0.0001;concept2;0.024635902;None;0.050647426;0.975364089012146;10;3;128;128
173;2;0.0001;concept3;0.13048375;None;0.092850894;0.8695162534713745;10;3;128;128
174;0;0.0001;concept1;0.06842618;None;0.08455941;0.9315738081932068;10;3;128;128
174;1;0.0001;concept2;0.02460983;None;0.050616603;0.9753901958465576;10;3;128;128
174;2;0.0001;concept3;0.13049343;None;0.092831165;0.8695065975189209;10;3;128;128
175;0;0.0001;concept1;0.068404205;None;0.084536545;0.9315958023071289;10;3;128;128
175;1;0.0001;concept2;0.02458746;None;0.050589222;0.9754125475883484;10;3;128;128
175;2;0.0001;concept3;0.13044918;None;0.092795335;0.8695508241653442;10;3;128;128
176;0;0.0001;concept1;0.06836114;None;0.084505074;0.9316388368606567;10;3;128;128
176;1;0.0001;concept2;0.02455495;None;0.050553735;0.975445032119751;10;3;128;128
176;2;0.0001;concept3;0.13039215;None;0.09275276;0.8696078658103943;10;3;128;128
177;0;0.0001;concept1;0.06832864;None;0.08447464;0.9316713809967041;10;3;128;128
177;1;0.0001;concept2;0.024531608;None;0.05052564;0.9754683971405029;10;3;128;128
177;2;0.0001;concept3;0.13035956;None;0.09272077;0.8696404099464417;10;3;128;128
178;0;0.0001;concept1;0.06830213;None;0.08444952;0.9316978454589844;10;3;128;128
178;1;0.0001;concept2;0.024512948;None;0.05050146;0.9754870533943176;10;3;128;128
178;2;0.0001;concept3;0.13028328;None;0.09267549;0.8697167038917542;10;3;128;128
179;0;0.0001;concept1;0.06826848;None;0.08442109;0.9317315220832825;10;3;128;128
179;1;0.0001;concept2;0.024488598;None;0.050472382;0.9755114316940308;10;3;128;128
179;2;0.0001;concept3;0.13023277;None;0.09263549;0.8697671890258789;10;3;128;128
180;0;0.0001;concept1;0.06823928;None;0.08439659;0.9317607283592224;10;3;128;128
180;1;0.0001;concept2;0.024464764;None;0.050443493;0.9755352139472961;10;3;128;128
180;2;0.0001;concept3;0.13019313;None;0.092602395;0.8698068857192993;10;3;128;128
181;0;0.0001;concept1;0.06820565;None;0.08436822;0.9317943453788757;10;3;128;128
181;1;0.0001;concept2;0.02444265;None;0.05041665;0.9755573272705078;10;3;128;128
181;2;0.0001;concept3;0.13015215;None;0.09256909;0.86984783411026;10;3;128;128
182;0;0.0001;concept1;0.06817301;None;0.08433967;0.9318270087242126;10;3;128;128
182;1;0.0001;concept2;0.024418307;None;0.050387707;0.975581705570221;10;3;128;128
182;2;0.0001;concept3;0.13009827;None;0.09253804;0.869901716709137;10;3;128;128
183;0;0.0001;concept1;0.068144046;None;0.08431279;0.9318559765815735;10;3;128;128
183;1;0.0001;concept2;0.02439079;None;0.0503563;0.9756091833114624;10;3;128;128
183;2;0.0001;concept3;0.13005073;None;0.092504725;0.869949221611023;10;3;128;128
184;0;0.0001;concept1;0.06810629;None;0.08428453;0.9318937063217163;10;3;128;128
184;1;0.0001;concept2;0.024371086;None;0.05033218;0.9756289124488831;10;3;128;128
184;2;0.0001;concept3;0.12999958;None;0.09247204;0.870000422000885;10;3;128;128
185;0;0.0001;concept1;0.06807941;None;0.08426126;0.93192058801651;10;3;128;128
185;1;0.0001;concept2;0.024351856;None;0.050307687;0.9756481647491455;10;3;128;128
185;2;0.0001;concept3;0.12995742;None;0.09243579;0.8700425624847412;10;3;128;128
186;0;0.0001;concept1;0.068048365;None;0.084233254;0.931951642036438;10;3;128;128
186;1;0.0001;concept2;0.024329934;None;0.050281502;0.9756700396537781;10;3;128;128
186;2;0.0001;concept3;0.12990609;None;0.09239594;0.8700939416885376;10;3;128;128
187;0;0.0001;concept1;0.06802494;None;0.08420923;0.9319750666618347;10;3;128;128
187;1;0.0001;concept2;0.024308698;None;0.050255537;0.9756913185119629;10;3;128;128
187;2;0.0001;concept3;0.1298702;None;0.09235582;0.8701298236846924;10;3;128;128
188;0;0.0001;concept1;0.06799299;None;0.08418516;0.9320070147514343;10;3;128;128
188;1;0.0001;concept2;0.024286278;None;0.05022739;0.9757137298583984;10;3;128;128
188;2;0.0001;concept3;0.1298285;None;0.09232146;0.8701714873313904;10;3;128;128
189;0;0.0001;concept1;0.06796269;None;0.08415947;0.9320372939109802;10;3;128;128
189;1;0.0001;concept2;0.024265602;None;0.050202426;0.9757344126701355;10;3;128;128
189;2;0.0001;concept3;0.12978232;None;0.092285894;0.8702176809310913;10;3;128;128
190;0;0.0001;concept1;0.06791373;None;0.0841196;0.9320862889289856;10;3;128;128
190;1;0.0001;concept2;0.02424438;None;0.05017686;0.9757556319236755;10;3;128;128
190;2;0.0001;concept3;0.12973307;None;0.09224901;0.8702669143676758;10;3;128;128
191;0;0.0001;concept1;0.06789892;None;0.08410698;0.9321010708808899;10;3;128;128
191;1;0.0001;concept2;0.024215553;None;0.050144017;0.975784420967102;10;3;128;128
191;2;0.0001;concept3;0.1296851;None;0.09221324;0.87031489610672;10;3;128;128
192;0;0.0001;concept1;0.067861974;None;0.08407479;0.9321380257606506;10;3;128;128
192;1;0.0001;concept2;0.02419632;None;0.050120644;0.9758036732673645;10;3;128;128
192;2;0.0001;concept3;0.12968133;None;0.092190586;0.8703186511993408;10;3;128;128
193;0;0.0001;concept1;0.067829214;None;0.08405015;0.9321708083152771;10;3;128;128
193;1;0.0001;concept2;0.024172738;None;0.050092667;0.9758272767066956;10;3;128;128
193;2;0.0001;concept3;0.12961617;None;0.09214337;0.8703837990760803;10;3;128;128
194;0;0.0001;concept1;0.067810304;None;0.084026635;0.9321897029876709;10;3;128;128
194;1;0.0001;concept2;0.024147784;None;0.0500634;0.9758521914482117;10;3;128;128
194;2;0.0001;concept3;0.12955663;None;0.09210109;0.8704433441162109;10;3;128;128
195;0;0.0001;concept1;0.06778203;None;0.08400011;0.9322179555892944;10;3;128;128
195;1;0.0001;concept2;0.024126766;None;0.050037716;0.9758732318878174;10;3;128;128
195;2;0.0001;concept3;0.12944746;None;0.09204306;0.8705525398254395;10;3;128;128
196;0;0.0001;concept1;0.06775293;None;0.08397994;0.9322470426559448;10;3;128;128
196;1;0.0001;concept2;0.024105435;None;0.050011717;0.975894570350647;10;3;128;128
196;2;0.0001;concept3;0.12932561;None;0.091983885;0.8706743717193604;10;3;128;128
197;0;0.0001;concept1;0.06772901;None;0.08395507;0.9322710037231445;10;3;128;128
197;1;0.0001;concept2;0.02409248;None;0.049993448;0.9759075045585632;10;3;128;128
197;2;0.0001;concept3;0.12927127;None;0.09194566;0.8707287311553955;10;3;128;128
198;0;0.0001;concept1;0.06770761;None;0.083935454;0.9322924017906189;10;3;128;128
198;1;0.0001;concept2;0.024071127;None;0.049967397;0.9759289026260376;10;3;128;128
198;2;0.0001;concept3;0.12923747;None;0.09191596;0.8707625269889832;10;3;128;128
199;0;0.0001;concept1;0.06768361;None;0.08391502;0.9323164224624634;10;3;128;128
199;1;0.0001;concept2;0.02405022;None;0.049941543;0.975949764251709;10;3;128;128
199;2;0.0001;concept3;0.12921406;None;0.091891125;0.8707859516143799;10;3;128;128
