0;0;0.0001;concept1;0.11953542273193184;None;0.12348057570225665;0.8804645772680681;10;20;128;128
0;1;0.0001;concept2;0.30719778116906726;None;0.11119919676042998;0.6928022188309327;10;20;128;128
0;2;0.0001;concept3;0.39210093018862024;None;0.09604621323865188;0.6078990698113798;10;20;128;128
1;0;0.0001;concept1;0.23479834409753975;None;0.17011042593624845;0.7652016559024603;10;20;128;128
1;1;0.0001;concept2;1.2770944573665641;None;0.23879707456251578;-0.27709445736656435;10;20;128;128
1;2;0.0001;concept3;0.5581219221216994;None;0.11855911308091666;0.4418780778783006;10;20;128;128
2;0;0.0001;concept1;0.13494987478904183;None;0.12845011815582294;0.8650501252109581;10;20;128;128
2;1;0.0001;concept2;0.5705527908933288;None;0.15387656999832872;0.4294472091066712;10;20;128;128
2;2;0.0001;concept3;0.16275888512219389;None;0.0594194305188674;0.8372411148778061;10;20;128;128
3;0;0.0001;concept1;0.09470090805775119;None;0.10903349781616385;0.9052990919422488;10;20;128;128
3;1;0.0001;concept2;0.17703201773765148;None;0.08167810629467911;0.8229679822623486;10;20;128;128
3;2;0.0001;concept3;0.1285407023348178;None;0.056143175479267886;0.8714592976651823;10;20;128;128
4;0;0.0001;concept1;0.07627152885323564;None;0.09877414564792851;0.9237284711467644;10;20;128;128
4;1;0.0001;concept2;0.08604387447992358;None;0.05824913772762847;0.9139561255200764;10;20;128;128
4;2;0.0001;concept3;0.1289639100256147;None;0.05731317736169157;0.8710360899743853;10;20;128;128
5;0;0.0001;concept1;0.06485156309062204;None;0.09095090710801966;0.935148436909378;10;20;128;128
5;1;0.0001;concept2;0.0674859510546385;None;0.051537504233857195;0.9325140489453615;10;20;128;128
5;2;0.0001;concept3;0.10837425739796586;None;0.052658131588505484;0.8916257426020342;10;20;128;128
6;0;0.0001;concept1;0.056302650897949995;None;0.08411064651523395;0.94369734910205;10;20;128;128
6;1;0.0001;concept2;0.05609874954042967;None;0.04701876134206753;0.9439012504595703;10;20;128;128
6;2;0.0001;concept3;0.08345962895267223;None;0.04632288467212909;0.9165403710473278;10;20;128;128
7;0;0.0001;concept1;0.04957096795450711;None;0.07783113788630805;0.9504290320454929;10;20;128;128
7;1;0.0001;concept2;0.04641969036694844;None;0.04280820118738444;0.9535803096330515;10;20;128;128
7;2;0.0001;concept3;0.055389660475256244;None;0.0377594954703336;0.9446103395247437;10;20;128;128
8;0;0.0001;concept1;0.044106849315706846;None;0.07228737005510746;0.9558931506842931;10;20;128;128
8;1;0.0001;concept2;0.0380178061130574;None;0.03886907647067597;0.9619821938869426;10;20;128;128
8;2;0.0001;concept3;0.03489518807261279;None;0.02986080726967965;0.9651048119273872;10;20;128;128
9;0;0.0001;concept1;0.0398842406577502;None;0.06749485265216977;0.9601157593422498;10;20;128;128
9;1;0.0001;concept2;0.03182656882104895;None;0.03572196539371946;0.968173431178951;10;20;128;128
9;2;0.0001;concept3;0.022039466187186517;None;0.023594340351079515;0.9779605338128134;10;20;128;128
10;0;0.0001;concept1;0.03681200192088775;None;0.0634998248918383;0.9631879980791123;10;20;128;128
10;1;0.0001;concept2;0.027262207292085762;None;0.03325000399162268;0.9727377927079143;10;20;128;128
10;2;0.0001;concept3;0.015029182840898133;None;0.019337450676026612;0.9849708171591018;10;20;128;128
11;0;0.0001;concept1;0.034356278345120034;None;0.06010031288017097;0.96564372165488;10;20;128;128
11;1;0.0001;concept2;0.02422891409161421;None;0.03156460269037237;0.9757710859083858;10;20;128;128
11;2;0.0001;concept3;0.012216483650074567;None;0.017898581405151184;0.9877835163499255;10;20;128;128
12;0;0.0001;concept1;0.032794053372481854;None;0.05763672043181619;0.9672059466275181;10;20;128;128
12;1;0.0001;concept2;0.022794660335772148;None;0.030915673473339914;0.9772053396642278;10;20;128;128
12;2;0.0001;concept3;0.011919857417027741;None;0.017745921863266678;0.9880801425829723;10;20;128;128
13;0;0.0001;concept1;0.03169683003833327;None;0.05559518354228931;0.9683031699616668;10;20;128;128
13;1;0.0001;concept2;0.019200601127994894;None;0.027094270128629326;0.9807993988720051;10;20;128;128
13;2;0.0001;concept3;0.013563616810280229;None;0.01885380591596651;0.9864363831897198;10;20;128;128
14;0;0.0001;concept1;0.030716725786170962;None;0.05383386630278149;0.9692832742138291;10;20;128;128
14;1;0.0001;concept2;0.01886038013069966;None;0.027459557694726373;0.9811396198693003;10;20;128;128
14;2;0.0001;concept3;0.013889310163129179;None;0.01881612788065215;0.9861106898368708;10;20;128;128
15;0;0.0001;concept1;0.02995022279491046;None;0.05242665654723277;0.9700497772050896;10;20;128;128
15;1;0.0001;concept2;0.0180027802917598;None;0.02681860328538022;0.9819972197082402;10;20;128;128
15;2;0.0001;concept3;0.015430008048574024;None;0.019686998863183838;0.984569991951426;10;20;128;128
16;0;0.0001;concept1;0.02928114339994109;None;0.051262548758999216;0.9707188566000589;10;20;128;128
16;1;0.0001;concept2;0.017117630028809974;None;0.026045628094611965;0.98288236997119;10;20;128;128
16;2;0.0001;concept3;0.017014299779674308;None;0.020495122520284535;0.9829857002203257;10;20;128;128
17;0;0.0001;concept1;0.028699309255780465;None;0.0503079386020456;0.9713006907442195;10;20;128;128
17;1;0.0001;concept2;0.01633030128538457;None;0.025336105661351974;0.9836696987146154;10;20;128;128
17;2;0.0001;concept3;0.01802155141116059;None;0.020937270566662065;0.9819784485888394;10;20;128;128
18;0;0.0001;concept1;0.028113435589517455;None;0.04945383069422838;0.9718865644104826;10;20;128;128
18;1;0.0001;concept2;0.01575901058173104;None;0.024917269865066774;0.984240989418269;10;20;128;128
18;2;0.0001;concept3;0.019139135000162705;None;0.02147641482268162;0.9808608649998373;10;20;128;128
19;0;0.0001;concept1;0.027578343253500576;None;0.04874268814776879;0.9724216567464994;10;20;128;128
19;1;0.0001;concept2;0.01507073455848929;None;0.02423035464534094;0.9849292654415107;10;20;128;128
19;2;0.0001;concept3;0.020693363600356555;None;0.02225678622800178;0.9793066363996434;10;20;128;128
20;0;0.0001;concept1;0.027107658374046908;None;0.04817807735114684;0.9728923416259531;10;20;128;128
20;1;0.0001;concept2;0.01461647304708032;None;0.023929487685074368;0.9853835269529196;10;20;128;128
20;2;0.0001;concept3;0.020674601685902932;None;0.02218586892944454;0.979325398314097;10;20;128;128
21;0;0.0001;concept1;0.026768215385136008;None;0.04771075230429418;0.973231784614864;10;20;128;128
21;1;0.0001;concept2;0.013898611381277282;None;0.023004176120730385;0.9861013886187228;10;20;128;128
21;2;0.0001;concept3;0.021520171111976582;None;0.02259137039400067;0.9784798288880234;10;20;128;128
22;0;0.0001;concept1;0.026425625792218094;None;0.0472755065171423;0.9735743742077819;10;20;128;128
22;1;0.0001;concept2;0.013579195860932458;None;0.022942159110873113;0.9864208041390675;10;20;128;128
22;2;0.0001;concept3;0.021568333123202072;None;0.022549971454125968;0.978431666876798;10;20;128;128
23;0;0.0001;concept1;0.026173936498139372;None;0.04699015863761706;0.9738260635018606;10;20;128;128
23;1;0.0001;concept2;0.012944947161908723;None;0.02200716533638771;0.9870550528380913;10;20;128;128
23;2;0.0001;concept3;0.022025599711565924;None;0.02273069139457467;0.9779744002884341;10;20;128;128
24;0;0.0001;concept1;0.02602417227423396;None;0.04677315320766277;0.9739758277257661;10;20;128;128
24;1;0.0001;concept2;0.012608423480950476;None;0.0218456565568274;0.9873915765190495;10;20;128;128
24;2;0.0001;concept3;0.022780459891962052;None;0.02304484765874476;0.9772195401080379;10;20;128;128
25;0;0.0001;concept1;0.025732792393287778;None;0.04641167739040921;0.9742672076067123;10;20;128;128
25;1;0.0001;concept2;0.012245263459565846;None;0.02133429978435745;0.9877547365404341;10;20;128;128
25;2;0.0001;concept3;0.02309120152954335;None;0.023139717029861118;0.9769087984704566;10;20;128;128
26;0;0.0001;concept1;0.025551217414264294;None;0.04617885533364954;0.9744487825857358;10;20;128;128
26;1;0.0001;concept2;0.011952713103576446;None;0.021067149397464645;0.9880472868964235;10;20;128;128
26;2;0.0001;concept3;0.023556385964298644;None;0.02332646656777132;0.9764436140357013;10;20;128;128
27;0;0.0001;concept1;0.02519890915653007;None;0.045841367533110966;0.9748010908434699;10;20;128;128
27;1;0.0001;concept2;0.01172599314458806;None;0.020804935108686647;0.9882740068554119;10;20;128;128
27;2;0.0001;concept3;0.023855282814032115;None;0.023436309434304622;0.9761447171859678;10;20;128;128
28;0;0.0001;concept1;0.02510660347843267;None;0.04571653514588482;0.9748933965215674;10;20;128;128
28;1;0.0001;concept2;0.011514532757958903;None;0.02062716909694024;0.9884854672420411;10;20;128;128
28;2;0.0001;concept3;0.024471906874680142;None;0.023719799059649098;0.9755280931253199;10;20;128;128
29;0;0.0001;concept1;0.024880831197079255;None;0.04548244934708633;0.9751191688029207;10;20;128;128
29;1;0.0001;concept2;0.011323272144574476;None;0.020464505908736868;0.9886767278554255;10;20;128;128
29;2;0.0001;concept3;0.02497903567358278;None;0.023953882673600636;0.9750209643264173;10;20;128;128
30;0;0.0001;concept1;0.02468531745986867;None;0.045268602123332474;0.9753146825401313;10;20;128;128
30;1;0.0001;concept2;0.01102242151408998;None;0.020314296932750078;0.9889775784859101;10;20;128;128
30;2;0.0001;concept3;0.02516141109915443;None;0.024005247399090934;0.9748385889008455;10;20;128;128
31;0;0.0001;concept1;0.024449991118940508;None;0.04505001469006216;0.9755500088810595;10;20;128;128
31;1;0.0001;concept2;0.01104580573150961;None;0.020228126024708255;0.9889541942684904;10;20;128;128
31;2;0.0001;concept3;0.025251231336534955;None;0.02402285744003239;0.974748768663465;10;20;128;128
32;0;0.0001;concept1;0.024273500396514963;None;0.044881432845368725;0.975726499603485;10;20;128;128
32;1;0.0001;concept2;0.010765641782459118;None;0.02005954191114944;0.9892343582175409;10;20;128;128
32;2;0.0001;concept3;0.025078250015498835;None;0.023900346009099873;0.9749217499845012;10;20;128;128
33;0;0.0001;concept1;0.024159455231526426;None;0.04477864830546124;0.9758405447684736;10;20;128;128
33;1;0.0001;concept2;0.010857580959775015;None;0.020072428635372706;0.9891424190402249;10;20;128;128
33;2;0.0001;concept3;0.025387300519253923;None;0.02405952067560666;0.974612699480746;10;20;128;128
34;0;0.0001;concept1;0.023952163079482395;None;0.04461190854929594;0.9760478369205176;10;20;128;128
34;1;0.0001;concept2;0.010521845794718895;None;0.01986159265102086;0.9894781542052811;10;20;128;128
34;2;0.0001;concept3;0.025270326875707353;None;0.023986162551470153;0.9747296731242927;10;20;128;128
35;0;0.0001;concept1;0.023880875201683652;None;0.04450165582146212;0.9761191247983163;10;20;128;128
35;1;0.0001;concept2;0.01068814239507443;None;0.019953567495448882;0.9893118576049256;10;20;128;128
35;2;0.0001;concept3;0.025175876647649576;None;0.02394034114204922;0.9748241233523505;10;20;128;128
36;0;0.0001;concept1;0.023853185360578746;None;0.04445843296980145;0.9761468146394212;10;20;128;128
36;1;0.0001;concept2;0.010506155832739242;None;0.019825084244258346;0.9894938441672607;10;20;128;128
36;2;0.0001;concept3;0.025557321419483112;None;0.02414160414370824;0.9744426785805169;10;20;128;128
37;0;0.0001;concept1;0.023734203459956183;None;0.044318734976737426;0.9762657965400439;10;20;128;128
37;1;0.0001;concept2;0.010521687406166153;None;0.01985313975086841;0.9894783125938339;10;20;128;128
37;2;0.0001;concept3;0.02507201772850584;None;0.023881638944836293;0.9749279822714941;10;20;128;128
38;0;0.0001;concept1;0.023642489736694194;None;0.04422701855470699;0.9763575102633059;10;20;128;128
38;1;0.0001;concept2;0.010304431111044185;None;0.019682889238856964;0.9896955688889558;10;20;128;128
38;2;0.0001;concept3;0.02484140959375106;None;0.023759198213819874;0.975158590406249;10;20;128;128
39;0;0.0001;concept1;0.023545871390481504;None;0.044129152990775244;0.9764541286095185;10;20;128;128
39;1;0.0001;concept2;0.010489772449813204;None;0.019842527557325993;0.9895102275501868;10;20;128;128
39;2;0.0001;concept3;0.024022892999283497;None;0.02328290709818094;0.9759771070007165;10;20;128;128
40;0;0.0001;concept1;0.02342846726851361;None;0.044002258083006215;0.9765715327314863;10;20;128;128
40;1;0.0001;concept2;0.010278830238382976;None;0.019667798408787393;0.9897211697616171;10;20;128;128
40;2;0.0001;concept3;0.023675628748178176;None;0.023075777561406257;0.9763243712518218;10;20;128;128
41;0;0.0001;concept1;0.02337796416036984;None;0.04392407942076753;0.9766220358396301;10;20;128;128
41;1;0.0001;concept2;0.010420625199380433;None;0.019785247275128363;0.9895793748006195;10;20;128;128
41;2;0.0001;concept3;0.023833245014544407;None;0.023199633329358316;0.9761667549854556;10;20;128;128
42;0;0.0001;concept1;0.023333375454265365;None;0.043893852260478865;0.9766666245457346;10;20;128;128
42;1;0.0001;concept2;0.010162274906646144;None;0.019556364122100798;0.9898377250933539;10;20;128;128
42;2;0.0001;concept3;0.02336874870589639;None;0.02292013492323677;0.9766312512941036;10;20;128;128
43;0;0.0001;concept1;0.023188228453177823;None;0.04376285515423897;0.9768117715468222;10;20;128;128
43;1;0.0001;concept2;0.010337484767756986;None;0.01969371355907085;0.989662515232243;10;20;128;128
43;2;0.0001;concept3;0.023456895470606573;None;0.023020091770302377;0.9765431045293934;10;20;128;128
44;0;0.0001;concept1;0.023110480619081563;None;0.043697987441644534;0.9768895193809184;10;20;128;128
44;1;0.0001;concept2;0.010246937431880406;None;0.01959831768154287;0.9897530625681196;10;20;128;128
44;2;0.0001;concept3;0.022770940719125568;None;0.02263205279554242;0.9772290592808744;10;20;128;128
45;0;0.0001;concept1;0.02300038745495101;None;0.04358054558236571;0.976999612545049;10;20;128;128
45;1;0.0001;concept2;0.010328040271987587;None;0.01965710045138911;0.9896719597280124;10;20;128;128
45;2;0.0001;concept3;0.02305403337089953;None;0.02285163558221143;0.9769459666291005;10;20;128;128
46;0;0.0001;concept1;0.022879422293662004;None;0.04345980876305872;0.977120577706338;10;20;128;128
46;1;0.0001;concept2;0.009544058472499386;None;0.01893961126921533;0.9904559415275006;10;20;128;128
46;2;0.0001;concept3;0.022918124182359327;None;0.0228018392004528;0.9770818758176407;10;20;128;128
47;0;0.0001;concept1;0.022847046330896757;None;0.04343790223734264;0.9771529536691033;10;20;128;128
47;1;0.0001;concept2;0.010255737990513944;None;0.019562085882152587;0.9897442620094861;10;20;128;128
47;2;0.0001;concept3;0.021591675130486092;None;0.02207609293912166;0.9784083248695139;10;20;128;128
48;0;0.0001;concept1;0.022786750212476763;None;0.043381335707447156;0.9772132497875232;10;20;128;128
48;1;0.0001;concept2;0.009417699396180014;None;0.018786100763519012;0.99058230060382;10;20;128;128
48;2;0.0001;concept3;0.021004780561483312;None;0.0218464305551804;0.9789952194385166;10;20;128;128
49;0;0.0001;concept1;0.022680090268956756;None;0.04326044288021037;0.9773199097310432;10;20;128;128
49;1;0.0001;concept2;0.01048921858128807;None;0.01976812409837721;0.989510781418712;10;20;128;128
49;2;0.0001;concept3;0.020909172113240265;None;0.021764289345104673;0.9790908278867597;10;20;128;128
50;0;0.0001;concept1;0.029468310146001882;None;0.03789572052037155;0.9705316898539981;10;20;128;128
50;1;0.0001;concept2;0.0046544862658348465;None;0.029414962013065094;0.9953455137341651;10;20;128;128
50;2;0.0001;concept3;0.004130263900207788;None;0.033230230609164586;0.9958697360997922;10;20;128;128
51;0;0.0001;concept1;0.030905777215681163;None;0.03844759078243773;0.9690942227843189;10;20;128;128
51;1;0.0001;concept2;0.004186516554543331;None;0.0277958346884816;0.9958134834454566;10;20;128;128
51;2;0.0001;concept3;0.003892372331934419;None;0.03226370661723193;0.9961076276680656;10;20;128;128
52;0;0.0001;concept1;0.03256249689033199;None;0.03950626780722334;0.967437503109668;10;20;128;128
52;1;0.0001;concept2;0.003955171511906996;None;0.027032573328971587;0.996044828488093;10;20;128;128
52;2;0.0001;concept3;0.00379695336521273;None;0.03193646956891551;0.9962030466347873;10;20;128;128
53;0;0.0001;concept1;0.0320423398461298;None;0.03895844400372305;0.9679576601538702;10;20;128;128
53;1;0.0001;concept2;0.00379706634402627;None;0.026527380169902744;0.9962029336559737;10;20;128;128
53;2;0.0001;concept3;0.0037849205656765783;None;0.032176040823569486;0.9962150794343234;10;20;128;128
54;0;0.0001;concept1;0.03201139991864791;None;0.03883947099297136;0.9679886000813521;10;20;128;128
54;1;0.0001;concept2;0.003683462667057715;None;0.02616070012071649;0.9963165373329422;10;20;128;128
54;2;0.0001;concept3;0.003856143951804575;None;0.0327643497293242;0.9961438560481954;10;20;128;128
55;0;0.0001;concept1;0.031576145413324916;None;0.03832920486467284;0.9684238545866751;10;20;128;128
55;1;0.0001;concept2;0.00355899615724653;None;0.025735717363994888;0.9964410038427535;10;20;128;128
55;2;0.0001;concept3;0.0036003498639328355;None;0.030703613588251365;0.9963996501360671;10;20;128;128
56;0;0.0001;concept1;0.03149800375804128;None;0.038001378412826206;0.9685019962419588;10;20;128;128
56;1;0.0001;concept2;0.0034673355013250893;None;0.02545196617657697;0.996532664498675;10;20;128;128
56;2;0.0001;concept3;0.0037093550439329854;None;0.03189518688854288;0.996290644956067;10;20;128;128
57;0;0.0001;concept1;0.031583481511462584;None;0.037862702021872335;0.9684165184885374;10;20;128;128
57;1;0.0001;concept2;0.0033961721101165346;None;0.025239096919934968;0.9966038278898834;10;20;128;128
57;2;0.0001;concept3;0.003869242708763445;None;0.032885522111518684;0.9961307572912366;10;20;128;128
58;0;0.0001;concept1;0.030688526666133028;None;0.03719099835159109;0.969311473333867;10;20;128;128
58;1;0.0001;concept2;0.0033347607976087334;None;0.02504932315301253;0.9966652392023913;10;20;128;128
58;2;0.0001;concept3;0.003686071296158404;None;0.03075380585321286;0.9963139287038416;10;20;128;128
59;0;0.0001;concept1;0.0315082568557019;None;0.03748615382556902;0.9684917431442981;10;20;128;128
59;1;0.0001;concept2;0.0032353859467077564;None;0.024675542781535907;0.9967646140532922;10;20;128;128
59;2;0.0001;concept3;0.004006068789000926;None;0.03359601322756403;0.9959939312109991;10;20;128;128
60;0;0.0001;concept1;0.031341207171148015;None;0.037212779527280054;0.968658792828852;10;20;128;128
60;1;0.0001;concept2;0.003190014693435467;None;0.024533261439401006;0.9968099853065645;10;20;128;128
60;2;0.0001;concept3;0.003989221380917154;None;0.03352023480398529;0.9960107786190828;10;20;128;128
61;0;0.0001;concept1;0.03096742837343248;None;0.03683936760946098;0.9690325716265675;10;20;128;128
61;1;0.0001;concept2;0.0031077226070895894;None;0.024196243023140232;0.9968922773929104;10;20;128;128
61;2;0.0001;concept3;0.004006878404359927;None;0.03366393270307095;0.99599312159564;10;20;128;128
62;0;0.0001;concept1;0.03149358969197282;None;0.03692995805035529;0.9685064103080272;10;20;128;128
62;1;0.0001;concept2;0.003055891218252488;None;0.02398500584846358;0.9969441087817476;10;20;128;128
62;2;0.0001;concept3;0.0038283207673995793;None;0.03270725450205925;0.9961716792326004;10;20;128;128
63;0;0.0001;concept1;0.03070308484188716;None;0.036432466999028426;0.9692969151581129;10;20;128;128
63;1;0.0001;concept2;0.003023628936434296;None;0.023851175866315258;0.9969763710635657;10;20;128;128
63;2;0.0001;concept3;0.003402096161275892;None;0.029690483596109696;0.9965979038387242;10;20;128;128
64;0;0.0001;concept1;0.031412686793365556;None;0.03688490467691819;0.9685873132066345;10;20;128;128
64;1;0.0001;concept2;0.002928982790567233;None;0.02338925649622957;0.9970710172094328;10;20;128;128
64;2;0.0001;concept3;0.003784711470591812;None;0.03232188094633515;0.9962152885294082;10;20;128;128
65;0;0.0001;concept1;0.031075367810355855;None;0.03638060412486518;0.9689246321896441;10;20;128;128
65;1;0.0001;concept2;0.0029184369383455817;None;0.023344403063606984;0.9970815630616544;10;20;128;128
65;2;0.0001;concept3;0.003401035540748132;None;0.02999834800218441;0.9965989644592519;10;20;128;128
66;0;0.0001;concept1;0.029933243738531075;None;0.03552775501053833;0.9700667562614689;10;20;128;128
66;1;0.0001;concept2;0.002906136872907393;None;0.023286292734757606;0.9970938631270926;10;20;128;128
66;2;0.0001;concept3;0.003345848714337082;None;0.029690695785675847;0.9966541512856629;10;20;128;128
67;0;0.0001;concept1;0.026124847442882373;None;0.03268356525924531;0.9738751525571177;10;20;128;128
67;1;0.0001;concept2;0.0028689634074725192;None;0.023093618287196943;0.9971310365925274;10;20;128;128
67;2;0.0001;concept3;0.003788172760020693;None;0.03093490962252718;0.9962118272399793;10;20;128;128
68;0;0.0001;concept1;0.030337284942234945;None;0.03561541412508431;0.969662715057765;10;20;128;128
68;1;0.0001;concept2;0.0027895355253443497;None;0.02267657810504953;0.9972104644746557;10;20;128;128
68;2;0.0001;concept3;0.0033978503942218544;None;0.029801978449737043;0.9966021496057782;10;20;128;128
69;0;0.0001;concept1;0.02891386932500512;None;0.03477377817842105;0.9710861306749949;10;20;128;128
69;1;0.0001;concept2;0.0028085579896057243;None;0.022754079969589974;0.9971914420103942;10;20;128;128
69;2;0.0001;concept3;0.0035355219447411653;None;0.030818555529293308;0.9964644780552588;10;20;128;128
70;0;0.0001;concept1;0.030613802926989665;None;0.03580134022770203;0.9693861970730103;10;20;128;128
70;1;0.0001;concept2;0.0028014910827854293;None;0.022706017437209812;0.9971985089172146;10;20;128;128
70;2;0.0001;concept3;0.003510091795253541;None;0.030668714566010093;0.9964899082047465;10;20;128;128
71;0;0.0001;concept1;0.03296032455743016;None;0.03740904620391525;0.9670396754425699;10;20;128;128
71;1;0.0001;concept2;0.002765950094471312;None;0.02251339333673149;0.9972340499055287;10;20;128;128
71;2;0.0001;concept3;0.003345950335088761;None;0.029588087019032806;0.9966540496649112;10;20;128;128
72;0;0.0001;concept1;0.027092238798542428;None;0.0331235759807026;0.9729077612014576;10;20;128;128
72;1;0.0001;concept2;0.0027782451463048124;None;0.02256781570249013;0.9972217548536952;10;20;128;128
72;2;0.0001;concept3;0.0034714932010844446;None;0.030583281989561624;0.9965285067989156;10;20;128;128
73;0;0.0001;concept1;0.03846577933513122;None;0.041542276022430026;0.9615342206648688;10;20;128;128
73;1;0.0001;concept2;0.0027571573031415905;None;0.022452096723120304;0.9972428426968584;10;20;128;128
73;2;0.0001;concept3;0.0032732861339718725;None;0.02894990329455412;0.9967267138660282;10;20;128;128
74;0;0.0001;concept1;0.029627754079617465;None;0.03482776861892644;0.9703722459203825;10;20;128;128
74;1;0.0001;concept2;0.002672997992751977;None;0.022017840496105962;0.997327002007248;10;20;128;128
74;2;0.0001;concept3;0.0032609908043125476;None;0.028909497979992337;0.9967390091956875;10;20;128;128
75;0;0.0001;concept1;0.029378147687409054;None;0.0347267458258281;0.9706218523125909;10;20;128;128
75;1;0.0001;concept2;0.0027032435097456373;None;0.02216325170659685;0.9972967564902544;10;20;128;128
75;2;0.0001;concept3;0.003282053828238993;None;0.029175714603917335;0.996717946171761;10;20;128;128
76;0;0.0001;concept1;0.022740553768144878;None;0.03039081145585929;0.9772594462318551;10;20;128;128
76;1;0.0001;concept2;0.0026905459634125723;None;0.02209190875881459;0.9973094540365874;10;20;128;128
76;2;0.0001;concept3;0.0032395823136720605;None;0.028858630186836706;0.996760417686328;10;20;128;128
77;0;0.0001;concept1;0.025508115476907022;None;0.0326191954231808;0.974491884523093;10;20;128;128
77;1;0.0001;concept2;0.002662549016632317;None;0.021943089953385772;0.9973374509833677;10;20;128;128
77;2;0.0001;concept3;0.0032267719832372857;None;0.028745875168765762;0.9967732280167627;10;20;128;128
78;0;0.0001;concept1;0.02287343959703981;None;0.031133239167406953;0.9771265604029602;10;20;128;128
78;1;0.0001;concept2;0.0026711351809321072;None;0.021957868473035307;0.9973288648190679;10;20;128;128
78;2;0.0001;concept3;0.0032277292916659413;None;0.028944897502226702;0.9967722707083341;10;20;128;128
79;0;0.0001;concept1;0.029668908994668043;None;0.0347990150408373;0.970331091005332;10;20;128;128
79;1;0.0001;concept2;0.0026351118022778265;None;0.021755155097136106;0.9973648881977222;10;20;128;128
79;2;0.0001;concept3;0.00341378336607191;None;0.03045398022858479;0.9965862166339281;10;20;128;128
80;0;0.0001;concept1;0.02880484258671482;None;0.0343771984332413;0.9711951574132852;10;20;128;128
80;1;0.0001;concept2;0.0026495743069488093;None;0.021828505591586805;0.9973504256930512;10;20;128;128
80;2;0.0001;concept3;0.0033982186773636003;None;0.02924819259439166;0.9966017813226364;10;20;128;128
81;0;0.0001;concept1;0.023179684072584812;None;0.031041672376111173;0.9768203159274151;10;20;128;128
81;1;0.0001;concept2;0.002587179824269791;None;0.021496486442484905;0.9974128201757302;10;20;128;128
81;2;0.0001;concept3;0.003311252005969269;None;0.02987813677665354;0.9966887479940307;10;20;128;128
82;0;0.0001;concept1;0.027628843747518384;None;0.03359791826157189;0.9723711562524816;10;20;128;128
82;1;0.0001;concept2;0.002618015698984728;None;0.02163559170449774;0.9973819843010153;10;20;128;128
82;2;0.0001;concept3;0.0031855823554254423;None;0.028876281611766034;0.9968144176445746;10;20;128;128
83;0;0.0001;concept1;0.022352332938344464;None;0.0308321652864741;0.9776476670616555;10;20;128;128
83;1;0.0001;concept2;0.0026112555266172635;None;0.02157992916840004;0.9973887444733828;10;20;128;128
83;2;0.0001;concept3;0.00317708357371086;None;0.028647372885350977;0.9968229164262892;10;20;128;128
84;0;0.0001;concept1;0.026275475712567928;None;0.03278934629373983;0.9737245242874321;10;20;128;128
84;1;0.0001;concept2;0.0025817197544040333;None;0.021404535028206478;0.997418280245596;10;20;128;128
84;2;0.0001;concept3;0.0031738301880707446;None;0.02886155299220362;0.9968261698119293;10;20;128;128
85;0;0.0001;concept1;0.02184647489610256;None;0.030436563908055568;0.9781535251038974;10;20;128;128
85;1;0.0001;concept2;0.00259825291246479;None;0.021466348729309838;0.9974017470875353;10;20;128;128
85;2;0.0001;concept3;0.0031599033550397497;None;0.028897410844713593;0.9968400966449602;10;20;128;128
86;0;0.0001;concept1;0.026793656332273125;None;0.0330596638367338;0.9732063436677268;10;20;128;128
86;1;0.0001;concept2;0.0025772915817648028;None;0.021335400433647504;0.9974227084182352;10;20;128;128
86;2;0.0001;concept3;0.0031357802949274673;None;0.02880931061457837;0.9968642197050726;10;20;128;128
87;0;0.0001;concept1;0.025203051521839197;None;0.03224367246297493;0.9747969484781608;10;20;128;128
87;1;0.0001;concept2;0.0025883716664496298;None;0.021373964915042516;0.9974116283335503;10;20;128;128
87;2;0.0001;concept3;0.003577576656258081;None;0.03030105830571596;0.9964224233437419;10;20;128;128
88;0;0.0001;concept1;0.029703109831007015;None;0.034581617395422294;0.970296890168993;10;20;128;128
88;1;0.0001;concept2;0.0025569394156738866;None;0.021187611903741316;0.9974430605843261;10;20;128;128
88;2;0.0001;concept3;0.0031114940882763617;None;0.028671093254926245;0.9968885059117236;10;20;128;128
89;0;0.0001;concept1;0.02694765179486702;None;0.03286886368975898;0.973052348205133;10;20;128;128
89;1;0.0001;concept2;0.0025716796804790046;None;0.02124475879824453;0.997428320319521;10;20;128;128
89;2;0.0001;concept3;0.0031815139380342266;None;0.029513029269932108;0.9968184860619658;10;20;128;128
90;0;0.0001;concept1;0.022756869601975236;None;0.0308789462832103;0.9772431303980248;10;20;128;128
90;1;0.0001;concept2;0.0025605440482716997;None;0.021175285516566986;0.9974394559517283;10;20;128;128
90;2;0.0001;concept3;0.0030600554091092472;None;0.028680821120990404;0.9969399445908907;10;20;128;128
91;0;0.0001;concept1;0.020254488949421435;None;0.02947816884710155;0.9797455110505786;10;20;128;128
91;1;0.0001;concept2;0.002547944136516572;None;0.021084875427427152;0.9974520558634834;10;20;128;128
91;2;0.0001;concept3;0.0031014555291275408;None;0.028548675387941685;0.9968985444708724;10;20;128;128
92;0;0.0001;concept1;0.02813721927896763;None;0.033575691025350005;0.9718627807210324;10;20;128;128
92;1;0.0001;concept2;0.002536967308499895;None;0.02101301636701815;0.9974630326915;10;20;128;128
92;2;0.0001;concept3;0.0030797079448590552;None;0.028436581756834636;0.996920292055141;10;20;128;128
93;0;0.0001;concept1;0.029077187568112277;None;0.03411066746092184;0.9709228124318877;10;20;128;128
93;1;0.0001;concept2;0.002541002086296199;None;0.021012020966520082;0.9974589979137038;10;20;128;128
93;2;0.0001;concept3;0.0030463546494871345;None;0.028778095149160004;0.9969536453505129;10;20;128;128
94;0;0.0001;concept1;0.024353085086906;None;0.031696440826198935;0.975646914913094;10;20;128;128
94;1;0.0001;concept2;0.0025467408024152263;None;0.02102495953773687;0.9974532591975848;10;20;128;128
94;2;0.0001;concept3;0.003089806813393532;None;0.02914278841536104;0.9969101931866065;10;20;128;128
95;0;0.0001;concept1;0.027071101596998104;None;0.03310283112079711;0.9729288984030019;10;20;128;128
95;1;0.0001;concept2;0.0025282929316956053;None;0.020913001408372274;0.9974717070683043;10;20;128;128
95;2;0.0001;concept3;0.0038442918264714383;None;0.033666349390556606;0.9961557081735286;10;20;128;128
96;0;0.0001;concept1;0.02385023775251307;None;0.0317547537989331;0.976149762247487;10;20;128;128
96;1;0.0001;concept2;0.0025296594170708363;None;0.02090989226376849;0.9974703405829292;10;20;128;128
96;2;0.0001;concept3;0.0031244074009187;None;0.029431872505753347;0.9968755925990813;10;20;128;128
97;0;0.0001;concept1;0.025520649373501566;None;0.032251887863423305;0.9744793506264985;10;20;128;128
97;1;0.0001;concept2;0.002512449460036805;None;0.02080573130465455;0.9974875505399632;10;20;128;128
97;2;0.0001;concept3;0.0030490574781211113;None;0.028392008070844424;0.9969509425218789;10;20;128;128
98;0;0.0001;concept1;0.0384706735003336;None;0.04097475999487253;0.9615293264996664;10;20;128;128
98;1;0.0001;concept2;0.002504530060267534;None;0.020759362239314526;0.9974954699397325;10;20;128;128
98;2;0.0001;concept3;0.003007113960546066;None;0.02820775824352251;0.9969928860394539;10;20;128;128
99;0;0.0001;concept1;0.0383432410379392;None;0.040153300763224105;0.9616567589620608;10;20;128;128
99;1;0.0001;concept2;0.0025108670672165123;None;0.020791639451911013;0.9974891329327835;10;20;128;128
99;2;0.0001;concept3;0.0029795639406960646;None;0.028467965372858586;0.9970204360593039;10;20;128;128
100;0;0.0001;concept1;0.026730910256898298;None;0.0402905802912497;0.9732690897431017;10;20;128;128
100;1;0.0001;concept2;0.00987408030119529;None;0.017472277653216246;0.9901259196988047;10;20;128;128
100;2;0.0001;concept3;0.10028249276415839;None;0.1333251157572566;0.8997175072358417;10;20;128;128
101;0;0.0001;concept1;0.029958104377088048;None;0.041774181342959474;0.970041895622912;10;20;128;128
101;1;0.0001;concept2;0.007989318523806379;None;0.01626592969252464;0.9920106814761936;10;20;128;128
101;2;0.0001;concept3;0.09654410616951636;None;0.12934264906346885;0.9034558938304836;10;20;128;128
102;0;0.0001;concept1;0.030460514177394732;None;0.04190461893665461;0.9695394858226053;10;20;128;128
102;1;0.0001;concept2;0.007542264809122456;None;0.015682661329105462;0.9924577351908775;10;20;128;128
102;2;0.0001;concept3;0.0963459905543326;None;0.1298870148201677;0.9036540094456674;10;20;128;128
103;0;0.0001;concept1;0.027854372515273902;None;0.04021979430061156;0.9721456274847261;10;20;128;128
103;1;0.0001;concept2;0.007423139924627562;None;0.015486404907434382;0.9925768600753725;10;20;128;128
103;2;0.0001;concept3;0.10755830164872278;None;0.13879108448158603;0.8924416983512772;10;20;128;128
104;0;0.0001;concept1;0.030665485147754783;None;0.041505641564070196;0.9693345148522452;10;20;128;128
104;1;0.0001;concept2;0.007298304654367349;None;0.015286924158998363;0.9927016953456327;10;20;128;128
104;2;0.0001;concept3;0.09621886441747844;None;0.13068386006734992;0.9037811355825216;10;20;128;128
105;0;0.0001;concept1;0.03205472699060185;None;0.0421160320544654;0.9679452730093981;10;20;128;128
105;1;0.0001;concept2;0.007356371583444806;None;0.015370030970742622;0.9926436284165552;10;20;128;128
105;2;0.0001;concept3;0.09472780403548581;None;0.1297796133715833;0.9052721959645142;10;20;128;128
106;0;0.0001;concept1;0.031756856993497;None;0.04185761292825449;0.968243143006503;10;20;128;128
106;1;0.0001;concept2;0.0073395995508951165;None;0.015331036560769942;0.9926604004491049;10;20;128;128
106;2;0.0001;concept3;0.08645707397669035;None;0.11989980867258421;0.9135429260233097;10;20;128;128
107;0;0.0001;concept1;0.031462649246496464;None;0.041630666697727456;0.9685373507535036;10;20;128;128
107;1;0.0001;concept2;0.007563089165981966;None;0.015650800051832447;0.9924369108340181;10;20;128;128
107;2;0.0001;concept3;0.12215316309024761;None;0.15008814913199894;0.8778468369097524;10;20;128;128
108;0;0.0001;concept1;0.031151691695888436;None;0.04136205641305823;0.9688483083041116;10;20;128;128
108;1;0.0001;concept2;0.00770005243580253;None;0.015861424756865142;0.9922999475641975;10;20;128;128
108;2;0.0001;concept3;0.09285998366103816;None;0.12857380235471905;0.9071400163389618;10;20;128;128
109;0;0.0001;concept1;0.030411000887827964;None;0.04097661284653455;0.969588999112172;10;20;128;128
109;1;0.0001;concept2;0.00743126471028736;None;0.015431654848620349;0.9925687352897127;10;20;128;128
109;2;0.0001;concept3;0.1257092144189132;None;0.15437018408716913;0.8742907855810869;10;20;128;128
110;0;0.0001;concept1;0.030385827577211314;None;0.040966928098240596;0.9696141724227887;10;20;128;128
110;1;0.0001;concept2;0.009580959408935637;None;0.018332618034884115;0.9904190405910643;10;20;128;128
110;2;0.0001;concept3;0.09294537454746492;None;0.12885791854665063;0.9070546254525351;10;20;128;128
111;0;0.0001;concept1;0.030923950377961692;None;0.04139566954815609;0.9690760496220383;10;20;128;128
111;1;0.0001;concept2;0.007466023059886337;None;0.015494056986388028;0.9925339769401137;10;20;128;128
111;2;0.0001;concept3;0.09125663287636648;None;0.12746118223809672;0.9087433671236336;10;20;128;128
112;0;0.0001;concept1;0.030856352951437425;None;0.041241704235866934;0.9691436470485626;10;20;128;128
112;1;0.0001;concept2;0.007558467169841194;None;0.01563015322618725;0.9924415328301588;10;20;128;128
112;2;0.0001;concept3;0.09284504027923839;None;0.12965391590263162;0.9071549597207617;10;20;128;128
113;0;0.0001;concept1;0.030253103798733298;None;0.04083118480968656;0.9697468962012668;10;20;128;128
113;1;0.0001;concept2;0.007386563729054845;None;0.015380904111586192;0.9926134362709451;10;20;128;128
113;2;0.0001;concept3;0.0916588221397318;None;0.12892100099293322;0.9083411778602682;10;20;128;128
114;0;0.0001;concept1;0.029981866465256947;None;0.040728963915200846;0.9700181335347431;10;20;128;128
114;1;0.0001;concept2;0.007451683327558896;None;0.01547287601593276;0.9925483166724411;10;20;128;128
114;2;0.0001;concept3;0.08336833025910415;None;0.12095295356069342;0.9166316697408958;10;20;128;128
115;0;0.0001;concept1;0.02954095582053071;None;0.04057532754869545;0.9704590441794693;10;20;128;128
115;1;0.0001;concept2;0.007467180427120396;None;0.015494360938746137;0.9925328195728796;10;20;128;128
115;2;0.0001;concept3;0.0942868649271865;None;0.13132158761681986;0.9057131350728135;10;20;128;128
116;0;0.0001;concept1;0.028987046113802168;None;0.040383422738562505;0.9710129538861978;10;20;128;128
116;1;0.0001;concept2;0.00732673982713547;None;0.015303935827773014;0.9926732601728645;10;20;128;128
116;2;0.0001;concept3;0.08685443068653612;None;0.1250974966333007;0.9131455693134639;10;20;128;128
117;0;0.0001;concept1;0.02829108728164982;None;0.04010775499151954;0.9717089127183501;10;20;128;128
117;1;0.0001;concept2;0.007362678101566457;None;0.015371089597083273;0.9926373218984336;10;20;128;128
117;2;0.0001;concept3;0.08652333013250472;None;0.12495701172790732;0.9134766698674953;10;20;128;128
118;0;0.0001;concept1;0.028622067583335395;None;0.04025316336502523;0.9713779324166646;10;20;128;128
118;1;0.0001;concept2;0.007383774147423568;None;0.01542378008267454;0.9926162258525765;10;20;128;128
118;2;0.0001;concept3;0.08143863816074372;None;0.1173224121262754;0.9185613618392563;10;20;128;128
119;0;0.0001;concept1;0.028770784375766054;None;0.04044649340391445;0.9712292156242339;10;20;128;128
119;1;0.0001;concept2;0.00754311044428557;None;0.01567091290154042;0.9924568895557144;10;20;128;128
119;2;0.0001;concept3;0.0865326714618397;None;0.12556082204378813;0.9134673285381603;10;20;128;128
120;0;0.0001;concept1;0.028541396445657785;None;0.04036870592140234;0.9714586035543422;10;20;128;128
120;1;0.0001;concept2;0.007378401597520553;None;0.0154531444623461;0.9926215984024794;10;20;128;128
120;2;0.0001;concept3;0.08732807188800382;None;0.12661384415741928;0.9126719281119962;10;20;128;128
121;0;0.0001;concept1;0.028739444690306433;None;0.04051659214587409;0.9712605553096936;10;20;128;128
121;1;0.0001;concept2;0.007316682004400167;None;0.015385126026539984;0.9926833179955998;10;20;128;128
121;2;0.0001;concept3;0.08596875512673553;None;0.12535530862744837;0.9140312448732645;10;20;128;128
122;0;0.0001;concept1;0.029010116966101646;None;0.040481470202367975;0.9709898830338983;10;20;128;128
122;1;0.0001;concept2;0.007216325684295159;None;0.015258315973164956;0.9927836743157048;10;20;128;128
122;2;0.0001;concept3;0.13479350197403617;None;0.16420717956835576;0.8652064980259638;10;20;128;128
123;0;0.0001;concept1;0.02877862619854253;None;0.0404269861409524;0.9712213738014575;10;20;128;128
123;1;0.0001;concept2;0.007328923627758956;None;0.015440015161524046;0.9926710763722411;10;20;128;128
123;2;0.0001;concept3;0.08725255400710462;None;0.1264708370453997;0.9127474459928954;10;20;128;128
124;0;0.0001;concept1;0.028717896886778026;None;0.040433134483278725;0.9712821031132219;10;20;128;128
124;1;0.0001;concept2;0.007240556966762312;None;0.015327509369938567;0.9927594430332377;10;20;128;128
124;2;0.0001;concept3;0.08570732126628994;None;0.12488444255642489;0.91429267873371;10;20;128;128
125;0;0.0001;concept1;0.028556056676117342;None;0.04031838325315307;0.9714439433238826;10;20;128;128
125;1;0.0001;concept2;0.0072807286461018745;None;0.015392539506926699;0.9927192713538981;10;20;128;128
125;2;0.0001;concept3;0.09763521680618119;None;0.13524074719554083;0.9023647831938189;10;20;128;128
126;0;0.0001;concept1;0.028460934079191758;None;0.040222391271864145;0.9715390659208083;10;20;128;128
126;1;0.0001;concept2;0.0071485934403347825;None;0.015230620394951854;0.9928514065596652;10;20;128;128
126;2;0.0001;concept3;0.08603780167396106;None;0.12496962153302173;0.913962198326039;10;20;128;128
127;0;0.0001;concept1;0.0285528084734897;None;0.04039575958567242;0.9714471915265103;10;20;128;128
127;1;0.0001;concept2;0.007204186205749844;None;0.015320481876585537;0.9927958137942502;10;20;128;128
127;2;0.0001;concept3;0.0832549219941948;None;0.12148694344584421;0.9167450780058052;10;20;128;128
128;0;0.0001;concept1;0.028173188446637434;None;0.04033330715089433;0.9718268115533626;10;20;128;128
128;1;0.0001;concept2;0.0072675960656681604;None;0.015428890812941085;0.9927324039343318;10;20;128;128
128;2;0.0001;concept3;0.08673423875892793;None;0.12573315702632262;0.9132657612410721;10;20;128;128
129;0;0.0001;concept1;0.02774666935265005;None;0.03999887546297621;0.97225333064735;10;20;128;128
129;1;0.0001;concept2;0.007263705982530115;None;0.01544153242774921;0.9927362940174699;10;20;128;128
129;2;0.0001;concept3;0.08531290269697457;None;0.12410654703871012;0.9146870973030254;10;20;128;128
130;0;0.0001;concept1;0.02715369426298254;None;0.039853882890836516;0.9728463057370175;10;20;128;128
130;1;0.0001;concept2;0.0073655147504881665;None;0.01559829951066498;0.9926344852495118;10;20;128;128
130;2;0.0001;concept3;0.08455605090263557;None;0.12333784386414025;0.9154439490973645;10;20;128;128
131;0;0.0001;concept1;0.027251954994087748;None;0.03996925203394242;0.9727480450059123;10;20;128;128
131;1;0.0001;concept2;0.007411155441657194;None;0.015675269408152014;0.9925888445583428;10;20;128;128
131;2;0.0001;concept3;0.0842126071767407;None;0.12303608923152613;0.9157873928232593;10;20;128;128
132;0;0.0001;concept1;0.02781767724221653;None;0.040251785760683424;0.9721823227577835;10;20;128;128
132;1;0.0001;concept2;0.007392240491386666;None;0.015656420083837132;0.9926077595086134;10;20;128;128
132;2;0.0001;concept3;0.08475236418925727;None;0.1235048846485854;0.9152476358107428;10;20;128;128
133;0;0.0001;concept1;0.026772370311654956;None;0.03977682185712767;0.9732276296883451;10;20;128;128
133;1;0.0001;concept2;0.007335419831703644;None;0.01558440063752269;0.9926645801682964;10;20;128;128
133;2;0.0001;concept3;0.08513559618068742;None;0.12386872762455797;0.9148644038193126;10;20;128;128
134;0;0.0001;concept1;0.026561727903506017;None;0.039703130439016444;0.973438272096494;10;20;128;128
134;1;0.0001;concept2;0.00722695716773227;None;0.015444750919019156;0.9927730428322677;10;20;128;128
134;2;0.0001;concept3;0.08447709328656243;None;0.12343804397344096;0.9155229067134376;10;20;128;128
135;0;0.0001;concept1;0.026857991649457288;None;0.03988373029231193;0.9731420083505428;10;20;128;128
135;1;0.0001;concept2;0.006746293414272932;None;0.014778380031349628;0.9932537065857271;10;20;128;128
135;2;0.0001;concept3;0.08452217164257413;None;0.12341885470297308;0.9154778283574259;10;20;128;128
136;0;0.0001;concept1;0.026685887061923014;None;0.03986317765209493;0.973314112938077;10;20;128;128
136;1;0.0001;concept2;0.006521991464160963;None;0.01446160636834254;0.993478008535839;10;20;128;128
136;2;0.0001;concept3;0.08468143420004644;None;0.12367092097745838;0.9153185657999535;10;20;128;128
137;0;0.0001;concept1;0.02700539335008892;None;0.0399593351092029;0.9729946066499111;10;20;128;128
137;1;0.0001;concept2;0.006721498809947891;None;0.014763317905757125;0.9932785011900521;10;20;128;128
137;2;0.0001;concept3;0.08404320990545497;None;0.12294344179867277;0.915956790094545;10;20;128;128
138;0;0.0001;concept1;0.027114695540039667;None;0.04003505943919355;0.9728853044599604;10;20;128;128
138;1;0.0001;concept2;0.006277427857516336;None;0.014113939529176117;0.9937225721424837;10;20;128;128
138;2;0.0001;concept3;0.084025232888146;None;0.12288432252015859;0.915974767111854;10;20;128;128
139;0;0.0001;concept1;0.027006624538552234;None;0.03997373283314478;0.9729933754614478;10;20;128;128
139;1;0.0001;concept2;0.006128490252840881;None;0.013887925038321676;0.9938715097471591;10;20;128;128
139;2;0.0001;concept3;0.08360692907665826;None;0.12246842863716073;0.9163930709233418;10;20;128;128
140;0;0.0001;concept1;0.02718626865798707;None;0.04011745397749892;0.9728137313420129;10;20;128;128
140;1;0.0001;concept2;0.0060460717368470765;None;0.013767626759393409;0.9939539282631529;10;20;128;128
140;2;0.0001;concept3;0.08339460508010747;None;0.12219728047372805;0.9166053949198926;10;20;128;128
141;0;0.0001;concept1;0.02723332337967064;None;0.04003774095601249;0.9727666766203293;10;20;128;128
141;1;0.0001;concept2;0.005770809114515103;None;0.013329191582031562;0.9942291908854849;10;20;128;128
141;2;0.0001;concept3;0.08283286492164435;None;0.12174072757594548;0.9171671350783557;10;20;128;128
142;0;0.0001;concept1;0.02683105382374722;None;0.03998289868005528;0.9731689461762528;10;20;128;128
142;1;0.0001;concept2;0.005512120131031062;None;0.012887267163319437;0.9944878798689689;10;20;128;128
142;2;0.0001;concept3;0.08227646967935627;None;0.12111794118264164;0.9177235303206437;10;20;128;128
143;0;0.0001;concept1;0.02735788864872605;None;0.040142891001974663;0.972642111351274;10;20;128;128
143;1;0.0001;concept2;0.005450912526618709;None;0.012794045055770913;0.9945490874733813;10;20;128;128
143;2;0.0001;concept3;0.08246658055920074;None;0.12125191026193238;0.9175334194407992;10;20;128;128
144;0;0.0001;concept1;0.02818835563840336;None;0.040416593033258515;0.9718116443615966;10;20;128;128
144;1;0.0001;concept2;0.005421893738262076;None;0.012762203470948039;0.9945781062617379;10;20;128;128
144;2;0.0001;concept3;0.0826292257198649;None;0.12132506462228589;0.9173707742801351;10;20;128;128
145;0;0.0001;concept1;0.027224466501788655;None;0.040121458097357655;0.9727755334982113;10;20;128;128
145;1;0.0001;concept2;0.005347214566267756;None;0.012629377725873327;0.9946527854337323;10;20;128;128
145;2;0.0001;concept3;0.08310151839874728;None;0.1214418624513398;0.9168984816012528;10;20;128;128
146;0;0.0001;concept1;0.028396227833963714;None;0.040613317374081234;0.9716037721660363;10;20;128;128
146;1;0.0001;concept2;0.005399254764216664;None;0.01275407273129587;0.9946007452357833;10;20;128;128
146;2;0.0001;concept3;0.08321369042217523;None;0.12142456168419086;0.9167863095778248;10;20;128;128
147;0;0.0001;concept1;0.028580067624327177;None;0.04062797041701308;0.9714199323756728;10;20;128;128
147;1;0.0001;concept2;0.0052799916628208324;None;0.012516378741142795;0.9947200083371792;10;20;128;128
147;2;0.0001;concept3;0.08101815386196341;None;0.11959414001619083;0.9189818461380366;10;20;128;128
148;0;0.0001;concept1;0.026948471051111166;None;0.0402028091974006;0.9730515289488888;10;20;128;128
148;1;0.0001;concept2;0.005234521398200515;None;0.012419656631291008;0.9947654786017995;10;20;128;128
148;2;0.0001;concept3;0.08170495988914342;None;0.12007857001475619;0.9182950401108566;10;20;128;128
149;0;0.0001;concept1;0.028186557667846845;None;0.04056046628345738;0.9718134423321532;10;20;128;128
149;1;0.0001;concept2;0.0052009432333386665;None;0.012345589057579988;0.9947990567666614;10;20;128;128
149;2;0.0001;concept3;0.08246481938472823;None;0.12052157110971981;0.9175351806152718;10;20;128;128
150;0;0.0001;concept1;0.01937723760120333;None;0.036152810492637875;0.9806227623987966;10;20;128;128
150;1;0.0001;concept2;0.0020570393912918965;None;0.01598816703321731;0.9979429606087081;10;20;128;128
150;2;0.0001;concept3;0.40244274659996027;None;0.0695952867584169;0.5975572534000397;10;20;128;128
151;0;0.0001;concept1;0.019688738188185506;None;0.0369839908721399;0.9803112618118145;10;20;128;128
151;1;0.0001;concept2;0.002019800309924775;None;0.01564680412465452;0.9979801996900752;10;20;128;128
151;2;0.0001;concept3;0.346321189190576;None;0.06625682347978522;0.653678810809424;10;20;128;128
152;0;0.0001;concept1;0.019564891188503023;None;0.03703815166238592;0.980435108811497;10;20;128;128
152;1;0.0001;concept2;0.001994192930313193;None;0.015386720953302221;0.9980058070696868;10;20;128;128
152;2;0.0001;concept3;0.3062453358654032;None;0.06339717911299672;0.6937546641345969;10;20;128;128
153;0;0.0001;concept1;0.019540428854176103;None;0.03709493479154928;0.9804595711458239;10;20;128;128
153;1;0.0001;concept2;0.0019765580343776602;None;0.015188022851688009;0.9980234419656223;10;20;128;128
153;2;0.0001;concept3;0.28640486242217694;None;0.06153732550463363;0.7135951375778231;10;20;128;128
154;0;0.0001;concept1;0.01962914280996591;None;0.037175578852123976;0.9803708571900341;10;20;128;128
154;1;0.0001;concept2;0.0019638436940870915;None;0.015044929798047321;0.9980361563059129;10;20;128;128
154;2;0.0001;concept3;0.27584813778158396;None;0.060193032908179275;0.724151862218416;10;20;128;128
155;0;0.0001;concept1;0.019526828144574952;None;0.03709463456294491;0.980473171855425;10;20;128;128
155;1;0.0001;concept2;0.0019509936936767435;None;0.014926505307098718;0.9980490063063232;10;20;128;128
155;2;0.0001;concept3;0.27188894382160983;None;0.05943760982019204;0.7281110561783901;10;20;128;128
156;0;0.0001;concept1;0.019366700577819845;None;0.03694912871866047;0.9806332994221801;10;20;128;128
156;1;0.0001;concept2;0.0019411448587946729;None;0.014834088211590588;0.9980588551412053;10;20;128;128
156;2;0.0001;concept3;0.27154181312256676;None;0.05952338482445469;0.7284581868774332;10;20;128;128
157;0;0.0001;concept1;0.019372759199949238;None;0.036911438983556526;0.9806272408000508;10;20;128;128
157;1;0.0001;concept2;0.0019327860232004035;None;0.014760398474217534;0.9980672139767996;10;20;128;128
157;2;0.0001;concept3;0.27118834976018485;None;0.05952254066732412;0.7288116502398152;10;20;128;128
158;0;0.0001;concept1;0.019227412874692873;None;0.036771203643907964;0.9807725871253071;10;20;128;128
158;1;0.0001;concept2;0.001923821726030344;None;0.014699960772983774;0.9980761782739697;10;20;128;128
158;2;0.0001;concept3;0.27115455255822185;None;0.05941433186597814;0.7288454474417781;10;20;128;128
159;0;0.0001;concept1;0.01919776542064531;None;0.03676385935397105;0.9808022345793547;10;20;128;128
159;1;0.0001;concept2;0.0019160234763443864;None;0.014654390107695429;0.9980839765236557;10;20;128;128
159;2;0.0001;concept3;0.2709939449799501;None;0.05946696013972265;0.7290060550200499;10;20;128;128
160;0;0.0001;concept1;0.019202561997485563;None;0.03670225880589361;0.9807974380025144;10;20;128;128
160;1;0.0001;concept2;0.0019086019845661252;None;0.014609501780998624;0.9980913980154339;10;20;128;128
160;2;0.0001;concept3;0.2721008850474683;None;0.059758138851068184;0.7278991149525317;10;20;128;128
161;0;0.0001;concept1;0.019192285656635603;None;0.03668502769288508;0.9808077143433644;10;20;128;128
161;1;0.0001;concept2;0.0019012822723574634;None;0.014567405620458607;0.9980987177276426;10;20;128;128
161;2;0.0001;concept3;0.2744115396282366;None;0.06014353856864734;0.7255884603717633;10;20;128;128
162;0;0.0001;concept1;0.01912394119217185;None;0.03663971850044655;0.9808760588078281;10;20;128;128
162;1;0.0001;concept2;0.0018950404442755816;None;0.01452742416620762;0.9981049595557244;10;20;128;128
162;2;0.0001;concept3;0.2790338594627787;None;0.06062434523388474;0.7209661405372213;10;20;128;128
163;0;0.0001;concept1;0.019099496663969116;None;0.03658469240977005;0.9809005033360308;10;20;128;128
163;1;0.0001;concept2;0.0018882034575808911;None;0.014486938880605225;0.9981117965424191;10;20;128;128
163;2;0.0001;concept3;0.2846243220431841;None;0.06115883612503136;0.7153756779568159;10;20;128;128
164;0;0.0001;concept1;0.01903884131351057;None;0.036472790309196784;0.9809611586864895;10;20;128;128
164;1;0.0001;concept2;0.001882199309350173;None;0.014449943119961967;0.9981178006906498;10;20;128;128
164;2;0.0001;concept3;0.28975401167523823;None;0.06159856719950065;0.7102459883247618;10;20;128;128
165;0;0.0001;concept1;0.019055656577553613;None;0.03648247314039581;0.9809443434224464;10;20;128;128
165;1;0.0001;concept2;0.0018767537919751863;None;0.014417127273474791;0.9981232462080248;10;20;128;128
165;2;0.0001;concept3;0.29652730825830187;None;0.06210164135033618;0.7034726917416981;10;20;128;128
166;0;0.0001;concept1;0.018872145433437085;None;0.03633461112583466;0.9811278545665629;10;20;128;128
166;1;0.0001;concept2;0.0018720864802305602;None;0.01439252342854706;0.9981279135197695;10;20;128;128
166;2;0.0001;concept3;0.30184079097081357;None;0.062435978411308775;0.6981592090291864;10;20;128;128
167;0;0.0001;concept1;0.01901005719242387;None;0.0364445512102387;0.9809899428075761;10;20;128;128
167;1;0.0001;concept2;0.0018681548920689787;None;0.014372943573883096;0.9981318451079311;10;20;128;128
167;2;0.0001;concept3;0.30849789336921013;None;0.06288046294355698;0.6915021066307898;10;20;128;128
168;0;0.0001;concept1;0.018942665940446166;None;0.036344770683323036;0.9810573340595539;10;20;128;128
168;1;0.0001;concept2;0.0018643585158140503;None;0.014354322779592091;0.998135641484186;10;20;128;128
168;2;0.0001;concept3;0.3155468239543652;None;0.0633200683440498;0.6844531760456348;10;20;128;128
169;0;0.0001;concept1;0.018953656962551777;None;0.0363822452492285;0.9810463430374482;10;20;128;128
169;1;0.0001;concept2;0.001860965610577378;None;0.014340003967117322;0.9981390343894226;10;20;128;128
169;2;0.0001;concept3;0.3235510898528835;None;0.06384838968946593;0.6764489101471165;10;20;128;128
170;0;0.0001;concept1;0.018863290638525286;None;0.03627912667841996;0.9811367093614747;10;20;128;128
170;1;0.0001;concept2;0.0018574887356478985;None;0.014328113322489995;0.998142511264352;10;20;128;128
170;2;0.0001;concept3;0.3305173592886654;None;0.06434580218843189;0.6694826407113347;10;20;128;128
171;0;0.0001;concept1;0.018803194272527086;None;0.036195376187365985;0.9811968057274729;10;20;128;128
171;1;0.0001;concept2;0.001854754000320471;None;0.014319877510482743;0.9981452459996796;10;20;128;128
171;2;0.0001;concept3;0.3366143276522334;None;0.06475489071213038;0.6633856723477666;10;20;128;128
172;0;0.0001;concept1;0.01890030518940889;None;0.036260585594018235;0.9810996948105911;10;20;128;128
172;1;0.0001;concept2;0.0018515609972376485;None;0.014313821805265728;0.9981484390027624;10;20;128;128
172;2;0.0001;concept3;0.3427394456716809;None;0.06516003460523964;0.6572605543283191;10;20;128;128
173;0;0.0001;concept1;0.018812568494685662;None;0.03617022542998524;0.9811874315053143;10;20;128;128
173;1;0.0001;concept2;0.0018479028413237867;None;0.014305691561444634;0.9981520971586763;10;20;128;128
173;2;0.0001;concept3;0.34933234955604076;None;0.06565472972176482;0.6506676504439592;10;20;128;128
174;0;0.0001;concept1;0.01879335807299931;None;0.03614584793660753;0.9812066419270007;10;20;128;128
174;1;0.0001;concept2;0.001843424290742112;None;0.014295587966310813;0.9981565757092579;10;20;128;128
174;2;0.0001;concept3;0.3544351109794907;None;0.066064868820831;0.6455648890205092;10;20;128;128
175;0;0.0001;concept1;0.018822234803678634;None;0.03614639056121477;0.9811777651963214;10;20;128;128
175;1;0.0001;concept2;0.001839170322299092;None;0.014284837549125578;0.9981608296777009;10;20;128;128
175;2;0.0001;concept3;0.3579494211730031;None;0.0663710638416354;0.6420505788269969;10;20;128;128
176;0;0.0001;concept1;0.018797052311215295;None;0.03615303142634726;0.9812029476887847;10;20;128;128
176;1;0.0001;concept2;0.001834714893583069;None;0.0142755798934021;0.9981652851064169;10;20;128;128
176;2;0.0001;concept3;0.3575590597729984;None;0.06630383110262189;0.6424409402270016;10;20;128;128
177;0;0.0001;concept1;0.018806454211438377;None;0.036158138928043516;0.9811935457885617;10;20;128;128
177;1;0.0001;concept2;0.0018306232695131195;None;0.014270049625313202;0.9981693767304869;10;20;128;128
177;2;0.0001;concept3;0.3604963704713241;None;0.06653853103819594;0.6395036295286759;10;20;128;128
178;0;0.0001;concept1;0.0187286826147409;None;0.03607764782599731;0.9812713173852591;10;20;128;128
178;1;0.0001;concept2;0.0018266537760000263;None;0.014266018434001968;0.998173346224;10;20;128;128
178;2;0.0001;concept3;0.36381448491688634;None;0.0667344365756698;0.6361855150831137;10;20;128;128
179;0;0.0001;concept1;0.018682732756507038;None;0.036051704680375475;0.981317267243493;10;20;128;128
179;1;0.0001;concept2;0.0018236946125459615;None;0.014264214287639727;0.998176305387454;10;20;128;128
179;2;0.0001;concept3;0.3629775909398412;None;0.06659437329812225;0.6370224090601587;10;20;128;128
180;0;0.0001;concept1;0.018650890410829343;None;0.03605105737833501;0.9813491095891707;10;20;128;128
180;1;0.0001;concept2;0.0018202727703322675;None;0.014260654483455612;0.9981797272296677;10;20;128;128
180;2;0.0001;concept3;0.36259372572655196;None;0.06645934565635293;0.6374062742734481;10;20;128;128
181;0;0.0001;concept1;0.018533323449543802;None;0.035959911325801966;0.9814666765504562;10;20;128;128
181;1;0.0001;concept2;0.0018169045969398763;None;0.014254887191888653;0.9981830954030602;10;20;128;128
181;2;0.0001;concept3;0.3641545166059304;None;0.06649830355061973;0.6358454833940697;10;20;128;128
182;0;0.0001;concept1;0.01866836700139189;None;0.03606596972523695;0.9813316329986081;10;20;128;128
182;1;0.0001;concept2;0.0018138024222431194;None;0.01424923728838965;0.9981861975777568;10;20;128;128
182;2;0.0001;concept3;0.3646108585158804;None;0.06644338533825853;0.6353891414841195;10;20;128;128
183;0;0.0001;concept1;0.018607180049526308;None;0.03601666695134414;0.9813928199504737;10;20;128;128
183;1;0.0001;concept2;0.0018102084014585994;None;0.0142400608641282;0.9981897915985414;10;20;128;128
183;2;0.0001;concept3;0.3688028140223382;None;0.0666886439416536;0.6311971859776617;10;20;128;128
184;0;0.0001;concept1;0.01852198221252351;None;0.03595352144595276;0.9814780177874765;10;20;128;128
184;1;0.0001;concept2;0.0018067292837873105;None;0.014233706603774094;0.9981932707162127;10;20;128;128
184;2;0.0001;concept3;0.36962310483286437;None;0.06668135644328901;0.6303768951671356;10;20;128;128
185;0;0.0001;concept1;0.01842285453760419;None;0.03587381451077709;0.9815771454623958;10;20;128;128
185;1;0.0001;concept2;0.0018033348140750894;None;0.014228313139082457;0.9981966651859249;10;20;128;128
185;2;0.0001;concept3;0.3687868671193895;None;0.06654356787394602;0.6312131328806104;10;20;128;128
186;0;0.0001;concept1;0.01846780176793058;None;0.03589740576897045;0.9815321982320694;10;20;128;128
186;1;0.0001;concept2;0.0017999889213099268;None;0.014220382055291355;0.99820001107869;10;20;128;128
186;2;0.0001;concept3;0.36677927445802966;None;0.0663008306191265;0.6332207255419704;10;20;128;128
187;0;0.0001;concept1;0.01860282452544918;None;0.03599646586704217;0.9813971754745509;10;20;128;128
187;1;0.0001;concept2;0.0017957446388429438;None;0.014206904175489999;0.9982042553611571;10;20;128;128
187;2;0.0001;concept3;0.36479774286846994;None;0.06609175728269889;0.63520225713153;10;20;128;128
188;0;0.0001;concept1;0.01851987457365707;None;0.035943490463530396;0.9814801254263429;10;20;128;128
188;1;0.0001;concept2;0.0017919763619659715;None;0.014194097980740512;0.9982080236380341;10;20;128;128
188;2;0.0001;concept3;0.3645511039748114;None;0.06601297518370801;0.6354488960251885;10;20;128;128
189;0;0.0001;concept1;0.01855174638932771;None;0.035957199886660955;0.9814482536106723;10;20;128;128
189;1;0.0001;concept2;0.0017880229029685307;None;0.01418040751375102;0.9982119770970315;10;20;128;128
189;2;0.0001;concept3;0.3624687126538488;None;0.06580831753605572;0.6375312873461512;10;20;128;128
190;0;0.0001;concept1;0.018611256578190086;None;0.03599157345347452;0.9813887434218099;10;20;128;128
190;1;0.0001;concept2;0.0017841200611787636;None;0.01416894366499999;0.9982158799388212;10;20;128;128
190;2;0.0001;concept3;0.36026226573734915;None;0.0655080045004164;0.6397377342626509;10;20;128;128
191;0;0.0001;concept1;0.01862601132715576;None;0.03597828701113312;0.9813739886728442;10;20;128;128
191;1;0.0001;concept2;0.001780043706274051;None;0.014159844887832077;0.998219956293726;10;20;128;128
191;2;0.0001;concept3;0.3611529554040236;None;0.065430466264569;0.6388470445959764;10;20;128;128
192;0;0.0001;concept1;0.018757801638188482;None;0.03609729774593794;0.9812421983618115;10;20;128;128
192;1;0.0001;concept2;0.0017759070557678144;None;0.014150742583190415;0.9982240929442322;10;20;128;128
192;2;0.0001;concept3;0.36426825320269207;None;0.0655120411596171;0.6357317467973078;10;20;128;128
193;0;0.0001;concept1;0.018642435504722863;None;0.035997590546289454;0.9813575644952771;10;20;128;128
193;1;0.0001;concept2;0.0017726070431899287;None;0.014143675275309993;0.9982273929568101;10;20;128;128
193;2;0.0001;concept3;0.3670869137243834;None;0.0655988831234787;0.6329130862756166;10;20;128;128
194;0;0.0001;concept1;0.01864374648412439;None;0.03596960087135612;0.9813562535158756;10;20;128;128
194;1;0.0001;concept2;0.0017686479407033361;None;0.014134874854147586;0.9982313520592967;10;20;128;128
194;2;0.0001;concept3;0.3718339351924789;None;0.06585450742998836;0.628166064807521;10;20;128;128
195;0;0.0001;concept1;0.018509913515958924;None;0.03584810011547538;0.9814900864840411;10;20;128;128
195;1;0.0001;concept2;0.0017645616823310916;None;0.014125178056389694;0.9982354383176689;10;20;128;128
195;2;0.0001;concept3;0.37746651739958637;None;0.06620766512949089;0.6225334826004136;10;20;128;128
196;0;0.0001;concept1;0.018536285087983516;None;0.035834456859519914;0.9814637149120164;10;20;128;128
196;1;0.0001;concept2;0.0017612717001158733;None;0.014117485560681943;0.9982387282998841;10;20;128;128
196;2;0.0001;concept3;0.3793149155623944;None;0.06624711921212383;0.6206850844376056;10;20;128;128
197;0;0.0001;concept1;0.018591254333742594;None;0.03586574984859776;0.9814087456662575;10;20;128;128
197;1;0.0001;concept2;0.0017576579088589843;None;0.014108557425056654;0.998242342091141;10;20;128;128
197;2;0.0001;concept3;0.3833874768652234;None;0.06647868352890941;0.6166125231347765;10;20;128;128
198;0;0.0001;concept1;0.018646359355034784;None;0.03587144004877633;0.9813536406449652;10;20;128;128
198;1;0.0001;concept2;0.0017539437824786628;None;0.01410073749935971;0.9982460562175214;10;20;128;128
198;2;0.0001;concept3;0.38644724875062525;None;0.06663863285558372;0.6135527512493747;10;20;128;128
199;0;0.0001;concept1;0.01862421663166821;None;0.03585523150351735;0.9813757833683318;10;20;128;128
199;1;0.0001;concept2;0.001749602567752107;None;0.014089663635589559;0.9982503974322479;10;20;128;128
199;2;0.0001;concept3;0.3863510144445118;None;0.0665185873009987;0.6136489855554881;10;20;128;128
