0;0;0.0001;concept1;0.22760066;None;0.17366655;0.7723993062973022;10;3;128;128
0;1;0.0001;concept2;0.7342909;None;0.31775168;0.2657091021537781;10;3;128;128
0;2;0.0001;concept3;0.7322429;None;0.31629917;0.2677571177482605;10;3;128;128
1;0;0.0001;concept1;0.18117517;None;0.15283264;0.818824827671051;10;3;128;128
1;1;0.0001;concept2;0.45812893;None;0.24804561;0.5418710708618164;10;3;128;128
1;2;0.0001;concept3;0.5076231;None;0.25713566;0.4923769235610962;10;3;128;128
2;0;0.0001;concept1;0.09169596;None;0.1046466;0.9083040356636047;10;3;128;128
2;1;0.0001;concept2;0.052683283;None;0.077013075;0.9473167061805725;10;3;128;128
2;2;0.0001;concept3;0.15677921;None;0.11879728;0.8432207703590393;10;3;128;128
3;0;0.0001;concept1;0.07725072;None;0.09347947;0.9227492809295654;10;3;128;128
3;1;0.0001;concept2;0.031790398;None;0.059418228;0.9682096242904663;10;3;128;128
3;2;0.0001;concept3;0.13545883;None;0.10792436;0.8645411729812622;10;3;128;128
4;0;0.0001;concept1;0.069812134;None;0.086248934;0.9301878809928894;10;3;128;128
4;1;0.0001;concept2;0.027027389;None;0.054366596;0.9729726314544678;10;3;128;128
4;2;0.0001;concept3;0.13783133;None;0.10854991;0.8621686697006226;10;3;128;128
5;0;0.0001;concept1;0.06330915;None;0.07940841;0.9366908669471741;10;3;128;128
5;1;0.0001;concept2;0.021622684;None;0.04814895;0.9783773422241211;10;3;128;128
5;2;0.0001;concept3;0.14376417;None;0.10602293;0.8562358617782593;10;3;128;128
6;0;0.0001;concept1;0.057373054;None;0.07254532;0.942626953125;10;3;128;128
6;1;0.0001;concept2;0.017058767;None;0.042073846;0.982941210269928;10;3;128;128
6;2;0.0001;concept3;0.14124312;None;0.10021542;0.8587568998336792;10;3;128;128
7;0;0.0001;concept1;0.05243092;None;0.066176884;0.9475690722465515;10;3;128;128
7;1;0.0001;concept2;0.01310107;None;0.036383174;0.9868989586830139;10;3;128;128
7;2;0.0001;concept3;0.13875687;None;0.09604054;0.8612431287765503;10;3;128;128
8;0;0.0001;concept1;0.04795102;None;0.06018358;0.9520489573478699;10;3;128;128
8;1;0.0001;concept2;0.010177543;None;0.03199058;0.9898224472999573;10;3;128;128
8;2;0.0001;concept3;0.1373938;None;0.0929053;0.8626061677932739;10;3;128;128
9;0;0.0001;concept1;0.044815816;None;0.055537697;0.9551841616630554;10;3;128;128
9;1;0.0001;concept2;0.0084332945;None;0.029534278;0.9915667176246643;10;3;128;128
9;2;0.0001;concept3;0.1338512;None;0.09041596;0.866148829460144;10;3;128;128
10;0;0.0001;concept1;0.04248261;None;0.05208963;0.9575173854827881;10;3;128;128
10;1;0.0001;concept2;0.007807496;None;0.028871922;0.9921925067901611;10;3;128;128
10;2;0.0001;concept3;0.1307915;None;0.08862175;0.8692085146903992;10;3;128;128
11;0;0.0001;concept1;0.040786147;None;0.049907908;0.9592138528823853;10;3;128;128
11;1;0.0001;concept2;0.007967166;None;0.02952283;0.9920328259468079;10;3;128;128
11;2;0.0001;concept3;0.12686612;None;0.087385446;0.8731338977813721;10;3;128;128
12;0;0.0001;concept1;0.03931758;None;0.04839082;0.9606823921203613;10;3;128;128
12;1;0.0001;concept2;0.008417848;None;0.03082018;0.9915821552276611;10;3;128;128
12;2;0.0001;concept3;0.12687689;None;0.08767031;0.8731231093406677;10;3;128;128
13;0;0.0001;concept1;0.037559345;None;0.047011428;0.9624406695365906;10;3;128;128
13;1;0.0001;concept2;0.008990501;None;0.032239463;0.9910094738006592;10;3;128;128
13;2;0.0001;concept3;0.12797354;None;0.08830708;0.8720264434814453;10;3;128;128
14;0;0.0001;concept1;0.036177013;None;0.04606977;0.9638229608535767;10;3;128;128
14;1;0.0001;concept2;0.009512187;None;0.03338745;0.990487813949585;10;3;128;128
14;2;0.0001;concept3;0.12932017;None;0.08890422;0.8706798553466797;10;3;128;128
15;0;0.0001;concept1;0.035120673;None;0.045298982;0.9648793339729309;10;3;128;128
15;1;0.0001;concept2;0.009913317;None;0.03420122;0.9900866746902466;10;3;128;128
15;2;0.0001;concept3;0.13034742;None;0.089681946;0.8696525692939758;10;3;128;128
16;0;0.0001;concept1;0.03411618;None;0.0446713;0.9658838510513306;10;3;128;128
16;1;0.0001;concept2;0.01017778;None;0.034718405;0.9898222088813782;10;3;128;128
16;2;0.0001;concept3;0.13157171;None;0.09049056;0.8684282898902893;10;3;128;128
17;0;0.0001;concept1;0.03318608;None;0.044082142;0.9668139219284058;10;3;128;128
17;1;0.0001;concept2;0.01038872;None;0.03509937;0.9896112680435181;10;3;128;128
17;2;0.0001;concept3;0.1342526;None;0.09155971;0.8657473921775818;10;3;128;128
18;0;0.0001;concept1;0.032425683;None;0.043625053;0.9675742983818054;10;3;128;128
18;1;0.0001;concept2;0.01052718;None;0.035345737;0.9894728064537048;10;3;128;128
18;2;0.0001;concept3;0.13645719;None;0.09248608;0.8635427951812744;10;3;128;128
19;0;0.0001;concept1;0.031547174;None;0.043087926;0.9684528112411499;10;3;128;128
19;1;0.0001;concept2;0.010569709;None;0.035414647;0.98943030834198;10;3;128;128
19;2;0.0001;concept3;0.14121746;None;0.09402522;0.8587825298309326;10;3;128;128
20;0;0.0001;concept1;0.030537918;None;0.04256697;0.9694620966911316;10;3;128;128
20;1;0.0001;concept2;0.010565418;None;0.035372626;0.9894345998764038;10;3;128;128
20;2;0.0001;concept3;0.1422018;None;0.09463552;0.8577982187271118;10;3;128;128
21;0;0.0001;concept1;0.029914211;None;0.04228423;0.9700857996940613;10;3;128;128
21;1;0.0001;concept2;0.010500652;None;0.035219003;0.9894993305206299;10;3;128;128
21;2;0.0001;concept3;0.14425862;None;0.095461786;0.8557413816452026;10;3;128;128
22;0;0.0001;concept1;0.029596604;None;0.04216902;0.9704033732414246;10;3;128;128
22;1;0.0001;concept2;0.010410179;None;0.035034522;0.9895898103713989;10;3;128;128
22;2;0.0001;concept3;0.14476457;None;0.09587677;0.8552354574203491;10;3;128;128
23;0;0.0001;concept1;0.028831407;None;0.04169793;0.971168577671051;10;3;128;128
23;1;0.0001;concept2;0.010332469;None;0.034874048;0.989667534828186;10;3;128;128
23;2;0.0001;concept3;0.14257911;None;0.095270045;0.8574209213256836;10;3;128;128
24;0;0.0001;concept1;0.028176254;None;0.04132923;0.9718237519264221;10;3;128;128
24;1;0.0001;concept2;0.010286308;None;0.034742676;0.9897136688232422;10;3;128;128
24;2;0.0001;concept3;0.14238417;None;0.095055215;0.8576158285140991;10;3;128;128
25;0;0.0001;concept1;0.02773905;None;0.041062836;0.9722609519958496;10;3;128;128
25;1;0.0001;concept2;0.010202153;None;0.03455379;0.989797830581665;10;3;128;128
25;2;0.0001;concept3;0.14101984;None;0.094563074;0.8589801788330078;10;3;128;128
26;0;0.0001;concept1;0.027055908;None;0.04067936;0.9729440808296204;10;3;128;128
26;1;0.0001;concept2;0.010124286;None;0.03437314;0.9898757338523865;10;3;128;128
26;2;0.0001;concept3;0.14266586;None;0.0949819;0.8573341369628906;10;3;128;128
27;0;0.0001;concept1;0.02650821;None;0.04033247;0.9734917879104614;10;3;128;128
27;1;0.0001;concept2;0.010027297;None;0.034150988;0.989972710609436;10;3;128;128
27;2;0.0001;concept3;0.14298534;None;0.094899714;0.8570146560668945;10;3;128;128
28;0;0.0001;concept1;0.026032718;None;0.040076554;0.9739673137664795;10;3;128;128
28;1;0.0001;concept2;0.009783462;None;0.033675287;0.9902165532112122;10;3;128;128
28;2;0.0001;concept3;0.14484657;None;0.095314555;0.8551534414291382;10;3;128;128
29;0;0.0001;concept1;0.025820866;None;0.03995194;0.9741791486740112;10;3;128;128
29;1;0.0001;concept2;0.009706081;None;0.033479996;0.9902939200401306;10;3;128;128
29;2;0.0001;concept3;0.14479862;None;0.09523829;0.8552013635635376;10;3;128;128
30;0;0.0001;concept1;0.025310654;None;0.03969551;0.9746893644332886;10;3;128;128
30;1;0.0001;concept2;0.009627415;None;0.03329756;0.9903725981712341;10;3;128;128
30;2;0.0001;concept3;0.14779744;None;0.09613065;0.8522025346755981;10;3;128;128
31;0;0.0001;concept1;0.024972603;None;0.039475445;0.9750273823738098;10;3;128;128
31;1;0.0001;concept2;0.00954703;None;0.033109713;0.9904529452323914;10;3;128;128
31;2;0.0001;concept3;0.1473129;None;0.09581755;0.8526871204376221;10;3;128;128
32;0;0.0001;concept1;0.024940025;None;0.039461896;0.975059986114502;10;3;128;128
32;1;0.0001;concept2;0.009527266;None;0.033030767;0.9904727339744568;10;3;128;128
32;2;0.0001;concept3;0.14893065;None;0.09617692;0.8510693311691284;10;3;128;128
33;0;0.0001;concept1;0.024876412;None;0.039386302;0.9751235842704773;10;3;128;128
33;1;0.0001;concept2;0.00951975;None;0.03296072;0.9904802441596985;10;3;128;128
33;2;0.0001;concept3;0.15156764;None;0.09674012;0.8484323620796204;10;3;128;128
34;0;0.0001;concept1;0.024727464;None;0.039305773;0.975272536277771;10;3;128;128
34;1;0.0001;concept2;0.009512165;None;0.032915894;0.990487813949585;10;3;128;128
34;2;0.0001;concept3;0.15188073;None;0.09674343;0.8481192588806152;10;3;128;128
35;0;0.0001;concept1;0.024673589;None;0.039249804;0.975326418876648;10;3;128;128
35;1;0.0001;concept2;0.009546726;None;0.03292833;0.99045330286026;10;3;128;128
35;2;0.0001;concept3;0.15411822;None;0.09730136;0.8458817601203918;10;3;128;128
36;0;0.0001;concept1;0.024559975;None;0.03926477;0.9754400253295898;10;3;128;128
36;1;0.0001;concept2;0.00958109;None;0.032950163;0.9904189109802246;10;3;128;128
36;2;0.0001;concept3;0.15220347;None;0.09681983;0.8477965593338013;10;3;128;128
37;0;0.0001;concept1;0.024308177;None;0.03911149;0.9756917953491211;10;3;128;128
37;1;0.0001;concept2;0.009645208;None;0.03301365;0.9903547763824463;10;3;128;128
37;2;0.0001;concept3;0.15279248;None;0.09704511;0.8472075462341309;10;3;128;128
38;0;0.0001;concept1;0.024241757;None;0.039106518;0.9757582545280457;10;3;128;128
38;1;0.0001;concept2;0.009707763;None;0.033073347;0.9902922511100769;10;3;128;128
38;2;0.0001;concept3;0.14891237;None;0.09591348;0.8510876297950745;10;3;128;128
39;0;0.0001;concept1;0.024193607;None;0.03907283;0.9758064150810242;10;3;128;128
39;1;0.0001;concept2;0.009722403;None;0.033064835;0.9902775883674622;10;3;128;128
39;2;0.0001;concept3;0.14684877;None;0.09539021;0.8531512022018433;10;3;128;128
40;0;0.0001;concept1;0.024073318;None;0.03899398;0.9759266972541809;10;3;128;128
40;1;0.0001;concept2;0.00971073;None;0.033018567;0.9902892708778381;10;3;128;128
40;2;0.0001;concept3;0.14625181;None;0.095282756;0.8537482023239136;10;3;128;128
41;0;0.0001;concept1;0.024138225;None;0.03905937;0.9758617877960205;10;3;128;128
41;1;0.0001;concept2;0.009722822;None;0.033003796;0.9902771711349487;10;3;128;128
41;2;0.0001;concept3;0.1465975;None;0.09536078;0.8534024953842163;10;3;128;128
42;0;0.0001;concept1;0.024062589;None;0.038980536;0.9759374260902405;10;3;128;128
42;1;0.0001;concept2;0.009686047;None;0.032930963;0.9903139472007751;10;3;128;128
42;2;0.0001;concept3;0.14222753;None;0.09411682;0.8577724695205688;10;3;128;128
43;0;0.0001;concept1;0.024035139;None;0.038963567;0.9759648442268372;10;3;128;128
43;1;0.0001;concept2;0.009637916;None;0.032830615;0.9903621077537537;10;3;128;128
43;2;0.0001;concept3;0.1430579;None;0.094171524;0.8569421172142029;10;3;128;128
44;0;0.0001;concept1;0.024037402;None;0.038957763;0.9759625792503357;10;3;128;128
44;1;0.0001;concept2;0.009598413;None;0.03274527;0.990401566028595;10;3;128;128
44;2;0.0001;concept3;0.14028999;None;0.093268216;0.8597099781036377;10;3;128;128
45;0;0.0001;concept1;0.023855485;None;0.03885832;0.9761444926261902;10;3;128;128
45;1;0.0001;concept2;0.009603343;None;0.032715797;0.9903966784477234;10;3;128;128
45;2;0.0001;concept3;0.13866687;None;0.09278139;0.8613331317901611;10;3;128;128
46;0;0.0001;concept1;0.024010608;None;0.03893813;0.9759894013404846;10;3;128;128
46;1;0.0001;concept2;0.009572621;None;0.032646257;0.9904273748397827;10;3;128;128
46;2;0.0001;concept3;0.13810559;None;0.092477255;0.861894428730011;10;3;128;128
47;0;0.0001;concept1;0.023776751;None;0.03879865;0.9762232303619385;10;3;128;128
47;1;0.0001;concept2;0.009581269;None;0.0325987;0.9904187321662903;10;3;128;128
47;2;0.0001;concept3;0.13913423;None;0.0926944;0.8608657717704773;10;3;128;128
48;0;0.0001;concept1;0.023696892;None;0.038714174;0.9763031005859375;10;3;128;128
48;1;0.0001;concept2;0.009549492;None;0.032521147;0.9904505014419556;10;3;128;128
48;2;0.0001;concept3;0.1371072;None;0.09224448;0.8628928065299988;10;3;128;128
49;0;0.0001;concept1;0.02350836;None;0.038569707;0.9764916300773621;10;3;128;128
49;1;0.0001;concept2;0.009517178;None;0.032423917;0.9904828071594238;10;3;128;128
49;2;0.0001;concept3;0.13717236;None;0.09212732;0.8628276586532593;10;3;128;128
50;0;0.0001;concept2;0.009469072;None;0.032324534;0.9905309081077576;10;3;128;128
50;1;0.0001;concept3;0.137194;None;0.09208225;0.8628060221672058;10;3;128;128
50;2;0.0001;concept1;0.023476789;None;0.038543943;0.976523220539093;10;3;128;128
51;0;0.0001;concept2;0.0073026572;None;0.027090892;0.9926973581314087;10;3;128;128
51;1;0.0001;concept3;0.23771447;None;0.10994132;0.7622855305671692;10;3;128;128
51;2;0.0001;concept1;0.024583146;None;0.039299663;0.9754168391227722;10;3;128;128
52;0;0.0001;concept2;0.0060181827;None;0.024224203;0.9939818382263184;10;3;128;128
52;1;0.0001;concept3;0.20828694;None;0.102253124;0.7917130589485168;10;3;128;128
52;2;0.0001;concept1;0.025123145;None;0.039743092;0.974876880645752;10;3;128;128
53;0;0.0001;concept2;0.005275122;None;0.02254302;0.9947248697280884;10;3;128;128
53;1;0.0001;concept3;0.19047767;None;0.09752658;0.8095223307609558;10;3;128;128
53;2;0.0001;concept1;0.025579818;None;0.040151253;0.9744201898574829;10;3;128;128
54;0;0.0001;concept2;0.004815424;None;0.021466583;0.995184600353241;10;3;128;128
54;1;0.0001;concept3;0.18095757;None;0.09475371;0.819042444229126;10;3;128;128
54;2;0.0001;concept1;0.0257142;None;0.040362637;0.9742857813835144;10;3;128;128
55;0;0.0001;concept2;0.0045326403;None;0.020804862;0.9954673647880554;10;3;128;128
55;1;0.0001;concept3;0.16662267;None;0.09082466;0.8333773612976074;10;3;128;128
55;2;0.0001;concept1;0.0261384;None;0.040760417;0.973861575126648;10;3;128;128
56;0;0.0001;concept2;0.004313309;None;0.020298501;0.9956867098808289;10;3;128;128
56;1;0.0001;concept3;0.14128889;None;0.08486105;0.8587111234664917;10;3;128;128
56;2;0.0001;concept1;0.026183268;None;0.040936876;0.9738167524337769;10;3;128;128
57;0;0.0001;concept2;0.0041376036;None;0.019906046;0.9958624243736267;10;3;128;128
57;1;0.0001;concept3;0.13284831;None;0.082567915;0.86715167760849;10;3;128;128
57;2;0.0001;concept1;0.026307905;None;0.041137293;0.9736921191215515;10;3;128;128
58;0;0.0001;concept2;0.003988456;None;0.019580333;0.9960115551948547;10;3;128;128
58;1;0.0001;concept3;0.12548672;None;0.08038726;0.8745132684707642;10;3;128;128
58;2;0.0001;concept1;0.026442932;None;0.041331857;0.9735570549964905;10;3;128;128
59;0;0.0001;concept2;0.0038984432;None;0.01939269;0.9961015582084656;10;3;128;128
59;1;0.0001;concept3;0.118520476;None;0.07845926;0.8814795017242432;10;3;128;128
59;2;0.0001;concept1;0.026599811;None;0.041500505;0.9734001755714417;10;3;128;128
60;0;0.0001;concept2;0.0038073636;None;0.019188117;0.9961926341056824;10;3;128;128
60;1;0.0001;concept3;0.11667156;None;0.07771568;0.8833284378051758;10;3;128;128
60;2;0.0001;concept1;0.026545092;None;0.041543484;0.9734548926353455;10;3;128;128
61;0;0.0001;concept2;0.003783943;None;0.01915874;0.9962160587310791;10;3;128;128
61;1;0.0001;concept3;0.11418937;None;0.076949336;0.8858106136322021;10;3;128;128
61;2;0.0001;concept1;0.026758188;None;0.041775573;0.9732418060302734;10;3;128;128
62;0;0.0001;concept2;0.0037400706;None;0.01907378;0.9962599277496338;10;3;128;128
62;1;0.0001;concept3;0.11315664;None;0.076457195;0.8868433833122253;10;3;128;128
62;2;0.0001;concept1;0.026818601;None;0.04190652;0.973181426525116;10;3;128;128
63;0;0.0001;concept2;0.0037027868;None;0.01899769;0.9962972402572632;10;3;128;128
63;1;0.0001;concept3;0.11368349;None;0.07644872;0.8863165378570557;10;3;128;128
63;2;0.0001;concept1;0.026882056;None;0.04201963;0.9731179475784302;10;3;128;128
64;0;0.0001;concept2;0.0036094608;None;0.01878566;0.9963905215263367;10;3;128;128
64;1;0.0001;concept3;0.11232029;None;0.0758733;0.8876796960830688;10;3;128;128
64;2;0.0001;concept1;0.026925327;None;0.042101182;0.9730746746063232;10;3;128;128
65;0;0.0001;concept2;0.003629254;None;0.018853517;0.9963707327842712;10;3;128;128
65;1;0.0001;concept3;0.111153685;None;0.07548145;0.8888463377952576;10;3;128;128
65;2;0.0001;concept1;0.026992857;None;0.042249378;0.9730071425437927;10;3;128;128
66;0;0.0001;concept2;0.0035707986;None;0.01869465;0.9964292049407959;10;3;128;128
66;1;0.0001;concept3;0.110147215;None;0.07506229;0.88985276222229;10;3;128;128
66;2;0.0001;concept1;0.026966354;None;0.042235777;0.9730336666107178;10;3;128;128
67;0;0.0001;concept2;0.0035393492;None;0.01865008;0.9964606761932373;10;3;128;128
67;1;0.0001;concept3;0.10941227;None;0.07461394;0.8905877470970154;10;3;128;128
67;2;0.0001;concept1;0.02718355;None;0.04239342;0.9728164672851562;10;3;128;128
68;0;0.0001;concept2;0.0034955954;None;0.018529113;0.9965044260025024;10;3;128;128
68;1;0.0001;concept3;0.10795651;None;0.074204214;0.8920434713363647;10;3;128;128
68;2;0.0001;concept1;0.02711368;None;0.04237801;0.972886323928833;10;3;128;128
69;0;0.0001;concept2;0.003527348;None;0.018638998;0.9964726567268372;10;3;128;128
69;1;0.0001;concept3;0.10711468;None;0.07396818;0.8928853273391724;10;3;128;128
69;2;0.0001;concept1;0.027199566;None;0.04243505;0.9728004336357117;10;3;128;128
70;0;0.0001;concept2;0.0034984266;None;0.018553043;0.9965015649795532;10;3;128;128
70;1;0.0001;concept3;0.10785202;None;0.07395721;0.892147958278656;10;3;128;128
70;2;0.0001;concept1;0.026986431;None;0.042291455;0.9730135798454285;10;3;128;128
71;0;0.0001;concept2;0.003459619;None;0.018458622;0.996540367603302;10;3;128;128
71;1;0.0001;concept3;0.108408;None;0.07402144;0.8915920257568359;10;3;128;128
71;2;0.0001;concept1;0.02698013;None;0.042303383;0.9730198979377747;10;3;128;128
72;0;0.0001;concept2;0.0034522007;None;0.018450774;0.9965478181838989;10;3;128;128
72;1;0.0001;concept3;0.10830553;None;0.073863536;0.8916944861412048;10;3;128;128
72;2;0.0001;concept1;0.026876222;None;0.042228006;0.9731237888336182;10;3;128;128
73;0;0.0001;concept2;0.0034541658;None;0.018479912;0.9965458512306213;10;3;128;128
73;1;0.0001;concept3;0.10924472;None;0.07405549;0.890755295753479;10;3;128;128
73;2;0.0001;concept1;0.02703427;None;0.04233743;0.9729657173156738;10;3;128;128
74;0;0.0001;concept2;0.003426806;None;0.01840252;0.9965732097625732;10;3;128;128
74;1;0.0001;concept3;0.112668484;None;0.07475537;0.8873315453529358;10;3;128;128
74;2;0.0001;concept1;0.026994152;None;0.042331364;0.9730058312416077;10;3;128;128
75;0;0.0001;concept2;0.0034287376;None;0.018415058;0.9965712428092957;10;3;128;128
75;1;0.0001;concept3;0.11350328;None;0.074927814;0.8864967226982117;10;3;128;128
75;2;0.0001;concept1;0.026893876;None;0.042254735;0.9731061458587646;10;3;128;128
76;0;0.0001;concept2;0.0033574982;None;0.01819481;0.996642529964447;10;3;128;128
76;1;0.0001;concept3;0.11448957;None;0.075156875;0.8855104446411133;10;3;128;128
76;2;0.0001;concept1;0.02700516;None;0.042330492;0.972994863986969;10;3;128;128
77;0;0.0001;concept2;0.0033567536;None;0.01822507;0.9966432452201843;10;3;128;128
77;1;0.0001;concept3;0.11619179;None;0.07554487;0.8838081955909729;10;3;128;128
77;2;0.0001;concept1;0.026958842;None;0.0422995;0.9730411767959595;10;3;128;128
78;0;0.0001;concept2;0.003373964;None;0.018279806;0.9966260194778442;10;3;128;128
78;1;0.0001;concept3;0.11544801;None;0.07527883;0.884552001953125;10;3;128;128
78;2;0.0001;concept1;0.027012482;None;0.04235126;0.9729875326156616;10;3;128;128
79;0;0.0001;concept2;0.0032966973;None;0.01804133;0.9967033267021179;10;3;128;128
79;1;0.0001;concept3;0.11626351;None;0.07548595;0.8837364912033081;10;3;128;128
79;2;0.0001;concept1;0.027025875;None;0.04235732;0.9729741215705872;10;3;128;128
80;0;0.0001;concept2;0.0033573443;None;0.018254213;0.9966426491737366;10;3;128;128
80;1;0.0001;concept3;0.11672336;None;0.07559724;0.883276641368866;10;3;128;128
80;2;0.0001;concept1;0.026996888;None;0.042262137;0.973003089427948;10;3;128;128
81;0;0.0001;concept2;0.0033454606;None;0.018208887;0.9966545104980469;10;3;128;128
81;1;0.0001;concept3;0.11853492;None;0.076012164;0.8814650774002075;10;3;128;128
81;2;0.0001;concept1;0.027095728;None;0.042262815;0.9729042649269104;10;3;128;128
82;0;0.0001;concept2;0.003270019;None;0.017980954;0.9967299699783325;10;3;128;128
82;1;0.0001;concept3;0.121033005;None;0.07654;0.8789669871330261;10;3;128;128
82;2;0.0001;concept1;0.026994236;None;0.04215162;0.9730057716369629;10;3;128;128
83;0;0.0001;concept2;0.0032867596;None;0.018045114;0.9967132210731506;10;3;128;128
83;1;0.0001;concept3;0.12219359;None;0.07682665;0.8778064250946045;10;3;128;128
83;2;0.0001;concept1;0.027043888;None;0.04214418;0.972956120967865;10;3;128;128
84;0;0.0001;concept2;0.0033037378;None;0.018088924;0.9966962337493896;10;3;128;128
84;1;0.0001;concept3;0.12329995;None;0.076991856;0.8767000436782837;10;3;128;128
84;2;0.0001;concept1;0.026826251;None;0.04203862;0.9731737375259399;10;3;128;128
85;0;0.0001;concept2;0.0032785365;None;0.017991915;0.9967214465141296;10;3;128;128
85;1;0.0001;concept3;0.12667362;None;0.077709004;0.8733263611793518;10;3;128;128
85;2;0.0001;concept1;0.0267311;None;0.041999206;0.9732689261436462;10;3;128;128
86;0;0.0001;concept2;0.0032306549;None;0.017866902;0.996769368648529;10;3;128;128
86;1;0.0001;concept3;0.12667891;None;0.077789485;0.8733210563659668;10;3;128;128
86;2;0.0001;concept1;0.026905445;None;0.042122282;0.9730945825576782;10;3;128;128
87;0;0.0001;concept2;0.0032040828;None;0.017793722;0.9967958927154541;10;3;128;128
87;1;0.0001;concept3;0.12865788;None;0.078277804;0.871342122554779;10;3;128;128
87;2;0.0001;concept1;0.02684294;None;0.0421276;0.9731570482254028;10;3;128;128
88;0;0.0001;concept2;0.0031939487;None;0.01780256;0.9968060255050659;10;3;128;128
88;1;0.0001;concept3;0.13029891;None;0.07872168;0.869701087474823;10;3;128;128
88;2;0.0001;concept1;0.026851347;None;0.04210611;0.9731486439704895;10;3;128;128
89;0;0.0001;concept2;0.003200695;None;0.01782664;0.9967992901802063;10;3;128;128
89;1;0.0001;concept3;0.13064805;None;0.07887433;0.8693519830703735;10;3;128;128
89;2;0.0001;concept1;0.026755469;None;0.042090748;0.9732445478439331;10;3;128;128
90;0;0.0001;concept2;0.0031894026;None;0.017764518;0.9968106150627136;10;3;128;128
90;1;0.0001;concept3;0.13139082;None;0.07912322;0.8686091899871826;10;3;128;128
90;2;0.0001;concept1;0.026541432;None;0.041959878;0.9734585881233215;10;3;128;128
91;0;0.0001;concept2;0.003212523;None;0.01783558;0.9967874884605408;10;3;128;128
91;1;0.0001;concept3;0.13329318;None;0.07962294;0.8667067885398865;10;3;128;128
91;2;0.0001;concept1;0.026505902;None;0.041909322;0.9734941124916077;10;3;128;128
92;0;0.0001;concept2;0.0031871332;None;0.017753141;0.9968128800392151;10;3;128;128
92;1;0.0001;concept3;0.13548763;None;0.08010823;0.8645123839378357;10;3;128;128
92;2;0.0001;concept1;0.026601583;None;0.0419821;0.9733984470367432;10;3;128;128
93;0;0.0001;concept2;0.0031110882;None;0.017529037;0.9968889355659485;10;3;128;128
93;1;0.0001;concept3;0.1371409;None;0.08046729;0.8628591299057007;10;3;128;128
93;2;0.0001;concept1;0.02652801;None;0.04192817;0.973471999168396;10;3;128;128
94;0;0.0001;concept2;0.0031371696;None;0.017642634;0.9968628287315369;10;3;128;128
94;1;0.0001;concept3;0.13423827;None;0.079971895;0.8657617568969727;10;3;128;128
94;2;0.0001;concept1;0.026506329;None;0.041909117;0.9734936952590942;10;3;128;128
95;0;0.0001;concept2;0.003153996;None;0.017677128;0.9968460202217102;10;3;128;128
95;1;0.0001;concept3;0.13347661;None;0.07979856;0.8665233850479126;10;3;128;128
95;2;0.0001;concept1;0.026572667;None;0.041944098;0.9734273552894592;10;3;128;128
96;0;0.0001;concept2;0.0031570022;None;0.017693078;0.9968429803848267;10;3;128;128
96;1;0.0001;concept3;0.13257776;None;0.0796355;0.8674222230911255;10;3;128;128
96;2;0.0001;concept1;0.026570331;None;0.041912638;0.9734296798706055;10;3;128;128
97;0;0.0001;concept2;0.003102555;None;0.017527834;0.9968974590301514;10;3;128;128
97;1;0.0001;concept3;0.13545299;None;0.08026513;0.8645470142364502;10;3;128;128
97;2;0.0001;concept1;0.02646925;None;0.041849717;0.9735307693481445;10;3;128;128
98;0;0.0001;concept2;0.0031110721;None;0.017533038;0.9968889355659485;10;3;128;128
98;1;0.0001;concept3;0.13441582;None;0.08004949;0.8655841946601868;10;3;128;128
98;2;0.0001;concept1;0.02637503;None;0.041762255;0.9736249446868896;10;3;128;128
99;0;0.0001;concept2;0.0031052968;None;0.017536988;0.9968947172164917;10;3;128;128
99;1;0.0001;concept3;0.13416225;None;0.080000356;0.8658377528190613;10;3;128;128
99;2;0.0001;concept1;0.026463855;None;0.041835066;0.9735361337661743;10;3;128;128
100;0;0.0001;concept3;0.13384217;None;0.07990466;0.8661578297615051;10;3;128;128
100;1;0.0001;concept3;0.13384217;None;0.07990466;0.8661578297615051;10;3;128;128
100;2;0.0001;concept3;0.13384217;None;0.07990466;0.8661578297615051;10;3;128;128
101;0;0.0001;concept3;0.136124;None;0.07990305;0.8638759851455688;10;3;128;128
101;1;0.0001;concept3;0.136124;None;0.07990305;0.8638759851455688;10;3;128;128
101;2;0.0001;concept3;0.136124;None;0.07990305;0.8638759851455688;10;3;128;128
102;0;0.0001;concept3;0.14524108;None;0.08177531;0.8547589182853699;10;3;128;128
102;1;0.0001;concept3;0.14524108;None;0.08177531;0.8547589182853699;10;3;128;128
102;2;0.0001;concept3;0.14524108;None;0.08177531;0.8547589182853699;10;3;128;128
103;0;0.0001;concept3;0.13610774;None;0.078541204;0.8638922572135925;10;3;128;128
103;1;0.0001;concept3;0.13610774;None;0.078541204;0.8638922572135925;10;3;128;128
103;2;0.0001;concept3;0.13610774;None;0.078541204;0.8638922572135925;10;3;128;128
104;0;0.0001;concept3;0.148946;None;0.08086899;0.8510539531707764;10;3;128;128
104;1;0.0001;concept3;0.148946;None;0.08086899;0.8510539531707764;10;3;128;128
104;2;0.0001;concept3;0.148946;None;0.08086899;0.8510539531707764;10;3;128;128
105;0;0.0001;concept3;0.1366079;None;0.07383903;0.8633921146392822;10;3;128;128
105;1;0.0001;concept3;0.1366079;None;0.07383903;0.8633921146392822;10;3;128;128
105;2;0.0001;concept3;0.1366079;None;0.07383903;0.8633921146392822;10;3;128;128
106;0;0.0001;concept3;0.102669165;None;0.07312708;0.8973308205604553;10;3;128;128
106;1;0.0001;concept3;0.102669165;None;0.07312708;0.8973308205604553;10;3;128;128
106;2;0.0001;concept3;0.102669165;None;0.07312708;0.8973308205604553;10;3;128;128
107;0;0.0001;concept3;0.09733407;None;0.06300453;0.902665913105011;10;3;128;128
107;1;0.0001;concept3;0.09733407;None;0.06300453;0.902665913105011;10;3;128;128
107;2;0.0001;concept3;0.09733407;None;0.06300453;0.902665913105011;10;3;128;128
108;0;0.0001;concept3;0.086603455;None;0.059782818;0.9133965373039246;10;3;128;128
108;1;0.0001;concept3;0.086603455;None;0.059782818;0.9133965373039246;10;3;128;128
108;2;0.0001;concept3;0.086603455;None;0.059782818;0.9133965373039246;10;3;128;128
109;0;0.0001;concept3;0.081821665;None;0.0588172;0.9181783199310303;10;3;128;128
109;1;0.0001;concept3;0.081821665;None;0.0588172;0.9181783199310303;10;3;128;128
109;2;0.0001;concept3;0.081821665;None;0.0588172;0.9181783199310303;10;3;128;128
110;0;0.0001;concept3;0.07955916;None;0.058768384;0.9204408526420593;10;3;128;128
110;1;0.0001;concept3;0.07955916;None;0.058768384;0.9204408526420593;10;3;128;128
110;2;0.0001;concept3;0.07955916;None;0.058768384;0.9204408526420593;10;3;128;128
111;0;0.0001;concept3;0.12194787;None;0.07907293;0.8780521154403687;10;3;128;128
111;1;0.0001;concept3;0.12194787;None;0.07907293;0.8780521154403687;10;3;128;128
111;2;0.0001;concept3;0.12194787;None;0.07907293;0.8780521154403687;10;3;128;128
112;0;0.0001;concept3;0.13394049;None;0.081945926;0.8660595417022705;10;3;128;128
112;1;0.0001;concept3;0.13394049;None;0.081945926;0.8660595417022705;10;3;128;128
112;2;0.0001;concept3;0.13394049;None;0.081945926;0.8660595417022705;10;3;128;128
113;0;0.0001;concept3;0.111890666;None;0.08022903;0.8881093263626099;10;3;128;128
113;1;0.0001;concept3;0.111890666;None;0.08022903;0.8881093263626099;10;3;128;128
113;2;0.0001;concept3;0.111890666;None;0.08022903;0.8881093263626099;10;3;128;128
114;0;0.0001;concept3;0.07934859;None;0.057536148;0.9206514358520508;10;3;128;128
114;1;0.0001;concept3;0.07934859;None;0.057536148;0.9206514358520508;10;3;128;128
114;2;0.0001;concept3;0.07934859;None;0.057536148;0.9206514358520508;10;3;128;128
115;0;0.0001;concept3;0.07803292;None;0.059012987;0.921967089176178;10;3;128;128
115;1;0.0001;concept3;0.07803292;None;0.059012987;0.921967089176178;10;3;128;128
115;2;0.0001;concept3;0.07803292;None;0.059012987;0.921967089176178;10;3;128;128
116;0;0.0001;concept3;0.07475294;None;0.05651552;0.925247073173523;10;3;128;128
116;1;0.0001;concept3;0.07475294;None;0.05651552;0.925247073173523;10;3;128;128
116;2;0.0001;concept3;0.07475294;None;0.05651552;0.925247073173523;10;3;128;128
117;0;0.0001;concept3;0.09786318;None;0.06998106;0.9021368026733398;10;3;128;128
117;1;0.0001;concept3;0.09786318;None;0.06998106;0.9021368026733398;10;3;128;128
117;2;0.0001;concept3;0.09786318;None;0.06998106;0.9021368026733398;10;3;128;128
118;0;0.0001;concept3;0.13424581;None;0.084262006;0.8657541871070862;10;3;128;128
118;1;0.0001;concept3;0.13424581;None;0.084262006;0.8657541871070862;10;3;128;128
118;2;0.0001;concept3;0.13424581;None;0.084262006;0.8657541871070862;10;3;128;128
119;0;0.0001;concept3;0.104304686;None;0.07820884;0.8956953287124634;10;3;128;128
119;1;0.0001;concept3;0.104304686;None;0.07820884;0.8956953287124634;10;3;128;128
119;2;0.0001;concept3;0.104304686;None;0.07820884;0.8956953287124634;10;3;128;128
120;0;0.0001;concept3;0.100729235;None;0.074061975;0.89927077293396;10;3;128;128
120;1;0.0001;concept3;0.100729235;None;0.074061975;0.89927077293396;10;3;128;128
120;2;0.0001;concept3;0.100729235;None;0.074061975;0.89927077293396;10;3;128;128
121;0;0.0001;concept3;0.13792534;None;0.08210924;0.8620746731758118;10;3;128;128
121;1;0.0001;concept3;0.13792534;None;0.08210924;0.8620746731758118;10;3;128;128
121;2;0.0001;concept3;0.13792534;None;0.08210924;0.8620746731758118;10;3;128;128
122;0;0.0001;concept3;0.07831543;None;0.06238743;0.9216845631599426;10;3;128;128
122;1;0.0001;concept3;0.07831543;None;0.06238743;0.9216845631599426;10;3;128;128
122;2;0.0001;concept3;0.07831543;None;0.06238743;0.9216845631599426;10;3;128;128
123;0;0.0001;concept3;0.13406648;None;0.08130346;0.8659335374832153;10;3;128;128
123;1;0.0001;concept3;0.13406648;None;0.08130346;0.8659335374832153;10;3;128;128
123;2;0.0001;concept3;0.13406648;None;0.08130346;0.8659335374832153;10;3;128;128
124;0;0.0001;concept3;0.08401284;None;0.068004966;0.9159871339797974;10;3;128;128
124;1;0.0001;concept3;0.08401284;None;0.068004966;0.9159871339797974;10;3;128;128
124;2;0.0001;concept3;0.08401284;None;0.068004966;0.9159871339797974;10;3;128;128
125;0;0.0001;concept3;0.12052691;None;0.08033666;0.879473090171814;10;3;128;128
125;1;0.0001;concept3;0.12052691;None;0.08033666;0.879473090171814;10;3;128;128
125;2;0.0001;concept3;0.12052691;None;0.08033666;0.879473090171814;10;3;128;128
126;0;0.0001;concept3;0.10664102;None;0.071183875;0.8933590054512024;10;3;128;128
126;1;0.0001;concept3;0.10664102;None;0.071183875;0.8933590054512024;10;3;128;128
126;2;0.0001;concept3;0.10664102;None;0.071183875;0.8933590054512024;10;3;128;128
127;0;0.0001;concept3;0.07476954;None;0.05292423;0.9252304434776306;10;3;128;128
127;1;0.0001;concept3;0.07476954;None;0.05292423;0.9252304434776306;10;3;128;128
127;2;0.0001;concept3;0.07476954;None;0.05292423;0.9252304434776306;10;3;128;128
128;0;0.0001;concept3;0.09094854;None;0.07196709;0.9090514779090881;10;3;128;128
128;1;0.0001;concept3;0.09094854;None;0.07196709;0.9090514779090881;10;3;128;128
128;2;0.0001;concept3;0.09094854;None;0.07196709;0.9090514779090881;10;3;128;128
129;0;0.0001;concept3;0.0830997;None;0.06392151;0.9169002771377563;10;3;128;128
129;1;0.0001;concept3;0.0830997;None;0.06392151;0.9169002771377563;10;3;128;128
129;2;0.0001;concept3;0.0830997;None;0.06392151;0.9169002771377563;10;3;128;128
130;0;0.0001;concept3;0.09295637;None;0.06903312;0.9070436358451843;10;3;128;128
130;1;0.0001;concept3;0.09295637;None;0.06903312;0.9070436358451843;10;3;128;128
130;2;0.0001;concept3;0.09295637;None;0.06903312;0.9070436358451843;10;3;128;128
131;0;0.0001;concept3;0.10701038;None;0.074215725;0.8929896354675293;10;3;128;128
131;1;0.0001;concept3;0.10701038;None;0.074215725;0.8929896354675293;10;3;128;128
131;2;0.0001;concept3;0.10701038;None;0.074215725;0.8929896354675293;10;3;128;128
132;0;0.0001;concept3;0.070702285;None;0.051554482;0.929297685623169;10;3;128;128
132;1;0.0001;concept3;0.070702285;None;0.051554482;0.929297685623169;10;3;128;128
132;2;0.0001;concept3;0.070702285;None;0.051554482;0.929297685623169;10;3;128;128
133;0;0.0001;concept3;0.0867075;None;0.0692697;0.9132925271987915;10;3;128;128
133;1;0.0001;concept3;0.0867075;None;0.0692697;0.9132925271987915;10;3;128;128
133;2;0.0001;concept3;0.0867075;None;0.0692697;0.9132925271987915;10;3;128;128
134;0;0.0001;concept3;0.08569213;None;0.06525362;0.9143078923225403;10;3;128;128
134;1;0.0001;concept3;0.08569213;None;0.06525362;0.9143078923225403;10;3;128;128
134;2;0.0001;concept3;0.08569213;None;0.06525362;0.9143078923225403;10;3;128;128
135;0;0.0001;concept3;0.08563672;None;0.06475485;0.9143632650375366;10;3;128;128
135;1;0.0001;concept3;0.08563672;None;0.06475485;0.9143632650375366;10;3;128;128
135;2;0.0001;concept3;0.08563672;None;0.06475485;0.9143632650375366;10;3;128;128
136;0;0.0001;concept3;0.08756603;None;0.065798484;0.9124339818954468;10;3;128;128
136;1;0.0001;concept3;0.08756603;None;0.065798484;0.9124339818954468;10;3;128;128
136;2;0.0001;concept3;0.08756603;None;0.065798484;0.9124339818954468;10;3;128;128
137;0;0.0001;concept3;0.084636666;None;0.06461767;0.9153633117675781;10;3;128;128
137;1;0.0001;concept3;0.084636666;None;0.06461767;0.9153633117675781;10;3;128;128
137;2;0.0001;concept3;0.084636666;None;0.06461767;0.9153633117675781;10;3;128;128
138;0;0.0001;concept3;0.08885956;None;0.06640335;0.9111404418945312;10;3;128;128
138;1;0.0001;concept3;0.08885956;None;0.06640335;0.9111404418945312;10;3;128;128
138;2;0.0001;concept3;0.08885956;None;0.06640335;0.9111404418945312;10;3;128;128
139;0;0.0001;concept3;0.0850643;None;0.06483307;0.9149357080459595;10;3;128;128
139;1;0.0001;concept3;0.0850643;None;0.06483307;0.9149357080459595;10;3;128;128
139;2;0.0001;concept3;0.0850643;None;0.06483307;0.9149357080459595;10;3;128;128
140;0;0.0001;concept3;0.08719669;None;0.06564874;0.9128032922744751;10;3;128;128
140;1;0.0001;concept3;0.08719669;None;0.06564874;0.9128032922744751;10;3;128;128
140;2;0.0001;concept3;0.08719669;None;0.06564874;0.9128032922744751;10;3;128;128
141;0;0.0001;concept3;0.09197404;None;0.06924138;0.9080259799957275;10;3;128;128
141;1;0.0001;concept3;0.09197404;None;0.06924138;0.9080259799957275;10;3;128;128
141;2;0.0001;concept3;0.09197404;None;0.06924138;0.9080259799957275;10;3;128;128
142;0;0.0001;concept3;0.09250439;None;0.070711546;0.9074956178665161;10;3;128;128
142;1;0.0001;concept3;0.09250439;None;0.070711546;0.9074956178665161;10;3;128;128
142;2;0.0001;concept3;0.09250439;None;0.070711546;0.9074956178665161;10;3;128;128
143;0;0.0001;concept3;0.1002773;None;0.07459526;0.899722695350647;10;3;128;128
143;1;0.0001;concept3;0.1002773;None;0.07459526;0.899722695350647;10;3;128;128
143;2;0.0001;concept3;0.1002773;None;0.07459526;0.899722695350647;10;3;128;128
144;0;0.0001;concept3;0.10808733;None;0.07111139;0.8919126987457275;10;3;128;128
144;1;0.0001;concept3;0.10808733;None;0.07111139;0.8919126987457275;10;3;128;128
144;2;0.0001;concept3;0.10808733;None;0.07111139;0.8919126987457275;10;3;128;128
145;0;0.0001;concept3;0.06924774;None;0.050359726;0.9307522773742676;10;3;128;128
145;1;0.0001;concept3;0.06924774;None;0.050359726;0.9307522773742676;10;3;128;128
145;2;0.0001;concept3;0.06924774;None;0.050359726;0.9307522773742676;10;3;128;128
146;0;0.0001;concept3;0.08123658;None;0.06610918;0.9187633991241455;10;3;128;128
146;1;0.0001;concept3;0.08123658;None;0.06610918;0.9187633991241455;10;3;128;128
146;2;0.0001;concept3;0.08123658;None;0.06610918;0.9187633991241455;10;3;128;128
147;0;0.0001;concept3;0.08431945;None;0.06435631;0.9156805276870728;10;3;128;128
147;1;0.0001;concept3;0.08431945;None;0.06435631;0.9156805276870728;10;3;128;128
147;2;0.0001;concept3;0.08431945;None;0.06435631;0.9156805276870728;10;3;128;128
148;0;0.0001;concept3;0.07738108;None;0.059850097;0.9226189255714417;10;3;128;128
148;1;0.0001;concept3;0.07738108;None;0.059850097;0.9226189255714417;10;3;128;128
148;2;0.0001;concept3;0.07738108;None;0.059850097;0.9226189255714417;10;3;128;128
149;0;0.0001;concept3;0.08452873;None;0.062875435;0.9154712557792664;10;3;128;128
149;1;0.0001;concept3;0.08452873;None;0.062875435;0.9154712557792664;10;3;128;128
149;2;0.0001;concept3;0.08452873;None;0.062875435;0.9154712557792664;10;3;128;128
150;0;0.0001;concept1;0.03036326;None;0.04602903;0.9696367383003235;10;3;128;128
150;1;0.0001;concept2;0.004162698;None;0.020336473;0.9958373308181763;10;3;128;128
150;2;0.0001;concept3;0.08011637;None;0.06094687;0.9198836088180542;10;3;128;128
151;0;0.0001;concept1;0.025976228;None;0.040758237;0.9740237593650818;10;3;128;128
151;1;0.0001;concept2;0.0044428636;None;0.020525895;0.9955571293830872;10;3;128;128
151;2;0.0001;concept3;0.07054828;None;0.05795159;0.9294517040252686;10;3;128;128
152;0;0.0001;concept1;0.02433763;None;0.039196637;0.975662350654602;10;3;128;128
152;1;0.0001;concept2;0.0046968726;None;0.02139241;0.9953031539916992;10;3;128;128
152;2;0.0001;concept3;0.07752651;None;0.06537658;0.9224734902381897;10;3;128;128
153;0;0.0001;concept1;0.023214616;None;0.038315177;0.9767853617668152;10;3;128;128
153;1;0.0001;concept2;0.0050436873;None;0.022543939;0.9949563145637512;10;3;128;128
153;2;0.0001;concept3;0.082050845;None;0.06948377;0.9179491400718689;10;3;128;128
154;0;0.0001;concept1;0.022567092;None;0.03778309;0.977432906627655;10;3;128;128
154;1;0.0001;concept2;0.0052401656;None;0.02322076;0.9947598576545715;10;3;128;128
154;2;0.0001;concept3;0.08655067;None;0.072418064;0.9134493470191956;10;3;128;128
155;0;0.0001;concept1;0.022392847;None;0.037649233;0.9776071310043335;10;3;128;128
155;1;0.0001;concept2;0.005285163;None;0.023467442;0.9947148561477661;10;3;128;128
155;2;0.0001;concept3;0.090847984;None;0.07451509;0.9091520309448242;10;3;128;128
156;0;0.0001;concept1;0.022317791;None;0.037593298;0.9776822328567505;10;3;128;128
156;1;0.0001;concept2;0.005315951;None;0.023593072;0.9946840405464172;10;3;128;128
156;2;0.0001;concept3;0.09385604;None;0.07629068;0.9061439633369446;10;3;128;128
157;0;0.0001;concept1;0.022351434;None;0.037661616;0.9776485562324524;10;3;128;128
157;1;0.0001;concept2;0.0053176167;None;0.023649855;0.9946823716163635;10;3;128;128
157;2;0.0001;concept3;0.095675856;None;0.077301905;0.9043241739273071;10;3;128;128
158;0;0.0001;concept1;0.02217987;None;0.037472073;0.9778201580047607;10;3;128;128
158;1;0.0001;concept2;0.0053098127;None;0.023640981;0.9946901798248291;10;3;128;128
158;2;0.0001;concept3;0.098509006;None;0.07878648;0.9014909863471985;10;3;128;128
159;0;0.0001;concept1;0.02224208;None;0.03746394;0.9777579307556152;10;3;128;128
159;1;0.0001;concept2;0.005282365;None;0.023577997;0.9947176575660706;10;3;128;128
159;2;0.0001;concept3;0.1007979;None;0.079711236;0.8992021083831787;10;3;128;128
160;0;0.0001;concept1;0.022355478;None;0.037545376;0.9776445031166077;10;3;128;128
160;1;0.0001;concept2;0.005244633;None;0.023478871;0.9947553873062134;10;3;128;128
160;2;0.0001;concept3;0.10244528;None;0.080225;0.8975546956062317;10;3;128;128
161;0;0.0001;concept1;0.022377897;None;0.03759336;0.9776220917701721;10;3;128;128
161;1;0.0001;concept2;0.0052105454;None;0.023388827;0.9947894811630249;10;3;128;128
161;2;0.0001;concept3;0.104302704;None;0.08082106;0.895697295665741;10;3;128;128
162;0;0.0001;concept1;0.022290738;None;0.03749575;0.9777092933654785;10;3;128;128
162;1;0.0001;concept2;0.0051660547;None;0.02327887;0.9948339462280273;10;3;128;128
162;2;0.0001;concept3;0.10529625;None;0.080836885;0.89470374584198;10;3;128;128
163;0;0.0001;concept1;0.022538014;None;0.03764577;0.9774619936943054;10;3;128;128
163;1;0.0001;concept2;0.005125184;None;0.02316876;0.9948748350143433;10;3;128;128
163;2;0.0001;concept3;0.10637461;None;0.08098492;0.8936253786087036;10;3;128;128
164;0;0.0001;concept1;0.02248298;None;0.037589975;0.9775170087814331;10;3;128;128
164;1;0.0001;concept2;0.0050965757;None;0.023075862;0.9949034452438354;10;3;128;128
164;2;0.0001;concept3;0.10780156;None;0.08156367;0.8921984434127808;10;3;128;128
165;0;0.0001;concept1;0.022513155;None;0.037619554;0.9774868488311768;10;3;128;128
165;1;0.0001;concept2;0.005036707;None;0.022922138;0.9949632883071899;10;3;128;128
165;2;0.0001;concept3;0.10878133;None;0.081845015;0.8912186622619629;10;3;128;128
166;0;0.0001;concept1;0.022673573;None;0.03775188;0.9773264527320862;10;3;128;128
166;1;0.0001;concept2;0.0049756626;None;0.022762258;0.9950243234634399;10;3;128;128
166;2;0.0001;concept3;0.10923562;None;0.08173289;0.8907643556594849;10;3;128;128
167;0;0.0001;concept1;0.022830203;None;0.03785551;0.9771698117256165;10;3;128;128
167;1;0.0001;concept2;0.004901822;None;0.022558404;0.9950981736183167;10;3;128;128
167;2;0.0001;concept3;0.10894905;None;0.081165284;0.8910509347915649;10;3;128;128
168;0;0.0001;concept1;0.022707663;None;0.037780732;0.9772923588752747;10;3;128;128
168;1;0.0001;concept2;0.0048539;None;0.02241513;0.9951460957527161;10;3;128;128
168;2;0.0001;concept3;0.109393135;None;0.08122401;0.8906068801879883;10;3;128;128
169;0;0.0001;concept1;0.022955894;None;0.037950583;0.9770441055297852;10;3;128;128
169;1;0.0001;concept2;0.004841392;None;0.022371266;0.9951586127281189;10;3;128;128
169;2;0.0001;concept3;0.10957224;None;0.08115006;0.8904277682304382;10;3;128;128
170;0;0.0001;concept1;0.023190241;None;0.038110554;0.9768097400665283;10;3;128;128
170;1;0.0001;concept2;0.0048181955;None;0.022291519;0.9951817989349365;10;3;128;128
170;2;0.0001;concept3;0.110118374;None;0.08143575;0.8898816108703613;10;3;128;128
171;0;0.0001;concept1;0.023280123;None;0.038157433;0.976719856262207;10;3;128;128
171;1;0.0001;concept2;0.004809195;None;0.022242574;0.9951907992362976;10;3;128;128
171;2;0.0001;concept3;0.109907515;None;0.08101896;0.8900924921035767;10;3;128;128
172;0;0.0001;concept1;0.023375455;None;0.03823357;0.9766245484352112;10;3;128;128
172;1;0.0001;concept2;0.004793568;None;0.022184953;0.9952064156532288;10;3;128;128
172;2;0.0001;concept3;0.110355005;None;0.081079096;0.889644980430603;10;3;128;128
173;0;0.0001;concept1;0.02338204;None;0.0382671;0.9766179323196411;10;3;128;128
173;1;0.0001;concept2;0.0048021795;None;0.022185445;0.9951978325843811;10;3;128;128
173;2;0.0001;concept3;0.11102215;None;0.08129216;0.8889778256416321;10;3;128;128
174;0;0.0001;concept1;0.023666864;None;0.038434517;0.9763331413269043;10;3;128;128
174;1;0.0001;concept2;0.004793372;None;0.022145217;0.9952066540718079;10;3;128;128
174;2;0.0001;concept3;0.11140279;None;0.08134159;0.8885971903800964;10;3;128;128
175;0;0.0001;concept1;0.02384237;None;0.03855321;0.9761576056480408;10;3;128;128
175;1;0.0001;concept2;0.00477708;None;0.022089763;0.9952229261398315;10;3;128;128
175;2;0.0001;concept3;0.11209092;None;0.08166769;0.8879090547561646;10;3;128;128
176;0;0.0001;concept1;0.023874681;None;0.038604975;0.9761252999305725;10;3;128;128
176;1;0.0001;concept2;0.0047626435;None;0.022038534;0.9952373504638672;10;3;128;128
176;2;0.0001;concept3;0.11300988;None;0.08207167;0.8869901299476624;10;3;128;128
177;0;0.0001;concept1;0.02385803;None;0.038588423;0.9761419892311096;10;3;128;128
177;1;0.0001;concept2;0.0047683786;None;0.0220413;0.9952316284179688;10;3;128;128
177;2;0.0001;concept3;0.11434535;None;0.08264296;0.885654628276825;10;3;128;128
178;0;0.0001;concept1;0.023915209;None;0.038624614;0.9760847687721252;10;3;128;128
178;1;0.0001;concept2;0.0047525954;None;0.021983128;0.9952474236488342;10;3;128;128
178;2;0.0001;concept3;0.11542919;None;0.083200715;0.884570837020874;10;3;128;128
179;0;0.0001;concept1;0.024002958;None;0.038643945;0.9759970307350159;10;3;128;128
179;1;0.0001;concept2;0.004750561;None;0.021959566;0.9952494502067566;10;3;128;128
179;2;0.0001;concept3;0.115546204;None;0.08321251;0.8844537734985352;10;3;128;128
180;0;0.0001;concept1;0.023968836;None;0.03859977;0.9760311841964722;10;3;128;128
180;1;0.0001;concept2;0.0047339043;None;0.021902665;0.9952660799026489;10;3;128;128
180;2;0.0001;concept3;0.11687609;None;0.0838306;0.8831239342689514;10;3;128;128
181;0;0.0001;concept1;0.023978584;None;0.038595993;0.976021409034729;10;3;128;128
181;1;0.0001;concept2;0.004715287;None;0.021846589;0.9952847361564636;10;3;128;128
181;2;0.0001;concept3;0.11663635;None;0.08369586;0.883363664150238;10;3;128;128
182;0;0.0001;concept1;0.02355594;None;0.03826924;0.9764440655708313;10;3;128;128
182;1;0.0001;concept2;0.0046988484;None;0.02179787;0.9953011274337769;10;3;128;128
182;2;0.0001;concept3;0.117161706;None;0.08389447;0.8828383088111877;10;3;128;128
183;0;0.0001;concept1;0.023345588;None;0.03813751;0.9766544103622437;10;3;128;128
183;1;0.0001;concept2;0.0046921745;None;0.02177072;0.9953078031539917;10;3;128;128
183;2;0.0001;concept3;0.11778925;None;0.08424765;0.8822107315063477;10;3;128;128
184;0;0.0001;concept1;0.023148518;None;0.0380015;0.9768514633178711;10;3;128;128
184;1;0.0001;concept2;0.0046918;None;0.021761402;0.9953082203865051;10;3;128;128
184;2;0.0001;concept3;0.11635971;None;0.083651125;0.8836402893066406;10;3;128;128
185;0;0.0001;concept1;0.023373077;None;0.03815518;0.9766269326210022;10;3;128;128
185;1;0.0001;concept2;0.00469756;None;0.021765659;0.9953024387359619;10;3;128;128
185;2;0.0001;concept3;0.116061665;None;0.08345976;0.8839383125305176;10;3;128;128
186;0;0.0001;concept1;0.023456817;None;0.038212672;0.9765431880950928;10;3;128;128
186;1;0.0001;concept2;0.0047101756;None;0.021786323;0.9952898025512695;10;3;128;128
186;2;0.0001;concept3;0.11667224;None;0.08355966;0.8833277821540833;10;3;128;128
187;0;0.0001;concept1;0.023650661;None;0.03834906;0.9763493537902832;10;3;128;128
187;1;0.0001;concept2;0.0046999506;None;0.02175299;0.9953000545501709;10;3;128;128
187;2;0.0001;concept3;0.11732872;None;0.08364687;0.8826712965965271;10;3;128;128
188;0;0.0001;concept1;0.023751598;None;0.038398832;0.9762483835220337;10;3;128;128
188;1;0.0001;concept2;0.004683915;None;0.021707822;0.9953160881996155;10;3;128;128
188;2;0.0001;concept3;0.11839548;None;0.08404826;0.8816044926643372;10;3;128;128
189;0;0.0001;concept1;0.023919757;None;0.03848894;0.9760802388191223;10;3;128;128
189;1;0.0001;concept2;0.0046757455;None;0.021673007;0.9953242540359497;10;3;128;128
189;2;0.0001;concept3;0.11917536;None;0.084291175;0.880824625492096;10;3;128;128
190;0;0.0001;concept1;0.023835914;None;0.038435854;0.9761641025543213;10;3;128;128
190;1;0.0001;concept2;0.0046697394;None;0.021645728;0.995330274105072;10;3;128;128
190;2;0.0001;concept3;0.119498976;None;0.08432906;0.8805010318756104;10;3;128;128
191;0;0.0001;concept1;0.023872362;None;0.038471337;0.9761276245117188;10;3;128;128
191;1;0.0001;concept2;0.0046534347;None;0.021586465;0.9953465461730957;10;3;128;128
191;2;0.0001;concept3;0.11814032;None;0.08368105;0.8818596601486206;10;3;128;128
192;0;0.0001;concept1;0.023887243;None;0.038517885;0.9761127829551697;10;3;128;128
192;1;0.0001;concept2;0.004649462;None;0.021564633;0.9953505396842957;10;3;128;128
192;2;0.0001;concept3;0.118651204;None;0.08384355;0.8813487887382507;10;3;128;128
193;0;0.0001;concept1;0.023680953;None;0.038409144;0.9763190746307373;10;3;128;128
193;1;0.0001;concept2;0.0046372544;None;0.021521842;0.9953627586364746;10;3;128;128
193;2;0.0001;concept3;0.1186368;None;0.083933346;0.8813632130622864;10;3;128;128
194;0;0.0001;concept1;0.023642173;None;0.03839141;0.9763578176498413;10;3;128;128
194;1;0.0001;concept2;0.004637604;None;0.021520413;0.995362401008606;10;3;128;128
194;2;0.0001;concept3;0.118483596;None;0.083824426;0.8815163969993591;10;3;128;128
195;0;0.0001;concept1;0.023533925;None;0.038320307;0.9764660596847534;10;3;128;128
195;1;0.0001;concept2;0.004617146;None;0.021464646;0.9953828454017639;10;3;128;128
195;2;0.0001;concept3;0.11792594;None;0.08348948;0.8820740580558777;10;3;128;128
196;0;0.0001;concept1;0.0234666;None;0.03829133;0.9765334129333496;10;3;128;128
196;1;0.0001;concept2;0.004617442;None;0.021462424;0.99538254737854;10;3;128;128
196;2;0.0001;concept3;0.119460575;None;0.084197566;0.8805394172668457;10;3;128;128
197;0;0.0001;concept1;0.023569202;None;0.03837629;0.9764307737350464;10;3;128;128
197;1;0.0001;concept2;0.0046115154;None;0.021449698;0.9953885078430176;10;3;128;128
197;2;0.0001;concept3;0.120050475;None;0.0845093;0.8799495100975037;10;3;128;128
198;0;0.0001;concept1;0.023665834;None;0.038477417;0.9763341546058655;10;3;128;128
198;1;0.0001;concept2;0.0046110293;None;0.021454103;0.9953889846801758;10;3;128;128
198;2;0.0001;concept3;0.12013642;None;0.08454644;0.8798635601997375;10;3;128;128
199;0;0.0001;concept1;0.023692094;None;0.03849248;0.9763079285621643;10;3;128;128
199;1;0.0001;concept2;0.00460673;None;0.02144767;0.9953932762145996;10;3;128;128
199;2;0.0001;concept3;0.120243594;None;0.08467004;0.8797563910484314;10;3;128;128
