0;0;0.0001;concept1;0.28086632;None;0.17939323;0.7191336750984192;10;3;128;128
0;1;0.0001;concept2;0.72167027;None;0.3142448;0.2783297896385193;10;3;128;128
0;2;0.0001;concept3;0.7352696;None;0.31320745;0.2647303342819214;10;3;128;128
1;0;0.0001;concept1;0.391129;None;0.21286567;0.6088709831237793;10;3;128;128
1;1;0.0001;concept2;0.9280599;None;0.35390326;0.07194018363952637;10;3;128;128
1;2;0.0001;concept3;0.68738616;None;0.30190107;0.312613844871521;10;3;128;128
2;0;0.0001;concept1;0.19830905;None;0.1503605;0.801690936088562;10;3;128;128
2;1;0.0001;concept2;0.41058895;None;0.22571805;0.5894110202789307;10;3;128;128
2;2;0.0001;concept3;0.3088949;None;0.19236627;0.69110506772995;10;3;128;128
3;0;0.0001;concept1;0.1479971;None;0.13039057;0.8520029187202454;10;3;128;128
3;1;0.0001;concept2;0.22401866;None;0.16065405;0.7759813070297241;10;3;128;128
3;2;0.0001;concept3;0.22607738;None;0.15161957;0.7739226222038269;10;3;128;128
4;0;0.0001;concept1;0.12602772;None;0.12055215;0.8739722967147827;10;3;128;128
4;1;0.0001;concept2;0.14223252;None;0.12503624;0.8577674627304077;10;3;128;128
4;2;0.0001;concept3;0.19919714;None;0.1318437;0.8008028268814087;10;3;128;128
5;0;0.0001;concept1;0.10494368;None;0.10937991;0.8950563073158264;10;3;128;128
5;1;0.0001;concept2;0.0570939;None;0.07858473;0.9429060816764832;10;3;128;128
5;2;0.0001;concept3;0.17737937;None;0.11120408;0.8226206302642822;10;3;128;128
6;0;0.0001;concept1;0.10029249;None;0.106486686;0.8997074961662292;10;3;128;128
6;1;0.0001;concept2;0.04550144;None;0.07043279;0.9544985294342041;10;3;128;128
6;2;0.0001;concept3;0.17361334;None;0.10864463;0.8263866305351257;10;3;128;128
7;0;0.0001;concept1;0.09325267;None;0.101839535;0.9067473411560059;10;3;128;128
7;1;0.0001;concept2;0.03411815;None;0.061236233;0.9658818244934082;10;3;128;128
7;2;0.0001;concept3;0.16698475;None;0.1048807;0.8330152630805969;10;3;128;128
8;0;0.0001;concept1;0.09106547;None;0.10028167;0.9089345335960388;10;3;128;128
8;1;0.0001;concept2;0.031844076;None;0.059184182;0.9681559205055237;10;3;128;128
8;2;0.0001;concept3;0.16374376;None;0.103289954;0.8362562656402588;10;3;128;128
9;0;0.0001;concept1;0.0871589;None;0.09739525;0.9128410816192627;10;3;128;128
9;1;0.0001;concept2;0.02879363;None;0.056282498;0.9712063670158386;10;3;128;128
9;2;0.0001;concept3;0.15848243;None;0.10093175;0.8415175676345825;10;3;128;128
10;0;0.0001;concept1;0.085741974;None;0.09630832;0.9142580032348633;10;3;128;128
10;1;0.0001;concept2;0.027779246;None;0.055265896;0.972220778465271;10;3;128;128
10;2;0.0001;concept3;0.15626216;None;0.099831246;0.8437378406524658;10;3;128;128
11;0;0.0001;concept1;0.082856655;None;0.09404391;0.9171433448791504;10;3;128;128
11;1;0.0001;concept2;0.025826955;None;0.053204082;0.9741730690002441;10;3;128;128
11;2;0.0001;concept3;0.15208952;None;0.097915374;0.847910463809967;10;3;128;128
12;0;0.0001;concept1;0.08181775;None;0.09320896;0.9181822538375854;10;3;128;128
12;1;0.0001;concept2;0.025097145;None;0.052401613;0.974902868270874;10;3;128;128
12;2;0.0001;concept3;0.15092747;None;0.09714347;0.8490725159645081;10;3;128;128
13;0;0.0001;concept1;0.08014457;None;0.091846004;0.9198554158210754;10;3;128;128
13;1;0.0001;concept2;0.023835156;None;0.050935585;0.9761648178100586;10;3;128;128
13;2;0.0001;concept3;0.14699276;None;0.09532955;0.8530072569847107;10;3;128;128
14;0;0.0001;concept1;0.079440266;None;0.0912487;0.9205597639083862;10;3;128;128
14;1;0.0001;concept2;0.023256488;None;0.050244644;0.9767435193061829;10;3;128;128
14;2;0.0001;concept3;0.14575425;None;0.094620444;0.8542457818984985;10;3;128;128
15;0;0.0001;concept1;0.07800305;None;0.09006954;0.9219969511032104;10;3;128;128
15;1;0.0001;concept2;0.022221876;None;0.048949774;0.9777781367301941;10;3;128;128
15;2;0.0001;concept3;0.14346318;None;0.0934244;0.8565368056297302;10;3;128;128
16;0;0.0001;concept1;0.07743996;None;0.08958247;0.9225600361824036;10;3;128;128
16;1;0.0001;concept2;0.02176751;None;0.048375208;0.9782325029373169;10;3;128;128
16;2;0.0001;concept3;0.14242195;None;0.09289555;0.8575780391693115;10;3;128;128
17;0;0.0001;concept1;0.07648841;None;0.08875027;0.9235115647315979;10;3;128;128
17;1;0.0001;concept2;0.020883026;None;0.04724029;0.9791169762611389;10;3;128;128
17;2;0.0001;concept3;0.1403463;None;0.09187105;0.8596537113189697;10;3;128;128
18;0;0.0001;concept1;0.076104365;None;0.08837828;0.9238956570625305;10;3;128;128
18;1;0.0001;concept2;0.020525252;None;0.046767194;0.9794747233390808;10;3;128;128
18;2;0.0001;concept3;0.13957143;None;0.09147977;0.8604285717010498;10;3;128;128
19;0;0.0001;concept1;0.075157315;None;0.08757539;0.9248427152633667;10;3;128;128
19;1;0.0001;concept2;0.019826913;None;0.045834463;0.9801731109619141;10;3;128;128
19;2;0.0001;concept3;0.1377025;None;0.09056219;0.862297534942627;10;3;128;128
20;0;0.0001;concept1;0.074744426;None;0.08721517;0.9252555966377258;10;3;128;128
20;1;0.0001;concept2;0.019522399;None;0.045423076;0.9804776310920715;10;3;128;128
20;2;0.0001;concept3;0.13696177;None;0.09027565;0.8630382418632507;10;3;128;128
21;0;0.0001;concept1;0.0738977;None;0.086473316;0.9261022806167603;10;3;128;128
21;1;0.0001;concept2;0.018876424;None;0.044550296;0.9811235666275024;10;3;128;128
21;2;0.0001;concept3;0.13477406;None;0.0893863;0.8652259111404419;10;3;128;128
22;0;0.0001;concept1;0.07353851;None;0.08614368;0.9264614582061768;10;3;128;128
22;1;0.0001;concept2;0.018588407;None;0.04415205;0.9814115762710571;10;3;128;128
22;2;0.0001;concept3;0.13386922;None;0.088983394;0.8661307692527771;10;3;128;128
23;0;0.0001;concept1;0.07275117;None;0.085426375;0.9272488355636597;10;3;128;128
23;1;0.0001;concept2;0.017979687;None;0.043291036;0.9820203185081482;10;3;128;128
23;2;0.0001;concept3;0.13203506;None;0.08828778;0.8679649233818054;10;3;128;128
24;0;0.0001;concept1;0.072468445;None;0.085158095;0.9275315403938293;10;3;128;128
24;1;0.0001;concept2;0.017744377;None;0.042955365;0.9822556376457214;10;3;128;128
24;2;0.0001;concept3;0.1313555;None;0.08799246;0.8686444759368896;10;3;128;128
25;0;0.0001;concept1;0.07186691;None;0.084601104;0.9281330704689026;10;3;128;128
25;1;0.0001;concept2;0.017268682;None;0.042285733;0.9827313423156738;10;3;128;128
25;2;0.0001;concept3;0.13060623;None;0.08759716;0.8693937659263611;10;3;128;128
26;0;0.0001;concept1;0.071554445;None;0.08434462;0.92844557762146;10;3;128;128
26;1;0.0001;concept2;0.017060116;None;0.041993808;0.9829398989677429;10;3;128;128
26;2;0.0001;concept3;0.1301462;None;0.087409034;0.8698537945747375;10;3;128;128
27;0;0.0001;concept1;0.07094519;None;0.083769806;0.9290547966957092;10;3;128;128
27;1;0.0001;concept2;0.016641906;None;0.04138282;0.9833580851554871;10;3;128;128
27;2;0.0001;concept3;0.12890999;None;0.08689492;0.8710899949073792;10;3;128;128
28;0;0.0001;concept1;0.07061737;None;0.0834991;0.9293826222419739;10;3;128;128
28;1;0.0001;concept2;0.016460463;None;0.041119043;0.9835395216941833;10;3;128;128
28;2;0.0001;concept3;0.12840578;None;0.0867099;0.8715941905975342;10;3;128;128
29;0;0.0001;concept1;0.07015612;None;0.08305914;0.9298439025878906;10;3;128;128
29;1;0.0001;concept2;0.016099619;None;0.040584438;0.9839003682136536;10;3;128;128
29;2;0.0001;concept3;0.12632748;None;0.08592849;0.8736724853515625;10;3;128;128
30;0;0.0001;concept1;0.069878794;None;0.08278584;0.9301211833953857;10;3;128;128
30;1;0.0001;concept2;0.015946226;None;0.0403513;0.9840537905693054;10;3;128;128
30;2;0.0001;concept3;0.12617229;None;0.08587478;0.8738276958465576;10;3;128;128
31;0;0.0001;concept1;0.06918018;None;0.08221244;0.9308198094367981;10;3;128;128
31;1;0.0001;concept2;0.015643027;None;0.039878298;0.9843569993972778;10;3;128;128
31;2;0.0001;concept3;0.12544502;None;0.0855779;0.8745549917221069;10;3;128;128
32;0;0.0001;concept1;0.06887005;None;0.08195851;0.9311299324035645;10;3;128;128
32;1;0.0001;concept2;0.015522304;None;0.03968506;0.984477698802948;10;3;128;128
32;2;0.0001;concept3;0.12495496;None;0.085413136;0.8750450611114502;10;3;128;128
33;0;0.0001;concept1;0.068358645;None;0.08151456;0.9316413402557373;10;3;128;128
33;1;0.0001;concept2;0.01524978;None;0.0392565;0.9847502112388611;10;3;128;128
33;2;0.0001;concept3;0.1238961;None;0.08501754;0.8761038780212402;10;3;128;128
34;0;0.0001;concept1;0.06807507;None;0.08128074;0.9319249391555786;10;3;128;128
34;1;0.0001;concept2;0.015120431;None;0.03905606;0.9848795533180237;10;3;128;128
34;2;0.0001;concept3;0.12346886;None;0.084865436;0.8765311241149902;10;3;128;128
35;0;0.0001;concept1;0.06766474;None;0.08089316;0.9323352575302124;10;3;128;128
35;1;0.0001;concept2;0.014845703;None;0.038616482;0.9851542711257935;10;3;128;128
35;2;0.0001;concept3;0.122300126;None;0.084447384;0.8776998519897461;10;3;128;128
36;0;0.0001;concept1;0.06740421;None;0.080657676;0.9325957894325256;10;3;128;128
36;1;0.0001;concept2;0.01471692;None;0.038414285;0.9852830767631531;10;3;128;128
36;2;0.0001;concept3;0.121933214;None;0.08432017;0.8780667781829834;10;3;128;128
37;0;0.0001;concept1;0.06695318;None;0.08026312;0.933046817779541;10;3;128;128
37;1;0.0001;concept2;0.014462708;None;0.038006835;0.9855372905731201;10;3;128;128
37;2;0.0001;concept3;0.12151002;None;0.08425146;0.8784899711608887;10;3;128;128
38;0;0.0001;concept1;0.066726506;None;0.080068685;0.9332734942436218;10;3;128;128
38;1;0.0001;concept2;0.014361128;None;0.03783695;0.9856388568878174;10;3;128;128
38;2;0.0001;concept3;0.121190794;None;0.08414304;0.8788092136383057;10;3;128;128
39;0;0.0001;concept1;0.06620045;None;0.079630785;0.9337995648384094;10;3;128;128
39;1;0.0001;concept2;0.014117229;None;0.037437726;0.9858827590942383;10;3;128;128
39;2;0.0001;concept3;0.12013673;None;0.08384043;0.8798632621765137;10;3;128;128
40;0;0.0001;concept1;0.06600023;None;0.079451054;0.93399977684021;10;3;128;128
40;1;0.0001;concept2;0.014018277;None;0.03727234;0.9859817028045654;10;3;128;128
40;2;0.0001;concept3;0.11966312;None;0.0837155;0.8803368806838989;10;3;128;128
41;0;0.0001;concept1;0.06560217;None;0.0790947;0.93439781665802;10;3;128;128
41;1;0.0001;concept2;0.013796249;None;0.036902077;0.9862037301063538;10;3;128;128
41;2;0.0001;concept3;0.11928463;None;0.083605096;0.8807153701782227;10;3;128;128
42;0;0.0001;concept1;0.06533986;None;0.078884795;0.9346601366996765;10;3;128;128
42;1;0.0001;concept2;0.013710172;None;0.036754135;0.9862897992134094;10;3;128;128
42;2;0.0001;concept3;0.11867049;None;0.08339546;0.8813295364379883;10;3;128;128
43;0;0.0001;concept1;0.0649433;None;0.07853007;0.9350566864013672;10;3;128;128
43;1;0.0001;concept2;0.013509128;None;0.036413785;0.9864908456802368;10;3;128;128
43;2;0.0001;concept3;0.1178458;None;0.083093755;0.8821542263031006;10;3;128;128
44;0;0.0001;concept1;0.06477722;None;0.07838047;0.9352228045463562;10;3;128;128
44;1;0.0001;concept2;0.013422721;None;0.03626762;0.9865772724151611;10;3;128;128
44;2;0.0001;concept3;0.11737732;None;0.08294433;0.8826226592063904;10;3;128;128
45;0;0.0001;concept1;0.06431536;None;0.0780206;0.9356846213340759;10;3;128;128
45;1;0.0001;concept2;0.013239519;None;0.03595372;0.9867604970932007;10;3;128;128
45;2;0.0001;concept3;0.11695862;None;0.0828118;0.8830413818359375;10;3;128;128
46;0;0.0001;concept1;0.0641307;None;0.07785233;0.9358692765235901;10;3;128;128
46;1;0.0001;concept2;0.013160499;None;0.035818923;0.9868394732475281;10;3;128;128
46;2;0.0001;concept3;0.11660086;None;0.082701124;0.8833991289138794;10;3;128;128
47;0;0.0001;concept1;0.06374095;None;0.07751516;0.9362590312957764;10;3;128;128
47;1;0.0001;concept2;0.012975471;None;0.035504434;0.9870245456695557;10;3;128;128
47;2;0.0001;concept3;0.11611952;None;0.082563475;0.8838804960250854;10;3;128;128
48;0;0.0001;concept1;0.06352402;None;0.07734086;0.9364759922027588;10;3;128;128
48;1;0.0001;concept2;0.012896891;None;0.035370123;0.9871031045913696;10;3;128;128
48;2;0.0001;concept3;0.11591024;None;0.08251876;0.8840897679328918;10;3;128;128
49;0;0.0001;concept1;0.063186176;None;0.07704644;0.9368138313293457;10;3;128;128
49;1;0.0001;concept2;0.012733028;None;0.035085987;0.9872669577598572;10;3;128;128
49;2;0.0001;concept3;0.11537094;None;0.082360834;0.8846290707588196;10;3;128;128
50;0;0.0001;concept3;0.11501654;None;0.08227376;0.884983479976654;10;3;128;128
50;1;0.0001;concept1;0.06312565;None;0.076965034;0.9368743300437927;10;3;128;128
50;2;0.0001;concept2;0.012662425;None;0.034963768;0.987337589263916;10;3;128;128
51;0;0.0001;concept3;0.114308186;None;0.08206983;0.8856918215751648;10;3;128;128
51;1;0.0001;concept1;0.062778704;None;0.0766519;0.9372212886810303;10;3;128;128
51;2;0.0001;concept2;0.012500146;None;0.034683265;0.9874998331069946;10;3;128;128
52;0;0.0001;concept3;0.11435209;None;0.08209554;0.8856478929519653;10;3;128;128
52;1;0.0001;concept1;0.062681;None;0.076553725;0.9373189806938171;10;3;128;128
52;2;0.0001;concept2;0.0124332;None;0.034565143;0.9875668287277222;10;3;128;128
53;0;0.0001;concept3;0.11377533;None;0.08192935;0.8862246870994568;10;3;128;128
53;1;0.0001;concept1;0.06237187;None;0.07626796;0.9376281499862671;10;3;128;128
53;2;0.0001;concept2;0.012298964;None;0.034321904;0.9877010583877563;10;3;128;128
54;0;0.0001;concept3;0.113632865;None;0.081891075;0.88636714220047;10;3;128;128
54;1;0.0001;concept1;0.062251467;None;0.07615526;0.9377485513687134;10;3;128;128
54;2;0.0001;concept2;0.012240274;None;0.03421575;0.9877597093582153;10;3;128;128
55;0;0.0001;concept3;0.113194;None;0.08174157;0.8868060111999512;10;3;128;128
55;1;0.0001;concept1;0.06194617;None;0.07590613;0.9380538463592529;10;3;128;128
55;2;0.0001;concept2;0.012098077;None;0.033964533;0.9879019260406494;10;3;128;128
56;0;0.0001;concept3;0.1129926;None;0.08168201;0.8870074152946472;10;3;128;128
56;1;0.0001;concept1;0.061740372;None;0.07574919;0.9382596015930176;10;3;128;128
56;2;0.0001;concept2;0.012035093;None;0.03385341;0.987964928150177;10;3;128;128
57;0;0.0001;concept3;0.11263865;None;0.08154974;0.8873613476753235;10;3;128;128
57;1;0.0001;concept1;0.06142765;None;0.075479016;0.938572347164154;10;3;128;128
57;2;0.0001;concept2;0.011908176;None;0.033622093;0.9880918264389038;10;3;128;128
58;0;0.0001;concept3;0.11245608;None;0.081488654;0.8875439167022705;10;3;128;128
58;1;0.0001;concept1;0.0613322;None;0.07537609;0.9386677742004395;10;3;128;128
58;2;0.0001;concept2;0.011851047;None;0.033519506;0.9881489276885986;10;3;128;128
59;0;0.0001;concept3;0.11184291;None;0.081316784;0.8881571292877197;10;3;128;128
59;1;0.0001;concept1;0.061076995;None;0.07513299;0.9389230012893677;10;3;128;128
59;2;0.0001;concept2;0.011724393;None;0.033288267;0.9882755875587463;10;3;128;128
60;0;0.0001;concept3;0.11166276;None;0.08128614;0.888337254524231;10;3;128;128
60;1;0.0001;concept1;0.060853858;None;0.074978985;0.9391461610794067;10;3;128;128
60;2;0.0001;concept2;0.011665776;None;0.033184215;0.9883342385292053;10;3;128;128
61;0;0.0001;concept3;0.11125702;None;0.08117652;0.888742983341217;10;3;128;128
61;1;0.0001;concept1;0.060599815;None;0.07475825;0.9394001960754395;10;3;128;128
61;2;0.0001;concept2;0.011558593;None;0.032979827;0.9884414076805115;10;3;128;128
62;0;0.0001;concept3;0.111044556;None;0.081095316;0.8889554738998413;10;3;128;128
62;1;0.0001;concept1;0.06048009;None;0.07464948;0.9395198822021484;10;3;128;128
62;2;0.0001;concept2;0.011502328;None;0.032879658;0.9884976744651794;10;3;128;128
63;0;0.0001;concept3;0.11070386;None;0.080990426;0.8892961144447327;10;3;128;128
63;1;0.0001;concept1;0.060190488;None;0.07439901;0.9398095011711121;10;3;128;128
63;2;0.0001;concept2;0.011392201;None;0.032672316;0.9886078238487244;10;3;128;128
64;0;0.0001;concept3;0.11059694;None;0.080953814;0.8894030451774597;10;3;128;128
64;1;0.0001;concept1;0.060039856;None;0.07428716;0.9399601221084595;10;3;128;128
64;2;0.0001;concept2;0.011345329;None;0.032583524;0.9886546730995178;10;3;128;128
65;0;0.0001;concept3;0.11017135;None;0.080831215;0.8898286819458008;10;3;128;128
65;1;0.0001;concept1;0.059747018;None;0.07402752;0.940252959728241;10;3;128;128
65;2;0.0001;concept2;0.011243707;None;0.03239036;0.9887562990188599;10;3;128;128
66;0;0.0001;concept3;0.11008376;None;0.080788925;0.8899162411689758;10;3;128;128
66;1;0.0001;concept1;0.059600927;None;0.07392043;0.9403990507125854;10;3;128;128
66;2;0.0001;concept2;0.011200557;None;0.032307923;0.9887994527816772;10;3;128;128
67;0;0.0001;concept3;0.10953443;None;0.08063404;0.8904655575752258;10;3;128;128
67;1;0.0001;concept1;0.059363272;None;0.07369995;0.9406367540359497;10;3;128;128
67;2;0.0001;concept2;0.01109775;None;0.03211345;0.9889022707939148;10;3;128;128
68;0;0.0001;concept3;0.10929864;None;0.08056325;0.8907013535499573;10;3;128;128
68;1;0.0001;concept1;0.059258986;None;0.073611066;0.9407410025596619;10;3;128;128
68;2;0.0001;concept2;0.011056147;None;0.032033727;0.988943874835968;10;3;128;128
69;0;0.0001;concept3;0.108959086;None;0.08045078;0.8910409212112427;10;3;128;128
69;1;0.0001;concept1;0.059016876;None;0.07340395;0.9409831166267395;10;3;128;128
69;2;0.0001;concept2;0.0109653985;None;0.03185956;0.9890345931053162;10;3;128;128
70;0;0.0001;concept3;0.108773746;None;0.08040322;0.8912262320518494;10;3;128;128
70;1;0.0001;concept1;0.058872685;None;0.07330321;0.9411273002624512;10;3;128;128
70;2;0.0001;concept2;0.010926442;None;0.031784438;0.9890735745429993;10;3;128;128
71;0;0.0001;concept3;0.1085868;None;0.08033816;0.8914132118225098;10;3;128;128
71;1;0.0001;concept1;0.058548935;None;0.073044725;0.9414510726928711;10;3;128;128
71;2;0.0001;concept2;0.010834797;None;0.031610128;0.989165186882019;10;3;128;128
72;0;0.0001;concept3;0.10853077;None;0.080321595;0.8914692401885986;10;3;128;128
72;1;0.0001;concept1;0.058473486;None;0.07296935;0.9415265321731567;10;3;128;128
72;2;0.0001;concept2;0.010806051;None;0.03154839;0.9891939759254456;10;3;128;128
73;0;0.0001;concept3;0.1081127;None;0.08021386;0.8918873071670532;10;3;128;128
73;1;0.0001;concept1;0.0581818;None;0.07274011;0.9418181777000427;10;3;128;128
73;2;0.0001;concept2;0.010718287;None;0.031382374;0.9892817139625549;10;3;128;128
74;0;0.0001;concept3;0.107802354;None;0.08010522;0.8921976089477539;10;3;128;128
74;1;0.0001;concept1;0.058100913;None;0.07265454;0.9418990612030029;10;3;128;128
74;2;0.0001;concept2;0.01068293;None;0.03131313;0.9893170595169067;10;3;128;128
75;0;0.0001;concept3;0.10761023;None;0.0800808;0.8923897743225098;10;3;128;128
75;1;0.0001;concept1;0.057785556;None;0.07240284;0.9422144293785095;10;3;128;128
75;2;0.0001;concept2;0.01059618;None;0.03114962;0.9894038438796997;10;3;128;128
76;0;0.0001;concept3;0.10749205;None;0.08002815;0.8925079703330994;10;3;128;128
76;1;0.0001;concept1;0.057760414;None;0.072363794;0.9422395825386047;10;3;128;128
76;2;0.0001;concept2;0.010564432;None;0.031087864;0.9894355535507202;10;3;128;128
77;0;0.0001;concept3;0.1072326;None;0.07996187;0.8927673697471619;10;3;128;128
77;1;0.0001;concept1;0.057516795;None;0.07215907;0.9424831867218018;10;3;128;128
77;2;0.0001;concept2;0.010487615;None;0.030940041;0.9895123839378357;10;3;128;128
78;0;0.0001;concept3;0.10697755;None;0.07989312;0.8930224180221558;10;3;128;128
78;1;0.0001;concept1;0.05744068;None;0.07210134;0.9425593018531799;10;3;128;128
78;2;0.0001;concept2;0.010453781;None;0.030875193;0.9895462393760681;10;3;128;128
79;0;0.0001;concept3;0.10681747;None;0.07983919;0.8931825160980225;10;3;128;128
79;1;0.0001;concept1;0.057241194;None;0.071926445;0.9427587985992432;10;3;128;128
79;2;0.0001;concept2;0.010374448;None;0.03072365;0.9896255731582642;10;3;128;128
80;0;0.0001;concept3;0.10663203;None;0.07979644;0.8933679461479187;10;3;128;128
80;1;0.0001;concept1;0.057164393;None;0.07185314;0.9428356289863586;10;3;128;128
80;2;0.0001;concept2;0.010343103;None;0.030662362;0.989656925201416;10;3;128;128
81;0;0.0001;concept3;0.10654681;None;0.07975384;0.8934531807899475;10;3;128;128
81;1;0.0001;concept1;0.056963142;None;0.071672134;0.9430368542671204;10;3;128;128
81;2;0.0001;concept2;0.010271077;None;0.030523267;0.9897289276123047;10;3;128;128
82;0;0.0001;concept3;0.10654144;None;0.07976256;0.8934585452079773;10;3;128;128
82;1;0.0001;concept1;0.056867305;None;0.07159362;0.9431326985359192;10;3;128;128
82;2;0.0001;concept2;0.010238069;None;0.03046175;0.9897619485855103;10;3;128;128
83;0;0.0001;concept3;0.106297046;None;0.079702586;0.8937029242515564;10;3;128;128
83;1;0.0001;concept1;0.056706347;None;0.07143502;0.9432936310768127;10;3;128;128
83;2;0.0001;concept2;0.010171408;None;0.030333292;0.9898285865783691;10;3;128;128
84;0;0.0001;concept3;0.10621464;None;0.079685025;0.8937853574752808;10;3;128;128
84;1;0.0001;concept1;0.056578565;None;0.07133728;0.9434214234352112;10;3;128;128
84;2;0.0001;concept2;0.010142733;None;0.030278293;0.9898572564125061;10;3;128;128
85;0;0.0001;concept3;0.10588587;None;0.07958307;0.8941141366958618;10;3;128;128
85;1;0.0001;concept1;0.056360446;None;0.071158275;0.9436395764350891;10;3;128;128
85;2;0.0001;concept2;0.0100705875;None;0.030143593;0.9899294376373291;10;3;128;128
86;0;0.0001;concept3;0.105863795;None;0.079579234;0.8941361904144287;10;3;128;128
86;1;0.0001;concept1;0.056286298;None;0.071091644;0.9437137246131897;10;3;128;128
86;2;0.0001;concept2;0.010042354;None;0.030089447;0.9899576306343079;10;3;128;128
87;0;0.0001;concept3;0.1056386;None;0.07951873;0.8943613767623901;10;3;128;128
87;1;0.0001;concept1;0.056060564;None;0.07090882;0.9439394474029541;10;3;128;128
87;2;0.0001;concept2;0.009976264;None;0.029965226;0.9900237321853638;10;3;128;128
88;0;0.0001;concept3;0.10558273;None;0.07952729;0.8944172859191895;10;3;128;128
88;1;0.0001;concept1;0.05596415;None;0.070824325;0.9440358281135559;10;3;128;128
88;2;0.0001;concept2;0.009948662;None;0.029913202;0.9900513291358948;10;3;128;128
89;0;0.0001;concept3;0.10530005;None;0.07943797;0.8946999311447144;10;3;128;128
89;1;0.0001;concept1;0.055749454;None;0.07065252;0.9442505240440369;10;3;128;128
89;2;0.0001;concept2;0.0098934285;None;0.02980652;0.9901065826416016;10;3;128;128
90;0;0.0001;concept3;0.105204836;None;0.07941704;0.8947951793670654;10;3;128;128
90;1;0.0001;concept1;0.055670172;None;0.070587784;0.9443298578262329;10;3;128;128
90;2;0.0001;concept2;0.009870778;None;0.029762534;0.9901292324066162;10;3;128;128
91;0;0.0001;concept3;0.10505075;None;0.079340376;0.8949492573738098;10;3;128;128
91;1;0.0001;concept1;0.055489216;None;0.0704216;0.9445107579231262;10;3;128;128
91;2;0.0001;concept2;0.009807882;None;0.0296459;0.9901921153068542;10;3;128;128
92;0;0.0001;concept3;0.10491871;None;0.07931461;0.8950812816619873;10;3;128;128
92;1;0.0001;concept1;0.055379067;None;0.070342965;0.9446209073066711;10;3;128;128
92;2;0.0001;concept2;0.009785666;None;0.029602328;0.9902143478393555;10;3;128;128
93;0;0.0001;concept3;0.10459962;None;0.07924651;0.8954004049301147;10;3;128;128
93;1;0.0001;concept1;0.055201393;None;0.07019091;0.9447985887527466;10;3;128;128
93;2;0.0001;concept2;0.009732815;None;0.029500186;0.9902671575546265;10;3;128;128
94;0;0.0001;concept3;0.104501136;None;0.07922387;0.8954988718032837;10;3;128;128
94;1;0.0001;concept1;0.055198908;None;0.070164226;0.9448010921478271;10;3;128;128
94;2;0.0001;concept2;0.00970944;None;0.02945534;0.9902905821800232;10;3;128;128
95;0;0.0001;concept3;0.10410622;None;0.079143435;0.8958937525749207;10;3;128;128
95;1;0.0001;concept1;0.054983363;None;0.069986254;0.945016622543335;10;3;128;128
95;2;0.0001;concept2;0.009659595;None;0.029358743;0.9903404116630554;10;3;128;128
96;0;0.0001;concept3;0.10401842;None;0.07912524;0.8959815502166748;10;3;128;128
96;1;0.0001;concept1;0.05492169;None;0.06994066;0.9450783133506775;10;3;128;128
96;2;0.0001;concept2;0.009637941;None;0.02931626;0.9903620481491089;10;3;128;128
97;0;0.0001;concept3;0.10384639;None;0.079101816;0.8961536288261414;10;3;128;128
97;1;0.0001;concept1;0.05474745;None;0.06979368;0.945252537727356;10;3;128;128
97;2;0.0001;concept2;0.009582356;None;0.029212277;0.9904176592826843;10;3;128;128
98;0;0.0001;concept3;0.10377858;None;0.07909502;0.896221399307251;10;3;128;128
98;1;0.0001;concept1;0.054653417;None;0.06972402;0.9453465938568115;10;3;128;128
98;2;0.0001;concept2;0.00956763;None;0.02918058;0.9904323816299438;10;3;128;128
99;0;0.0001;concept3;0.10358867;None;0.07906005;0.8964112997055054;10;3;128;128
99;1;0.0001;concept1;0.054488085;None;0.06958247;0.9455119371414185;10;3;128;128
99;2;0.0001;concept2;0.009518663;None;0.029087568;0.9904813170433044;10;3;128;128
100;0;0.0001;concept3;0.10346227;None;0.07904209;0.896537721157074;10;3;128;128
100;1;0.0001;concept1;0.054449543;None;0.06954376;0.9455504417419434;10;3;128;128
100;2;0.0001;concept2;0.009498201;None;0.029048102;0.9905018210411072;10;3;128;128
101;0;0.0001;concept3;0.10330986;None;0.07902313;0.8966901302337646;10;3;128;128
101;1;0.0001;concept1;0.05429114;None;0.06940798;0.9457088708877563;10;3;128;128
101;2;0.0001;concept2;0.009455467;None;0.028962567;0.9905445575714111;10;3;128;128
102;0;0.0001;concept3;0.10311006;None;0.078977905;0.8968899250030518;10;3;128;128
102;1;0.0001;concept1;0.054227754;None;0.06935384;0.9457722306251526;10;3;128;128
102;2;0.0001;concept2;0.009436415;None;0.028925033;0.9905635714530945;10;3;128;128
103;0;0.0001;concept3;0.10283225;None;0.078935646;0.8971677422523499;10;3;128;128
103;1;0.0001;concept1;0.0541057;None;0.069227986;0.9458943009376526;10;3;128;128
103;2;0.0001;concept2;0.009391894;None;0.028837975;0.9906080961227417;10;3;128;128
104;0;0.0001;concept3;0.102702305;None;0.07890655;0.8972976803779602;10;3;128;128
104;1;0.0001;concept1;0.054022163;None;0.06916348;0.9459778070449829;10;3;128;128
104;2;0.0001;concept2;0.009374509;None;0.028802626;0.9906255006790161;10;3;128;128
105;0;0.0001;concept3;0.10251947;None;0.07885881;0.8974805474281311;10;3;128;128
105;1;0.0001;concept1;0.053866547;None;0.06901753;0.9461334347724915;10;3;128;128
105;2;0.0001;concept2;0.009328536;None;0.028713876;0.9906714558601379;10;3;128;128
106;0;0.0001;concept3;0.1025347;None;0.078913465;0.8974652886390686;10;3;128;128
106;1;0.0001;concept1;0.053795192;None;0.068955295;0.9462047815322876;10;3;128;128
106;2;0.0001;concept2;0.009304084;None;0.028670628;0.9906958937644958;10;3;128;128
107;0;0.0001;concept3;0.1022819;None;0.078809015;0.897718071937561;10;3;128;128
107;1;0.0001;concept1;0.053671554;None;0.06884363;0.9463284611701965;10;3;128;128
107;2;0.0001;concept2;0.009262743;None;0.028587768;0.99073725938797;10;3;128;128
108;0;0.0001;concept3;0.102370426;None;0.07884019;0.8976295590400696;10;3;128;128
108;1;0.0001;concept1;0.053597536;None;0.06879019;0.9464024901390076;10;3;128;128
108;2;0.0001;concept2;0.009244257;None;0.028552147;0.9907557368278503;10;3;128;128
109;0;0.0001;concept3;0.102120176;None;0.07880287;0.8978798389434814;10;3;128;128
109;1;0.0001;concept1;0.05348255;None;0.068684846;0.9465174674987793;10;3;128;128
109;2;0.0001;concept2;0.009204476;None;0.02847331;0.9907955527305603;10;3;128;128
110;0;0.0001;concept3;0.102139525;None;0.078807406;0.8978604674339294;10;3;128;128
110;1;0.0001;concept1;0.05340842;None;0.06862254;0.9465915560722351;10;3;128;128
110;2;0.0001;concept2;0.009185085;None;0.028436787;0.9908149242401123;10;3;128;128
111;0;0.0001;concept3;0.101936035;None;0.07876461;0.8980639576911926;10;3;128;128
111;1;0.0001;concept1;0.053265024;None;0.06849337;0.9467349648475647;10;3;128;128
111;2;0.0001;concept2;0.009143372;None;0.028357139;0.9908566474914551;10;3;128;128
112;0;0.0001;concept3;0.10192576;None;0.078738704;0.8980742692947388;10;3;128;128
112;1;0.0001;concept1;0.053209387;None;0.06844852;0.9467906355857849;10;3;128;128
112;2;0.0001;concept2;0.009122307;None;0.028319072;0.9908776879310608;10;3;128;128
113;0;0.0001;concept3;0.101789325;None;0.0787166;0.8982106447219849;10;3;128;128
113;1;0.0001;concept1;0.053068865;None;0.06833182;0.9469311237335205;10;3;128;128
113;2;0.0001;concept2;0.009082022;None;0.028241962;0.990917980670929;10;3;128;128
114;0;0.0001;concept3;0.10174386;None;0.07871262;0.8982561230659485;10;3;128;128
114;1;0.0001;concept1;0.053003334;None;0.068262815;0.9469966888427734;10;3;128;128
114;2;0.0001;concept2;0.009065515;None;0.02820994;0.9909344911575317;10;3;128;128
115;0;0.0001;concept3;0.10158854;None;0.07871445;0.8984114527702332;10;3;128;128
115;1;0.0001;concept1;0.05287076;None;0.06815233;0.9471292495727539;10;3;128;128
115;2;0.0001;concept2;0.009030402;None;0.028140489;0.9909695982933044;10;3;128;128
116;0;0.0001;concept3;0.101505525;None;0.0786944;0.8984944820404053;10;3;128;128
116;1;0.0001;concept1;0.052834842;None;0.06811928;0.9471651315689087;10;3;128;128
116;2;0.0001;concept2;0.009014486;None;0.028109683;0.9909855127334595;10;3;128;128
117;0;0.0001;concept3;0.10136126;None;0.078683056;0.8986387252807617;10;3;128;128
117;1;0.0001;concept1;0.052716006;None;0.06800498;0.9472839832305908;10;3;128;128
117;2;0.0001;concept2;0.008975148;None;0.028036444;0.9910248517990112;10;3;128;128
118;0;0.0001;concept3;0.10127179;None;0.07866431;0.8987281918525696;10;3;128;128
118;1;0.0001;concept1;0.05264045;None;0.067943305;0.947359561920166;10;3;128;128
118;2;0.0001;concept2;0.008962013;None;0.028010363;0.9910379648208618;10;3;128;128
119;0;0.0001;concept3;0.10110408;None;0.07864082;0.8988959193229675;10;3;128;128
119;1;0.0001;concept1;0.05253861;None;0.06784654;0.9474613666534424;10;3;128;128
119;2;0.0001;concept2;0.008925641;None;0.027939871;0.9910743832588196;10;3;128;128
120;0;0.0001;concept3;0.10101218;None;0.07862638;0.8989878296852112;10;3;128;128
120;1;0.0001;concept1;0.05246251;None;0.067787424;0.9475374817848206;10;3;128;128
120;2;0.0001;concept2;0.008908164;None;0.027908161;0.9910918474197388;10;3;128;128
121;0;0.0001;concept3;0.100952834;None;0.078624256;0.8990471959114075;10;3;128;128
121;1;0.0001;concept1;0.05234859;None;0.067681625;0.9476513862609863;10;3;128;128
121;2;0.0001;concept2;0.0088699795;None;0.027837535;0.991129994392395;10;3;128;128
122;0;0.0001;concept3;0.10089665;None;0.07861795;0.8991033434867859;10;3;128;128
122;1;0.0001;concept1;0.05226723;None;0.067618005;0.9477327466011047;10;3;128;128
122;2;0.0001;concept2;0.0088555245;None;0.027809715;0.9911444783210754;10;3;128;128
123;0;0.0001;concept3;0.10077232;None;0.07860772;0.8992276787757874;10;3;128;128
123;1;0.0001;concept1;0.052129325;None;0.06750522;0.947870671749115;10;3;128;128
123;2;0.0001;concept2;0.008825141;None;0.027750408;0.9911748766899109;10;3;128;128
124;0;0.0001;concept3;0.10068737;None;0.07859441;0.8993126153945923;10;3;128;128
124;1;0.0001;concept1;0.052086953;None;0.06746192;0.9479130506515503;10;3;128;128
124;2;0.0001;concept2;0.008811202;None;0.02772428;0.9911888241767883;10;3;128;128
125;0;0.0001;concept3;0.10047541;None;0.07857201;0.8995245695114136;10;3;128;128
125;1;0.0001;concept1;0.0519763;None;0.06736412;0.9480236768722534;10;3;128;128
125;2;0.0001;concept2;0.008778746;None;0.02766297;0.9912212491035461;10;3;128;128
126;0;0.0001;concept3;0.10019605;None;0.07851172;0.8998039364814758;10;3;128;128
126;1;0.0001;concept1;0.051918987;None;0.067320116;0.9480810165405273;10;3;128;128
126;2;0.0001;concept2;0.008761985;None;0.02763288;0.991237998008728;10;3;128;128
127;0;0.0001;concept3;0.10008643;None;0.07851701;0.8999135494232178;10;3;128;128
127;1;0.0001;concept1;0.05177363;None;0.0672043;0.9482263922691345;10;3;128;128
127;2;0.0001;concept2;0.008734038;None;0.027578076;0.9912659525871277;10;3;128;128
128;0;0.0001;concept3;0.10014793;None;0.078535765;0.8998520374298096;10;3;128;128
128;1;0.0001;concept1;0.051698375;None;0.06714858;0.9483016133308411;10;3;128;128
128;2;0.0001;concept2;0.008722395;None;0.027555069;0.9912776350975037;10;3;128;128
129;0;0.0001;concept3;0.099975206;None;0.07851433;0.9000247716903687;10;3;128;128
129;1;0.0001;concept1;0.051602658;None;0.067057885;0.9483973383903503;10;3;128;128
129;2;0.0001;concept2;0.0086945295;None;0.027501397;0.9913054704666138;10;3;128;128
130;0;0.0001;concept3;0.099854566;None;0.07850198;0.900145411491394;10;3;128;128
130;1;0.0001;concept1;0.051559843;None;0.06700765;0.9484401345252991;10;3;128;128
130;2;0.0001;concept2;0.008682079;None;0.027477581;0.9913179278373718;10;3;128;128
131;0;0.0001;concept3;0.099700786;None;0.078474164;0.9002991914749146;10;3;128;128
131;1;0.0001;concept1;0.051439207;None;0.06691422;0.9485607743263245;10;3;128;128
131;2;0.0001;concept2;0.008651907;None;0.027420597;0.9913480877876282;10;3;128;128
132;0;0.0001;concept3;0.09966371;None;0.078504965;0.9003362655639648;10;3;128;128
132;1;0.0001;concept1;0.05136349;None;0.06686534;0.948636531829834;10;3;128;128
132;2;0.0001;concept2;0.008639454;None;0.027396787;0.9913605451583862;10;3;128;128
133;0;0.0001;concept3;0.09962276;None;0.07847418;0.9003772139549255;10;3;128;128
133;1;0.0001;concept1;0.05125733;None;0.06677548;0.948742687702179;10;3;128;128
133;2;0.0001;concept2;0.008608812;None;0.027340874;0.9913911819458008;10;3;128;128
134;0;0.0001;concept3;0.09954755;None;0.078463934;0.9004524350166321;10;3;128;128
134;1;0.0001;concept1;0.05119476;None;0.06671846;0.9488052129745483;10;3;128;128
134;2;0.0001;concept2;0.00859746;None;0.027318817;0.9914025664329529;10;3;128;128
135;0;0.0001;concept3;0.09938204;None;0.078450985;0.9006179571151733;10;3;128;128
135;1;0.0001;concept1;0.051121976;None;0.06664746;0.9488780498504639;10;3;128;128
135;2;0.0001;concept2;0.008570543;None;0.027267791;0.9914294481277466;10;3;128;128
136;0;0.0001;concept3;0.09936933;None;0.07844271;0.9006306529045105;10;3;128;128
136;1;0.0001;concept1;0.051074184;None;0.06661103;0.948925793170929;10;3;128;128
136;2;0.0001;concept2;0.0085587;None;0.027245682;0.9914413094520569;10;3;128;128
137;0;0.0001;concept3;0.09921746;None;0.07842094;0.9007825255393982;10;3;128;128
137;1;0.0001;concept1;0.05095741;None;0.066498995;0.949042558670044;10;3;128;128
137;2;0.0001;concept2;0.008532787;None;0.027196478;0.9914672374725342;10;3;128;128
138;0;0.0001;concept3;0.099176526;None;0.07841337;0.9008234739303589;10;3;128;128
138;1;0.0001;concept1;0.050885405;None;0.066436954;0.9491146206855774;10;3;128;128
138;2;0.0001;concept2;0.008520121;None;0.027173167;0.9914798736572266;10;3;128;128
139;0;0.0001;concept3;0.09905882;None;0.0784331;0.9009411931037903;10;3;128;128
139;1;0.0001;concept1;0.05078079;None;0.06635923;0.9492192268371582;10;3;128;128
139;2;0.0001;concept2;0.008499771;None;0.027132245;0.9915002584457397;10;3;128;128
140;0;0.0001;concept3;0.099033184;None;0.07843854;0.9009668231010437;10;3;128;128
140;1;0.0001;concept1;0.05074994;None;0.066330686;0.9492500424385071;10;3;128;128
140;2;0.0001;concept2;0.008489141;None;0.027111484;0.9915108680725098;10;3;128;128
141;0;0.0001;concept3;0.098983906;None;0.07843191;0.901016116142273;10;3;128;128
141;1;0.0001;concept1;0.05067453;None;0.06624907;0.949325442314148;10;3;128;128
141;2;0.0001;concept2;0.008460521;None;0.027058514;0.991539478302002;10;3;128;128
142;0;0.0001;concept3;0.09891961;None;0.07842429;0.9010803699493408;10;3;128;128
142;1;0.0001;concept1;0.050599553;None;0.06618508;0.9494004249572754;10;3;128;128
142;2;0.0001;concept2;0.0084462855;None;0.027032515;0.9915537238121033;10;3;128;128
143;0;0.0001;concept3;0.098678745;None;0.07841376;0.9013212323188782;10;3;128;128
143;1;0.0001;concept1;0.05045283;None;0.066079706;0.9495471715927124;10;3;128;128
143;2;0.0001;concept2;0.008425652;None;0.026990512;0.9915743470191956;10;3;128;128
144;0;0.0001;concept3;0.09862607;None;0.078385204;0.9013739228248596;10;3;128;128
144;1;0.0001;concept1;0.05040015;None;0.066044725;0.9495998620986938;10;3;128;128
144;2;0.0001;concept2;0.008414974;None;0.02697035;0.9915850162506104;10;3;128;128
145;0;0.0001;concept3;0.09859229;None;0.078383006;0.9014077186584473;10;3;128;128
145;1;0.0001;concept1;0.050327197;None;0.06597028;0.9496728181838989;10;3;128;128
145;2;0.0001;concept2;0.008389989;None;0.026923629;0.9916099905967712;10;3;128;128
146;0;0.0001;concept3;0.09855284;None;0.078378595;0.9014471769332886;10;3;128;128
146;1;0.0001;concept1;0.050279103;None;0.0659346;0.9497209191322327;10;3;128;128
146;2;0.0001;concept2;0.0083785895;None;0.026903212;0.9916214346885681;10;3;128;128
147;0;0.0001;concept3;0.09836202;None;0.078356765;0.9016379714012146;10;3;128;128
147;1;0.0001;concept1;0.050209794;None;0.06586022;0.9497901797294617;10;3;128;128
147;2;0.0001;concept2;0.008351899;None;0.026854843;0.9916480779647827;10;3;128;128
148;0;0.0001;concept3;0.09815149;None;0.078353226;0.9018484950065613;10;3;128;128
148;1;0.0001;concept1;0.05016175;None;0.06581559;0.9498382210731506;10;3;128;128
148;2;0.0001;concept2;0.008347491;None;0.026844596;0.9916524887084961;10;3;128;128
149;0;0.0001;concept3;0.098158695;None;0.07829549;0.9018412828445435;10;3;128;128
149;1;0.0001;concept1;0.050070103;None;0.06572616;0.9499298930168152;10;3;128;128
149;2;0.0001;concept2;0.008327182;None;0.026805263;0.9916728138923645;10;3;128;128
150;0;0.0001;concept1;0.050022278;None;0.06568877;0.949977695941925;10;3;128;128
150;1;0.0001;concept2;0.008313089;None;0.026780577;0.9916869401931763;10;3;128;128
150;2;0.0001;concept3;0.098089285;None;0.07829478;0.9019107222557068;10;3;128;128
151;0;0.0001;concept1;0.049967665;None;0.06564033;0.9500323534011841;10;3;128;128
151;1;0.0001;concept2;0.008297048;None;0.026747834;0.9917029738426208;10;3;128;128
151;2;0.0001;concept3;0.0979466;None;0.078281805;0.9020534157752991;10;3;128;128
152;0;0.0001;concept1;0.049916245;None;0.065589614;0.9500837326049805;10;3;128;128
152;1;0.0001;concept2;0.00829478;None;0.02674102;0.9917052388191223;10;3;128;128
152;2;0.0001;concept3;0.09790991;None;0.0782794;0.9020900726318359;10;3;128;128
153;0;0.0001;concept1;0.04983735;None;0.065523095;0.9501626491546631;10;3;128;128
153;1;0.0001;concept2;0.008269506;None;0.02669616;0.9917305111885071;10;3;128;128
153;2;0.0001;concept3;0.09780607;None;0.07826867;0.9021939039230347;10;3;128;128
154;0;0.0001;concept1;0.049799155;None;0.06549388;0.9502008557319641;10;3;128;128
154;1;0.0001;concept2;0.008259415;None;0.02667774;0.9917405843734741;10;3;128;128
154;2;0.0001;concept3;0.09776122;None;0.07826291;0.9022387862205505;10;3;128;128
155;0;0.0001;concept1;0.049696997;None;0.06539849;0.9503030180931091;10;3;128;128
155;1;0.0001;concept2;0.008235585;None;0.026633482;0.9917644262313843;10;3;128;128
155;2;0.0001;concept3;0.09772154;None;0.07827773;0.902278482913971;10;3;128;128
156;0;0.0001;concept1;0.049647797;None;0.065354496;0.9503521919250488;10;3;128;128
156;1;0.0001;concept2;0.008228907;None;0.026619734;0.9917711019515991;10;3;128;128
156;2;0.0001;concept3;0.097704664;None;0.078285865;0.9022953510284424;10;3;128;128
157;0;0.0001;concept1;0.049569976;None;0.06529221;0.9504300355911255;10;3;128;128
157;1;0.0001;concept2;0.0082109;None;0.026585367;0.9917891025543213;10;3;128;128
157;2;0.0001;concept3;0.097590886;None;0.078271694;0.9024091362953186;10;3;128;128
158;0;0.0001;concept1;0.04951841;None;0.065237544;0.9504815936088562;10;3;128;128
158;1;0.0001;concept2;0.008202958;None;0.026570365;0.9917970299720764;10;3;128;128
158;2;0.0001;concept3;0.09754134;None;0.07826547;0.902458667755127;10;3;128;128
159;0;0.0001;concept1;0.04941131;None;0.06514733;0.9505887031555176;10;3;128;128
159;1;0.0001;concept2;0.008192322;None;0.026545763;0.9918076992034912;10;3;128;128
159;2;0.0001;concept3;0.09759176;None;0.0782677;0.902408242225647;10;3;128;128
160;0;0.0001;concept1;0.049379062;None;0.06511074;0.9506209492683411;10;3;128;128
160;1;0.0001;concept2;0.008183926;None;0.026530456;0.9918160438537598;10;3;128;128
160;2;0.0001;concept3;0.09756368;None;0.07826513;0.9024363160133362;10;3;128;128
161;0;0.0001;concept1;0.049303822;None;0.06503782;0.9506961703300476;10;3;128;128
161;1;0.0001;concept2;0.008165282;None;0.026495678;0.9918347001075745;10;3;128;128
161;2;0.0001;concept3;0.097473584;None;0.07825338;0.9025264382362366;10;3;128;128
162;0;0.0001;concept1;0.049262997;None;0.06499836;0.9507369995117188;10;3;128;128
162;1;0.0001;concept2;0.00815801;None;0.026482157;0.9918419718742371;10;3;128;128
162;2;0.0001;concept3;0.097447924;None;0.07825515;0.90255206823349;10;3;128;128
163;0;0.0001;concept1;0.049175672;None;0.06491664;0.9508243203163147;10;3;128;128
163;1;0.0001;concept2;0.008140243;None;0.026448345;0.9918597340583801;10;3;128;128
163;2;0.0001;concept3;0.09724806;None;0.07822795;0.9027519226074219;10;3;128;128
164;0;0.0001;concept1;0.049183283;None;0.06491688;0.9508166909217834;10;3;128;128
164;1;0.0001;concept2;0.008135066;None;0.026438458;0.9918649196624756;10;3;128;128
164;2;0.0001;concept3;0.09717624;None;0.07821737;0.9028237462043762;10;3;128;128
165;0;0.0001;concept1;0.04909931;None;0.06483386;0.950900673866272;10;3;128;128
165;1;0.0001;concept2;0.00811792;None;0.02640689;0.9918820858001709;10;3;128;128
165;2;0.0001;concept3;0.0970435;None;0.07820431;0.902956485748291;10;3;128;128
166;0;0.0001;concept1;0.049067184;None;0.06481048;0.9509328007698059;10;3;128;128
166;1;0.0001;concept2;0.00811105;None;0.026394773;0.9918889403343201;10;3;128;128
166;2;0.0001;concept3;0.09699753;None;0.078199506;0.9030025005340576;10;3;128;128
167;0;0.0001;concept1;0.04900942;None;0.06474688;0.9509905576705933;10;3;128;128
167;1;0.0001;concept2;0.008097111;None;0.026368773;0.9919028878211975;10;3;128;128
167;2;0.0001;concept3;0.096814595;None;0.07810497;0.9031854271888733;10;3;128;128
168;0;0.0001;concept1;0.049000837;None;0.064742655;0.9509991407394409;10;3;128;128
168;1;0.0001;concept2;0.008088238;None;0.026353592;0.991911768913269;10;3;128;128
168;2;0.0001;concept3;0.09680236;None;0.07810379;0.9031976461410522;10;3;128;128
169;0;0.0001;concept1;0.048880853;None;0.064649165;0.9511191248893738;10;3;128;128
169;1;0.0001;concept2;0.008075765;None;0.026329676;0.9919242262840271;10;3;128;128
169;2;0.0001;concept3;0.09665592;None;0.078093655;0.9033440947532654;10;3;128;128
170;0;0.0001;concept1;0.048864733;None;0.064626254;0.9511352777481079;10;3;128;128
170;1;0.0001;concept2;0.008068807;None;0.026317595;0.9919312000274658;10;3;128;128
170;2;0.0001;concept3;0.09663341;None;0.07809604;0.9033665657043457;10;3;128;128
171;0;0.0001;concept1;0.04878593;None;0.064548425;0.951214075088501;10;3;128;128
171;1;0.0001;concept2;0.00805561;None;0.026293805;0.9919443726539612;10;3;128;128
171;2;0.0001;concept3;0.09656831;None;0.078096084;0.9034316539764404;10;3;128;128
172;0;0.0001;concept1;0.048736736;None;0.06451537;0.9512632489204407;10;3;128;128
172;1;0.0001;concept2;0.008044895;None;0.026276395;0.9919551014900208;10;3;128;128
172;2;0.0001;concept3;0.09654409;None;0.07809842;0.903455913066864;10;3;128;128
173;0;0.0001;concept1;0.048688024;None;0.06446806;0.9513120055198669;10;3;128;128
173;1;0.0001;concept2;0.008030042;None;0.026249735;0.9919699430465698;10;3;128;128
173;2;0.0001;concept3;0.09653175;None;0.07810481;0.9034682512283325;10;3;128;128
174;0;0.0001;concept1;0.048653655;None;0.06443021;0.9513463377952576;10;3;128;128
174;1;0.0001;concept2;0.008021831;None;0.026235495;0.9919781684875488;10;3;128;128
174;2;0.0001;concept3;0.09644551;None;0.078096114;0.9035544991493225;10;3;128;128
175;0;0.0001;concept1;0.04856457;None;0.06435177;0.9514354467391968;10;3;128;128
175;1;0.0001;concept2;0.008006571;None;0.026209228;0.9919934272766113;10;3;128;128
175;2;0.0001;concept3;0.09649472;None;0.078163914;0.903505265712738;10;3;128;128
176;0;0.0001;concept1;0.048543055;None;0.06433085;0.9514569640159607;10;3;128;128
176;1;0.0001;concept2;0.007999867;None;0.026197921;0.992000162601471;10;3;128;128
176;2;0.0001;concept3;0.09643387;None;0.078155935;0.9035661220550537;10;3;128;128
177;0;0.0001;concept1;0.048468128;None;0.064260304;0.9515318870544434;10;3;128;128
177;1;0.0001;concept2;0.007983712;None;0.026169783;0.9920163154602051;10;3;128;128
177;2;0.0001;concept3;0.0963338;None;0.07814923;0.9036661982536316;10;3;128;128
178;0;0.0001;concept1;0.048411142;None;0.06420867;0.9515888690948486;10;3;128;128
178;1;0.0001;concept2;0.007975717;None;0.026156351;0.992024302482605;10;3;128;128
178;2;0.0001;concept3;0.09630986;None;0.07814923;0.9036901593208313;10;3;128;128
179;0;0.0001;concept1;0.048363823;None;0.064153396;0.9516361951828003;10;3;128;128
179;1;0.0001;concept2;0.007961489;None;0.026131362;0.9920384883880615;10;3;128;128
179;2;0.0001;concept3;0.09624402;None;0.07814827;0.9037559628486633;10;3;128;128
180;0;0.0001;concept1;0.048297297;None;0.064114556;0.9517027139663696;10;3;128;128
180;1;0.0001;concept2;0.007956482;None;0.026121957;0.9920434951782227;10;3;128;128
180;2;0.0001;concept3;0.096281424;None;0.078167185;0.9037185907363892;10;3;128;128
181;0;0.0001;concept1;0.048260756;None;0.06407147;0.9517392516136169;10;3;128;128
181;1;0.0001;concept2;0.007941888;None;0.026096182;0.9920580983161926;10;3;128;128
181;2;0.0001;concept3;0.096128084;None;0.078156784;0.9038718938827515;10;3;128;128
182;0;0.0001;concept1;0.048243072;None;0.064062014;0.9517569541931152;10;3;128;128
182;1;0.0001;concept2;0.007935949;None;0.026085747;0.9920640587806702;10;3;128;128
182;2;0.0001;concept3;0.09608691;None;0.078153305;0.9039130806922913;10;3;128;128
183;0;0.0001;concept1;0.048183974;None;0.063992724;0.9518160223960876;10;3;128;128
183;1;0.0001;concept2;0.007925789;None;0.026066827;0.992074191570282;10;3;128;128
183;2;0.0001;concept3;0.09602211;None;0.07814948;0.9039778709411621;10;3;128;128
184;0;0.0001;concept1;0.04815278;None;0.06396414;0.9518471956253052;10;3;128;128
184;1;0.0001;concept2;0.007918284;None;0.026054434;0.9920817017555237;10;3;128;128
184;2;0.0001;concept3;0.09598947;None;0.078149796;0.904010534286499;10;3;128;128
185;0;0.0001;concept1;0.04810467;None;0.063916996;0.9518953561782837;10;3;128;128
185;1;0.0001;concept2;0.007901124;None;0.026026024;0.992098867893219;10;3;128;128
185;2;0.0001;concept3;0.0959289;None;0.078132704;0.9040710926055908;10;3;128;128
186;0;0.0001;concept1;0.048057575;None;0.06388286;0.9519424438476562;10;3;128;128
186;1;0.0001;concept2;0.007898255;None;0.02602041;0.9921017289161682;10;3;128;128
186;2;0.0001;concept3;0.0958882;None;0.07812437;0.9041118025779724;10;3;128;128
187;0;0.0001;concept1;0.048023034;None;0.063832685;0.9519769549369812;10;3;128;128
187;1;0.0001;concept2;0.007886361;None;0.025999842;0.9921136498451233;10;3;128;128
187;2;0.0001;concept3;0.095793396;None;0.07812597;0.9042066335678101;10;3;128;128
188;0;0.0001;concept1;0.04795102;None;0.06378567;0.9520489573478699;10;3;128;128
188;1;0.0001;concept2;0.007879953;None;0.02598883;0.9921200275421143;10;3;128;128
188;2;0.0001;concept3;0.09578222;None;0.07811505;0.9042177796363831;10;3;128;128
189;0;0.0001;concept1;0.04790638;None;0.063736886;0.9520936012268066;10;3;128;128
189;1;0.0001;concept2;0.007866801;None;0.025966588;0.9921332001686096;10;3;128;128
189;2;0.0001;concept3;0.09572314;None;0.07811557;0.9042768478393555;10;3;128;128
190;0;0.0001;concept1;0.047900826;None;0.06372564;0.9520992040634155;10;3;128;128
190;1;0.0001;concept2;0.007862556;None;0.025958803;0.9921374320983887;10;3;128;128
190;2;0.0001;concept3;0.095695175;None;0.07811573;0.9043048024177551;10;3;128;128
191;0;0.0001;concept1;0.047846504;None;0.06367359;0.9521535038948059;10;3;128;128
191;1;0.0001;concept2;0.00785195;None;0.02594049;0.9921480417251587;10;3;128;128
191;2;0.0001;concept3;0.09552534;None;0.07812889;0.904474675655365;10;3;128;128
192;0;0.0001;concept1;0.04780609;None;0.063635446;0.9521939158439636;10;3;128;128
192;1;0.0001;concept2;0.007847365;None;0.025932366;0.9921526312828064;10;3;128;128
192;2;0.0001;concept3;0.09554578;None;0.07813685;0.904454231262207;10;3;128;128
193;0;0.0001;concept1;0.047743265;None;0.063573875;0.9522567391395569;10;3;128;128
193;1;0.0001;concept2;0.00783586;None;0.025913319;0.992164134979248;10;3;128;128
193;2;0.0001;concept3;0.0954444;None;0.07812705;0.90455561876297;10;3;128;128
194;0;0.0001;concept1;0.047718056;None;0.06354914;0.9522819519042969;10;3;128;128
194;1;0.0001;concept2;0.0078292405;None;0.02590261;0.9921707510948181;10;3;128;128
194;2;0.0001;concept3;0.09544145;None;0.07813174;0.904558539390564;10;3;128;128
195;0;0.0001;concept1;0.04765479;None;0.0634919;0.9523451924324036;10;3;128;128
195;1;0.0001;concept2;0.007814857;None;0.025879553;0.992185115814209;10;3;128;128
195;2;0.0001;concept3;0.09535347;None;0.07813847;0.9046465158462524;10;3;128;128
196;0;0.0001;concept1;0.047633532;None;0.06347097;0.9523664712905884;10;3;128;128
196;1;0.0001;concept2;0.0078108395;None;0.025872555;0.9921891689300537;10;3;128;128
196;2;0.0001;concept3;0.095340885;None;0.07813841;0.9046590924263;10;3;128;128
197;0;0.0001;concept1;0.047556143;None;0.06340898;0.9524438381195068;10;3;128;128
197;1;0.0001;concept2;0.007799103;None;0.025853366;0.9922009110450745;10;3;128;128
197;2;0.0001;concept3;0.09527878;None;0.07813897;0.904721200466156;10;3;128;128
198;0;0.0001;concept1;0.04754655;None;0.06338514;0.9524534344673157;10;3;128;128
198;1;0.0001;concept2;0.007795311;None;0.025846755;0.9922046661376953;10;3;128;128
198;2;0.0001;concept3;0.095217116;None;0.078137964;0.9047828912734985;10;3;128;128
199;0;0.0001;concept1;0.04744603;None;0.063301355;0.9525539875030518;10;3;128;128
199;1;0.0001;concept2;0.007782505;None;0.025825541;0.992217481136322;10;3;128;128
199;2;0.0001;concept3;0.09524793;None;0.07816272;0.9047520756721497;10;3;128;128
