0;0;0.0001;concept1;0.30665502;None;0.19996044;0.6933449506759644;10;3;128;128
0;1;0.0001;concept2;0.6225769;None;0.29403698;0.3774230480194092;10;3;128;128
0;2;0.0001;concept3;0.8166389;None;0.328611;0.18336111307144165;10;3;128;128
1;0;0.0001;concept1;0.43559912;None;0.23625067;0.5644009113311768;10;3;128;128
1;1;0.0001;concept2;0.861446;None;0.34217477;0.13855397701263428;10;3;128;128
1;2;0.0001;concept3;0.9101886;None;0.34917665;0.08981138467788696;10;3;128;128
2;0;0.0001;concept1;0.23696393;None;0.17423993;0.7630360722541809;10;3;128;128
2;1;0.0001;concept2;0.42312634;None;0.23715997;0.5768736600875854;10;3;128;128
2;2;0.0001;concept3;0.5264901;None;0.2594456;0.47350990772247314;10;3;128;128
3;0;0.0001;concept1;0.14291659;None;0.13363872;0.8570834398269653;10;3;128;128
3;1;0.0001;concept2;0.12504588;None;0.12312134;0.874954104423523;10;3;128;128
3;2;0.0001;concept3;0.2763413;None;0.16969915;0.7236586809158325;10;3;128;128
4;0;0.0001;concept1;0.1081679;None;0.11511179;0.8918321132659912;10;3;128;128
4;1;0.0001;concept2;0.042099833;None;0.06890944;0.9579001665115356;10;3;128;128
4;2;0.0001;concept3;0.18863556;None;0.13001764;0.8113644123077393;10;3;128;128
5;0;0.0001;concept1;0.09370167;None;0.10641898;0.9062983393669128;10;3;128;128
5;1;0.0001;concept2;0.031705312;None;0.059455868;0.9682946801185608;10;3;128;128
5;2;0.0001;concept3;0.15880069;None;0.11608835;0.8411992788314819;10;3;128;128
6;0;0.0001;concept1;0.08552305;None;0.10100513;0.9144769310951233;10;3;128;128
6;1;0.0001;concept2;0.02787483;None;0.055605482;0.9721251726150513;10;3;128;128
6;2;0.0001;concept3;0.14695032;None;0.108944684;0.8530496954917908;10;3;128;128
7;0;0.0001;concept1;0.07976654;None;0.09677857;0.9202334880828857;10;3;128;128
7;1;0.0001;concept2;0.024987133;None;0.05251368;0.9750128984451294;10;3;128;128
7;2;0.0001;concept3;0.13892245;None;0.10273588;0.8610775470733643;10;3;128;128
8;0;0.0001;concept1;0.07546488;None;0.09316164;0.9245350956916809;10;3;128;128
8;1;0.0001;concept2;0.022574758;None;0.049747948;0.977425217628479;10;3;128;128
8;2;0.0001;concept3;0.13350107;None;0.0971696;0.8664989471435547;10;3;128;128
9;0;0.0001;concept1;0.07200618;None;0.09004496;0.9279938340187073;10;3;128;128
9;1;0.0001;concept2;0.020473555;None;0.047154248;0.9795264601707458;10;3;128;128
9;2;0.0001;concept3;0.12915331;None;0.0922397;0.870846688747406;10;3;128;128
10;0;0.0001;concept1;0.06900881;None;0.087097906;0.9309911727905273;10;3;128;128
10;1;0.0001;concept2;0.018660275;None;0.044731464;0.9813397526741028;10;3;128;128
10;2;0.0001;concept3;0.12620942;None;0.08856154;0.8737905621528625;10;3;128;128
11;0;0.0001;concept1;0.06631945;None;0.08430774;0.933680534362793;10;3;128;128
11;1;0.0001;concept2;0.016984034;None;0.04232314;0.9830159544944763;10;3;128;128
11;2;0.0001;concept3;0.123681;None;0.08581058;0.8763189911842346;10;3;128;128
12;0;0.0001;concept1;0.063798316;None;0.08158854;0.9362016916275024;10;3;128;128
12;1;0.0001;concept2;0.015472293;None;0.040005784;0.9845277070999146;10;3;128;128
12;2;0.0001;concept3;0.12017537;None;0.08352751;0.8798246383666992;10;3;128;128
13;0;0.0001;concept1;0.061682776;None;0.0790357;0.9383172392845154;10;3;128;128
13;1;0.0001;concept2;0.014104019;None;0.03781512;0.9858959913253784;10;3;128;128
13;2;0.0001;concept3;0.117413454;None;0.081967086;0.8825865387916565;10;3;128;128
14;0;0.0001;concept1;0.059646215;None;0.076525964;0.9403537511825562;10;3;128;128
14;1;0.0001;concept2;0.012932244;None;0.03590582;0.9870677590370178;10;3;128;128
14;2;0.0001;concept3;0.11361568;None;0.080581635;0.8863843083381653;10;3;128;128
15;0;0.0001;concept1;0.057756644;None;0.074150495;0.9422433376312256;10;3;128;128
15;1;0.0001;concept2;0.01195311;None;0.03422933;0.9880468845367432;10;3;128;128
15;2;0.0001;concept3;0.11137952;None;0.07968627;0.8886204957962036;10;3;128;128
16;0;0.0001;concept1;0.055887446;None;0.071858674;0.9441125392913818;10;3;128;128
16;1;0.0001;concept2;0.011166436;None;0.032916978;0.9888335466384888;10;3;128;128
16;2;0.0001;concept3;0.10785329;None;0.07874918;0.8921467065811157;10;3;128;128
17;0;0.0001;concept1;0.05408285;None;0.069678;0.9459171295166016;10;3;128;128
17;1;0.0001;concept2;0.010549847;None;0.03188834;0.9894501566886902;10;3;128;128
17;2;0.0001;concept3;0.105417125;None;0.0782431;0.8945828676223755;10;3;128;128
18;0;0.0001;concept1;0.05233591;None;0.06760977;0.9476640820503235;10;3;128;128
18;1;0.0001;concept2;0.01009102;None;0.031120054;0.9899089932441711;10;3;128;128
18;2;0.0001;concept3;0.10183951;None;0.07767396;0.898160457611084;10;3;128;128
19;0;0.0001;concept1;0.050555866;None;0.065628424;0.9494441151618958;10;3;128;128
19;1;0.0001;concept2;0.009785847;None;0.030599296;0.9902141690254211;10;3;128;128
19;2;0.0001;concept3;0.09862524;None;0.077101015;0.9013747572898865;10;3;128;128
20;0;0.0001;concept1;0.049118523;None;0.0638817;0.9508814811706543;10;3;128;128
20;1;0.0001;concept2;0.009608614;None;0.030332321;0.9903913736343384;10;3;128;128
20;2;0.0001;concept3;0.09611346;None;0.07684729;0.9038865566253662;10;3;128;128
21;0;0.0001;concept1;0.048006974;None;0.06241733;0.9519930481910706;10;3;128;128
21;1;0.0001;concept2;0.009540063;None;0.030295333;0.9904599189758301;10;3;128;128
21;2;0.0001;concept3;0.09386538;None;0.0766455;0.9061346054077148;10;3;128;128
22;0;0.0001;concept1;0.047021117;None;0.061089836;0.9529789090156555;10;3;128;128
22;1;0.0001;concept2;0.009508619;None;0.030351738;0.9904913902282715;10;3;128;128
22;2;0.0001;concept3;0.09218981;None;0.07660092;0.9078102111816406;10;3;128;128
23;0;0.0001;concept1;0.046069544;None;0.059895534;0.9539304375648499;10;3;128;128
23;1;0.0001;concept2;0.009562879;None;0.030558508;0.9904371500015259;10;3;128;128
23;2;0.0001;concept3;0.09093386;None;0.07654586;0.9090661406517029;10;3;128;128
24;0;0.0001;concept1;0.04529096;None;0.058892246;0.9547090530395508;10;3;128;128
24;1;0.0001;concept2;0.009603662;None;0.030752929;0.9903963208198547;10;3;128;128
24;2;0.0001;concept3;0.089804865;None;0.07682471;0.9101951122283936;10;3;128;128
25;0;0.0001;concept1;0.044764094;None;0.05810878;0.9552358984947205;10;3;128;128
25;1;0.0001;concept2;0.009682888;None;0.030994298;0.9903171062469482;10;3;128;128
25;2;0.0001;concept3;0.08884274;None;0.07692918;0.9111572504043579;10;3;128;128
26;0;0.0001;concept1;0.04403771;None;0.057269506;0.9559623003005981;10;3;128;128
26;1;0.0001;concept2;0.0097586;None;0.031228865;0.9902414083480835;10;3;128;128
26;2;0.0001;concept3;0.088201165;None;0.077583514;0.9117988348007202;10;3;128;128
27;0;0.0001;concept1;0.043682568;None;0.056688603;0.9563174247741699;10;3;128;128
27;1;0.0001;concept2;0.009844589;None;0.031477965;0.9901553988456726;10;3;128;128
27;2;0.0001;concept3;0.08776724;None;0.07826158;0.9122327566146851;10;3;128;128
28;0;0.0001;concept1;0.043076966;None;0.055990018;0.9569230079650879;10;3;128;128
28;1;0.0001;concept2;0.0099353865;None;0.031720296;0.9900646209716797;10;3;128;128
28;2;0.0001;concept3;0.08749993;None;0.078763545;0.9125000834465027;10;3;128;128
29;0;0.0001;concept1;0.04265892;None;0.055440307;0.9573410749435425;10;3;128;128
29;1;0.0001;concept2;0.010007179;None;0.031930283;0.9899927973747253;10;3;128;128
29;2;0.0001;concept3;0.0871618;None;0.07894879;0.9128382205963135;10;3;128;128
30;0;0.0001;concept1;0.04221792;None;0.054940123;0.9577820897102356;10;3;128;128
30;1;0.0001;concept2;0.010068214;None;0.032119766;0.9899317622184753;10;3;128;128
30;2;0.0001;concept3;0.08732426;None;0.07949777;0.9126757383346558;10;3;128;128
31;0;0.0001;concept1;0.041841354;None;0.0544916;0.9581586718559265;10;3;128;128
31;1;0.0001;concept2;0.010126235;None;0.03229404;0.9898737668991089;10;3;128;128
31;2;0.0001;concept3;0.08713993;None;0.07960595;0.912860095500946;10;3;128;128
32;0;0.0001;concept1;0.04132775;None;0.054016385;0.9586722254753113;10;3;128;128
32;1;0.0001;concept2;0.010143929;None;0.032397002;0.9898560643196106;10;3;128;128
32;2;0.0001;concept3;0.087343305;None;0.08046977;0.9126566648483276;10;3;128;128
33;0;0.0001;concept1;0.04112913;None;0.053703442;0.9588708877563477;10;3;128;128
33;1;0.0001;concept2;0.010184824;None;0.032519195;0.9898151755332947;10;3;128;128
33;2;0.0001;concept3;0.087928586;None;0.08174932;0.9120714068412781;10;3;128;128
34;0;0.0001;concept1;0.04075013;None;0.053321447;0.9592498540878296;10;3;128;128
34;1;0.0001;concept2;0.010209002;None;0.032623615;0.9897909760475159;10;3;128;128
34;2;0.0001;concept3;0.08833458;None;0.08250844;0.9116654396057129;10;3;128;128
35;0;0.0001;concept1;0.04022751;None;0.052899238;0.9597724676132202;10;3;128;128
35;1;0.0001;concept2;0.010205511;None;0.032689825;0.9897944927215576;10;3;128;128
35;2;0.0001;concept3;0.088735655;None;0.08334964;0.9112643599510193;10;3;128;128
36;0;0.0001;concept1;0.039698012;None;0.05245146;0.9603019952774048;10;3;128;128
36;1;0.0001;concept2;0.010204029;None;0.032734547;0.989795982837677;10;3;128;128
36;2;0.0001;concept3;0.09179162;None;0.08576667;0.9082083702087402;10;3;128;128
37;0;0.0001;concept1;0.039180283;None;0.05207061;0.9608197212219238;10;3;128;128
37;1;0.0001;concept2;0.010224664;None;0.032818433;0.9897753596305847;10;3;128;128
37;2;0.0001;concept3;0.09062668;None;0.08505126;0.9093733429908752;10;3;128;128
38;0;0.0001;concept1;0.038908307;None;0.05179886;0.9610916972160339;10;3;128;128
38;1;0.0001;concept2;0.010241147;None;0.032885604;0.9897588491439819;10;3;128;128
38;2;0.0001;concept3;0.09456758;None;0.08755459;0.905432403087616;10;3;128;128
39;0;0.0001;concept1;0.03826725;None;0.051342577;0.9617327451705933;10;3;128;128
39;1;0.0001;concept2;0.010224046;None;0.032901157;0.9897759556770325;10;3;128;128
39;2;0.0001;concept3;0.089591384;None;0.084043756;0.910408616065979;10;3;128;128
40;0;0.0001;concept1;0.037874866;None;0.051005382;0.9621251225471497;10;3;128;128
40;1;0.0001;concept2;0.010223173;None;0.03293704;0.9897768497467041;10;3;128;128
40;2;0.0001;concept3;0.117445745;None;0.096139185;0.8825542330741882;10;3;128;128
41;0;0.0001;concept1;0.037357017;None;0.050624866;0.9626429677009583;10;3;128;128
41;1;0.0001;concept2;0.010345952;None;0.0331285;0.9896540641784668;10;3;128;128
41;2;0.0001;concept3;0.087916754;None;0.08154085;0.9120832681655884;10;3;128;128
42;0;0.0001;concept1;0.036998257;None;0.050312508;0.9630017280578613;10;3;128;128
42;1;0.0001;concept2;0.010185813;None;0.032940384;0.9898141622543335;10;3;128;128
42;2;0.0001;concept3;0.12500323;None;0.09754117;0.8749967813491821;10;3;128;128
43;0;0.0001;concept1;0.036643937;None;0.050043028;0.963356077671051;10;3;128;128
43;1;0.0001;concept2;0.010261549;None;0.03305847;0.9897384643554688;10;3;128;128
43;2;0.0001;concept3;0.08954166;None;0.08189875;0.9104583263397217;10;3;128;128
44;0;0.0001;concept1;0.036246944;None;0.049691338;0.9637530446052551;10;3;128;128
44;1;0.0001;concept2;0.010147603;None;0.03293314;0.9898523688316345;10;3;128;128
44;2;0.0001;concept3;0.12830034;None;0.098075904;0.8716996908187866;10;3;128;128
45;0;0.0001;concept1;0.03595564;None;0.049514286;0.9640443325042725;10;3;128;128
45;1;0.0001;concept2;0.0101599395;None;0.032955386;0.989840030670166;10;3;128;128
45;2;0.0001;concept3;0.09150791;None;0.08272515;0.9084920883178711;10;3;128;128
46;0;0.0001;concept1;0.035638712;None;0.049238164;0.964361310005188;10;3;128;128
46;1;0.0001;concept2;0.01005056;None;0.032814216;0.9899494647979736;10;3;128;128
46;2;0.0001;concept3;0.09106338;None;0.081103906;0.908936619758606;10;3;128;128
47;0;0.0001;concept1;0.035090797;None;0.048789036;0.9649091958999634;10;3;128;128
47;1;0.0001;concept2;0.009998783;None;0.032734074;0.9900012016296387;10;3;128;128
47;2;0.0001;concept3;0.12864657;None;0.09719196;0.8713534474372864;10;3;128;128
48;0;0.0001;concept1;0.03478091;None;0.04865223;0.9652190804481506;10;3;128;128
48;1;0.0001;concept2;0.009952254;None;0.032686803;0.9900477528572083;10;3;128;128
48;2;0.0001;concept3;0.09492823;None;0.08402154;0.9050717949867249;10;3;128;128
49;0;0.0001;concept1;0.03439303;None;0.048304368;0.9656069874763489;10;3;128;128
49;1;0.0001;concept2;0.009903734;None;0.032629374;0.9900962710380554;10;3;128;128
49;2;0.0001;concept3;0.091941155;None;0.07925894;0.9080588221549988;10;3;128;128
50;1;0.0001;concept2;0.009740027;None;0.03240045;0.9902599453926086;10;3;128;128
50;2;0.0001;concept3;0.11020924;None;0.08156579;0.8897907733917236;10;3;128;128
50;0;0.0001;concept1;0.034117017;None;0.04808561;0.9658829569816589;10;3;128;128
51;1;0.0001;concept2;0.009587885;None;0.03219873;0.9904121160507202;10;3;128;128
51;2;0.0001;concept3;0.12453559;None;0.08476804;0.8754644393920898;10;3;128;128
51;0;0.0001;concept1;0.03359702;None;0.047728643;0.9664030075073242;10;3;128;128
52;1;0.0001;concept2;0.00948204;None;0.03206279;0.9905179738998413;10;3;128;128
52;2;0.0001;concept3;0.117825955;None;0.083345;0.882174015045166;10;3;128;128
52;0;0.0001;concept1;0.03323621;None;0.04740718;0.9667637944221497;10;3;128;128
53;1;0.0001;concept2;0.009440155;None;0.032015666;0.9905598163604736;10;3;128;128
53;2;0.0001;concept3;0.12683634;None;0.08528384;0.873163640499115;10;3;128;128
53;0;0.0001;concept1;0.032756444;None;0.047085397;0.9672435522079468;10;3;128;128
54;1;0.0001;concept2;0.009400173;None;0.03196325;0.9905998110771179;10;3;128;128
54;2;0.0001;concept3;0.1273372;None;0.08529925;0.8726627826690674;10;3;128;128
54;0;0.0001;concept1;0.032393057;None;0.046798777;0.9676069617271423;10;3;128;128
55;1;0.0001;concept2;0.00932881;None;0.031856716;0.9906712174415588;10;3;128;128
55;2;0.0001;concept3;0.1287177;None;0.08556312;0.8712822794914246;10;3;128;128
55;0;0.0001;concept1;0.032064714;None;0.046539035;0.9679352641105652;10;3;128;128
56;1;0.0001;concept2;0.009310221;None;0.031830736;0.990689754486084;10;3;128;128
56;2;0.0001;concept3;0.13136356;None;0.08608549;0.868636429309845;10;3;128;128
56;0;0.0001;concept1;0.03159207;None;0.04616999;0.968407928943634;10;3;128;128
57;1;0.0001;concept2;0.009205284;None;0.031672362;0.9907947182655334;10;3;128;128
57;2;0.0001;concept3;0.13220094;None;0.0861319;0.8677990436553955;10;3;128;128
57;0;0.0001;concept1;0.03118423;None;0.045894813;0.9688157439231873;10;3;128;128
58;1;0.0001;concept2;0.009201432;None;0.031669527;0.9907985925674438;10;3;128;128
58;2;0.0001;concept3;0.12720826;None;0.084962055;0.8727917671203613;10;3;128;128
58;0;0.0001;concept1;0.030844819;None;0.045674283;0.9691551923751831;10;3;128;128
59;1;0.0001;concept2;0.009136976;None;0.03156016;0.990863025188446;10;3;128;128
59;2;0.0001;concept3;0.1348683;None;0.08638205;0.8651317358016968;10;3;128;128
59;0;0.0001;concept1;0.030511187;None;0.045503665;0.969488799571991;10;3;128;128
60;1;0.0001;concept2;0.009086664;None;0.03148276;0.9909133315086365;10;3;128;128
60;2;0.0001;concept3;0.10046119;None;0.081272185;0.8995388150215149;10;3;128;128
60;0;0.0001;concept1;0.03021463;None;0.04524094;0.9697853922843933;10;3;128;128
61;1;0.0001;concept2;0.009149602;None;0.031567387;0.9908503890037537;10;3;128;128
61;2;0.0001;concept3;0.13476944;None;0.08633005;0.8652305603027344;10;3;128;128
61;0;0.0001;concept1;0.02997444;None;0.04509998;0.9700255393981934;10;3;128;128
62;1;0.0001;concept2;0.008999822;None;0.0313247;0.9910001754760742;10;3;128;128
62;2;0.0001;concept3;0.10137557;None;0.08056582;0.8986244201660156;10;3;128;128
62;0;0.0001;concept1;0.029548315;None;0.044887785;0.9704517126083374;10;3;128;128
63;1;0.0001;concept2;0.009057995;None;0.031403475;0.9909420013427734;10;3;128;128
63;2;0.0001;concept3;0.13961732;None;0.086994275;0.8603826761245728;10;3;128;128
63;0;0.0001;concept1;0.029352443;None;0.044776168;0.9706475734710693;10;3;128;128
64;1;0.0001;concept2;0.008888461;None;0.031130932;0.9911115169525146;10;3;128;128
64;2;0.0001;concept3;0.13212454;None;0.09765046;0.8678754568099976;10;3;128;128
64;0;0.0001;concept1;0.029096283;None;0.044536445;0.9709036946296692;10;3;128;128
65;1;0.0001;concept2;0.009103225;None;0.031448692;0.9908967614173889;10;3;128;128
65;2;0.0001;concept3;0.10173322;None;0.08165699;0.8982667922973633;10;3;128;128
65;0;0.0001;concept1;0.028951474;None;0.044462785;0.9710485339164734;10;3;128;128
66;1;0.0001;concept2;0.00887526;None;0.031067433;0.9911247491836548;10;3;128;128
66;2;0.0001;concept3;0.12147607;None;0.083101004;0.8785239458084106;10;3;128;128
66;0;0.0001;concept1;0.028778614;None;0.04432833;0.971221387386322;10;3;128;128
67;1;0.0001;concept2;0.008708229;None;0.030793887;0.9912917613983154;10;3;128;128
67;2;0.0001;concept3;0.122311585;None;0.093651906;0.8776884078979492;10;3;128;128
67;0;0.0001;concept1;0.028471699;None;0.044062503;0.9715282917022705;10;3;128;128
68;1;0.0001;concept2;0.008865074;None;0.031015914;0.9911349415779114;10;3;128;128
68;2;0.0001;concept3;0.102327354;None;0.08100338;0.8976726531982422;10;3;128;128
68;0;0.0001;concept1;0.028313482;None;0.043965146;0.9716865420341492;10;3;128;128
69;1;0.0001;concept2;0.0086598685;None;0.030670442;0.991340160369873;10;3;128;128
69;2;0.0001;concept3;0.13556229;None;0.08534586;0.8644376993179321;10;3;128;128
69;0;0.0001;concept1;0.028130908;None;0.04383159;0.9718691110610962;10;3;128;128
70;1;0.0001;concept2;0.008486002;None;0.030389741;0.9915140271186829;10;3;128;128
70;2;0.0001;concept3;0.10657505;None;0.08363505;0.893424928188324;10;3;128;128
70;0;0.0001;concept1;0.027838482;None;0.043606225;0.9721615314483643;10;3;128;128
71;1;0.0001;concept2;0.008652367;None;0.030643303;0.99134761095047;10;3;128;128
71;2;0.0001;concept3;0.1030536;None;0.08136428;0.8969464302062988;10;3;128;128
71;0;0.0001;concept1;0.027536301;None;0.04340769;0.9724637269973755;10;3;128;128
72;1;0.0001;concept2;0.00853072;None;0.030426875;0.9914692640304565;10;3;128;128
72;2;0.0001;concept3;0.103895456;None;0.07977049;0.8961045742034912;10;3;128;128
72;0;0.0001;concept1;0.027442597;None;0.043325238;0.9725574254989624;10;3;128;128
73;1;0.0001;concept2;0.008397286;None;0.030189136;0.9916027188301086;10;3;128;128
73;2;0.0001;concept3;0.14449221;None;0.09794399;0.8555077910423279;10;3;128;128
73;0;0.0001;concept1;0.027087433;None;0.04304764;0.9729125499725342;10;3;128;128
74;1;0.0001;concept2;0.0084809065;None;0.030306261;0.9915190935134888;10;3;128;128
74;2;0.0001;concept3;0.15112853;None;0.100681484;0.8488714694976807;10;3;128;128
74;0;0.0001;concept1;0.026842749;None;0.04294014;0.9731572270393372;10;3;128;128
75;1;0.0001;concept2;0.00840416;None;0.030146822;0.9915958642959595;10;3;128;128
75;2;0.0001;concept3;0.15062098;None;0.10026949;0.8493790030479431;10;3;128;128
75;0;0.0001;concept1;0.02675509;None;0.04286289;0.9732449054718018;10;3;128;128
76;1;0.0001;concept2;0.008325555;None;0.029992634;0.9916744232177734;10;3;128;128
76;2;0.0001;concept3;0.14958376;None;0.0997577;0.8504162430763245;10;3;128;128
76;0;0.0001;concept1;0.026633937;None;0.04273602;0.9733660817146301;10;3;128;128
77;1;0.0001;concept2;0.00822771;None;0.029803975;0.9917722940444946;10;3;128;128
77;2;0.0001;concept3;0.15146269;None;0.1008132;0.8485373258590698;10;3;128;128
77;0;0.0001;concept1;0.02653544;None;0.042662967;0.9734645485877991;10;3;128;128
78;1;0.0001;concept2;0.008170575;None;0.029678857;0.9918293952941895;10;3;128;128
78;2;0.0001;concept3;0.14824751;None;0.098954305;0.851752519607544;10;3;128;128
78;0;0.0001;concept1;0.02645007;None;0.042589735;0.9735499024391174;10;3;128;128
79;1;0.0001;concept2;0.008083892;None;0.029507937;0.9919161200523376;10;3;128;128
79;2;0.0001;concept3;0.1498723;None;0.09994868;0.8501276969909668;10;3;128;128
79;0;0.0001;concept1;0.026348071;None;0.042491708;0.9736519455909729;10;3;128;128
80;1;0.0001;concept2;0.008023725;None;0.02937649;0.991976261138916;10;3;128;128
80;2;0.0001;concept3;0.14107746;None;0.09590653;0.85892254114151;10;3;128;128
80;0;0.0001;concept1;0.026258457;None;0.04241175;0.9737415313720703;10;3;128;128
81;1;0.0001;concept2;0.007957523;None;0.029238215;0.9920424818992615;10;3;128;128
81;2;0.0001;concept3;0.14397396;None;0.096989565;0.8560260534286499;10;3;128;128
81;0;0.0001;concept1;0.026068764;None;0.04224795;0.9739312529563904;10;3;128;128
82;1;0.0001;concept2;0.007886617;None;0.029089771;0.9921134114265442;10;3;128;128
82;2;0.0001;concept3;0.14447509;None;0.09721372;0.8555248975753784;10;3;128;128
82;0;0.0001;concept1;0.02594918;None;0.042149153;0.9740508198738098;10;3;128;128
83;1;0.0001;concept2;0.007820601;None;0.028941752;0.9921793937683105;10;3;128;128
83;2;0.0001;concept3;0.1355347;None;0.093506314;0.8644652962684631;10;3;128;128
83;0;0.0001;concept1;0.025867183;None;0.04208366;0.9741328358650208;10;3;128;128
84;1;0.0001;concept2;0.007733474;None;0.02875688;0.9922665357589722;10;3;128;128
84;2;0.0001;concept3;0.11303585;None;0.084208496;0.8869641423225403;10;3;128;128
84;0;0.0001;concept1;0.025704995;None;0.041939322;0.9742950201034546;10;3;128;128
85;1;0.0001;concept2;0.007637278;None;0.028575636;0.9923627376556396;10;3;128;128
85;2;0.0001;concept3;0.1036395;None;0.078877;0.8963605165481567;10;3;128;128
85;0;0.0001;concept1;0.02555944;None;0.041814033;0.9744405746459961;10;3;128;128
86;1;0.0001;concept2;0.007556876;None;0.028421428;0.9924431443214417;10;3;128;128
86;2;0.0001;concept3;0.11879513;None;0.0890874;0.8812048435211182;10;3;128;128
86;0;0.0001;concept1;0.025394693;None;0.041663207;0.9746053218841553;10;3;128;128
87;1;0.0001;concept2;0.0075583244;None;0.02839696;0.9924416542053223;10;3;128;128
87;2;0.0001;concept3;0.11437474;None;0.07906284;0.8856252431869507;10;3;128;128
87;0;0.0001;concept1;0.02533717;None;0.04163091;0.9746628403663635;10;3;128;128
88;1;0.0001;concept2;0.007431338;None;0.028162984;0.9925686717033386;10;3;128;128
88;2;0.0001;concept3;0.11161919;None;0.08560801;0.8883808255195618;10;3;128;128
88;0;0.0001;concept1;0.025234174;None;0.041527417;0.9747658371925354;10;3;128;128
89;1;0.0001;concept2;0.007452835;None;0.028176038;0.9925471544265747;10;3;128;128
89;2;0.0001;concept3;0.12003417;None;0.07974845;0.8799658417701721;10;3;128;128
89;0;0.0001;concept1;0.025285661;None;0.04154818;0.9747143387794495;10;3;128;128
90;1;0.0001;concept2;0.0073536653;None;0.027980953;0.992646336555481;10;3;128;128
90;2;0.0001;concept3;0.11313224;None;0.08612202;0.8868677616119385;10;3;128;128
90;0;0.0001;concept1;0.025105733;None;0.041387424;0.9748942852020264;10;3;128;128
91;1;0.0001;concept2;0.007394896;None;0.028030466;0.9926050901412964;10;3;128;128
91;2;0.0001;concept3;0.11505829;None;0.07901821;0.8849416971206665;10;3;128;128
91;0;0.0001;concept1;0.025093416;None;0.04134749;0.9749065637588501;10;3;128;128
92;1;0.0001;concept2;0.007305831;None;0.027843773;0.9926941394805908;10;3;128;128
92;2;0.0001;concept3;0.11488102;None;0.086861745;0.8851189613342285;10;3;128;128
92;0;0.0001;concept1;0.025021182;None;0.041272145;0.9749788045883179;10;3;128;128
93;1;0.0001;concept2;0.0073344316;None;0.027874006;0.9926655888557434;10;3;128;128
93;2;0.0001;concept3;0.12503761;None;0.08044029;0.8749623894691467;10;3;128;128
93;0;0.0001;concept1;0.02501469;None;0.041253682;0.9749853014945984;10;3;128;128
94;1;0.0001;concept2;0.007240994;None;0.027673814;0.9927589893341064;10;3;128;128
94;2;0.0001;concept3;0.1156517;None;0.08694896;0.8843482732772827;10;3;128;128
94;0;0.0001;concept1;0.024881002;None;0.041137617;0.9751189947128296;10;3;128;128
95;1;0.0001;concept2;0.00727491;None;0.02771844;0.9927250742912292;10;3;128;128
95;2;0.0001;concept3;0.11983922;None;0.0794654;0.8801608085632324;10;3;128;128
95;0;0.0001;concept1;0.024883818;None;0.04110094;0.9751161932945251;10;3;128;128
96;1;0.0001;concept2;0.007169148;None;0.02750557;0.9928308725357056;10;3;128;128
96;2;0.0001;concept3;0.11831914;None;0.08806073;0.8816808462142944;10;3;128;128
96;0;0.0001;concept1;0.024766581;None;0.040998876;0.9752334356307983;10;3;128;128
97;1;0.0001;concept2;0.0072049755;None;0.027547082;0.9927950501441956;10;3;128;128
97;2;0.0001;concept3;0.12851097;None;0.08086545;0.8714890480041504;10;3;128;128
97;0;0.0001;concept1;0.024790697;None;0.04098624;0.9752092957496643;10;3;128;128
98;1;0.0001;concept2;0.007084342;None;0.027298683;0.9929156303405762;10;3;128;128
98;2;0.0001;concept3;0.11838455;None;0.08802353;0.8816154599189758;10;3;128;128
98;0;0.0001;concept1;0.02454108;None;0.040770926;0.9754589200019836;10;3;128;128
99;1;0.0001;concept2;0.007117779;None;0.027341653;0.9928821921348572;10;3;128;128
99;2;0.0001;concept3;0.12643756;None;0.080398045;0.8735624551773071;10;3;128;128
99;0;0.0001;concept1;0.02462069;None;0.040813267;0.9753792881965637;10;3;128;128
100;2;0.0001;concept3;0.12238291;None;0.08957629;0.8776171207427979;10;3;128;128
100;2;0.0001;concept3;0.12238291;None;0.08957629;0.8776171207427979;10;3;128;128
100;2;0.0001;concept3;0.12238291;None;0.08957629;0.8776171207427979;10;3;128;128
101;2;0.0001;concept3;0.10441627;None;0.07722773;0.8955837488174438;10;3;128;128
101;2;0.0001;concept3;0.10441627;None;0.07722773;0.8955837488174438;10;3;128;128
101;2;0.0001;concept3;0.10441627;None;0.07722773;0.8955837488174438;10;3;128;128
102;2;0.0001;concept3;0.110003084;None;0.079353005;0.8899968862533569;10;3;128;128
102;2;0.0001;concept3;0.110003084;None;0.079353005;0.8899968862533569;10;3;128;128
102;2;0.0001;concept3;0.110003084;None;0.079353005;0.8899968862533569;10;3;128;128
103;2;0.0001;concept3;0.10959118;None;0.07848389;0.8904088139533997;10;3;128;128
103;2;0.0001;concept3;0.10959118;None;0.07848389;0.8904088139533997;10;3;128;128
103;2;0.0001;concept3;0.10959118;None;0.07848389;0.8904088139533997;10;3;128;128
104;2;0.0001;concept3;0.11267966;None;0.079243734;0.887320339679718;10;3;128;128
104;2;0.0001;concept3;0.11267966;None;0.079243734;0.887320339679718;10;3;128;128
104;2;0.0001;concept3;0.11267966;None;0.079243734;0.887320339679718;10;3;128;128
105;2;0.0001;concept3;0.121914044;None;0.08264025;0.8780859708786011;10;3;128;128
105;2;0.0001;concept3;0.121914044;None;0.08264025;0.8780859708786011;10;3;128;128
105;2;0.0001;concept3;0.121914044;None;0.08264025;0.8780859708786011;10;3;128;128
106;2;0.0001;concept3;0.1011795;None;0.06814812;0.8988205194473267;10;3;128;128
106;2;0.0001;concept3;0.1011795;None;0.06814812;0.8988205194473267;10;3;128;128
106;2;0.0001;concept3;0.1011795;None;0.06814812;0.8988205194473267;10;3;128;128
107;2;0.0001;concept3;0.10117471;None;0.06689059;0.8988252878189087;10;3;128;128
107;2;0.0001;concept3;0.10117471;None;0.06689059;0.8988252878189087;10;3;128;128
107;2;0.0001;concept3;0.10117471;None;0.06689059;0.8988252878189087;10;3;128;128
108;2;0.0001;concept3;0.09998999;None;0.07192043;0.9000099897384644;10;3;128;128
108;2;0.0001;concept3;0.09998999;None;0.07192043;0.9000099897384644;10;3;128;128
108;2;0.0001;concept3;0.09998999;None;0.07192043;0.9000099897384644;10;3;128;128
109;2;0.0001;concept3;0.109721944;None;0.07603316;0.8902780413627625;10;3;128;128
109;2;0.0001;concept3;0.109721944;None;0.07603316;0.8902780413627625;10;3;128;128
109;2;0.0001;concept3;0.109721944;None;0.07603316;0.8902780413627625;10;3;128;128
110;2;0.0001;concept3;0.09374002;None;0.06380039;0.9062599539756775;10;3;128;128
110;2;0.0001;concept3;0.09374002;None;0.06380039;0.9062599539756775;10;3;128;128
110;2;0.0001;concept3;0.09374002;None;0.06380039;0.9062599539756775;10;3;128;128
111;2;0.0001;concept3;0.09863589;None;0.07109384;0.9013640880584717;10;3;128;128
111;2;0.0001;concept3;0.09863589;None;0.07109384;0.9013640880584717;10;3;128;128
111;2;0.0001;concept3;0.09863589;None;0.07109384;0.9013640880584717;10;3;128;128
112;2;0.0001;concept3;0.09782236;None;0.070313826;0.902177631855011;10;3;128;128
112;2;0.0001;concept3;0.09782236;None;0.070313826;0.902177631855011;10;3;128;128
112;2;0.0001;concept3;0.09782236;None;0.070313826;0.902177631855011;10;3;128;128
113;2;0.0001;concept3;0.10216615;None;0.07220118;0.8978338241577148;10;3;128;128
113;2;0.0001;concept3;0.10216615;None;0.07220118;0.8978338241577148;10;3;128;128
113;2;0.0001;concept3;0.10216615;None;0.07220118;0.8978338241577148;10;3;128;128
114;2;0.0001;concept3;0.10186505;None;0.07255082;0.8981349468231201;10;3;128;128
114;2;0.0001;concept3;0.10186505;None;0.07255082;0.8981349468231201;10;3;128;128
114;2;0.0001;concept3;0.10186505;None;0.07255082;0.8981349468231201;10;3;128;128
115;2;0.0001;concept3;0.12377274;None;0.08048173;0.8762272596359253;10;3;128;128
115;2;0.0001;concept3;0.12377274;None;0.08048173;0.8762272596359253;10;3;128;128
115;2;0.0001;concept3;0.12377274;None;0.08048173;0.8762272596359253;10;3;128;128
116;2;0.0001;concept3;0.11202349;None;0.07705111;0.8879765272140503;10;3;128;128
116;2;0.0001;concept3;0.11202349;None;0.07705111;0.8879765272140503;10;3;128;128
116;2;0.0001;concept3;0.11202349;None;0.07705111;0.8879765272140503;10;3;128;128
117;2;0.0001;concept3;0.08822318;None;0.06297494;0.9117767810821533;10;3;128;128
117;2;0.0001;concept3;0.08822318;None;0.06297494;0.9117767810821533;10;3;128;128
117;2;0.0001;concept3;0.08822318;None;0.06297494;0.9117767810821533;10;3;128;128
118;2;0.0001;concept3;0.12632835;None;0.08179733;0.8736716508865356;10;3;128;128
118;2;0.0001;concept3;0.12632835;None;0.08179733;0.8736716508865356;10;3;128;128
118;2;0.0001;concept3;0.12632835;None;0.08179733;0.8736716508865356;10;3;128;128
119;2;0.0001;concept3;0.0981942;None;0.07077209;0.9018058180809021;10;3;128;128
119;2;0.0001;concept3;0.0981942;None;0.07077209;0.9018058180809021;10;3;128;128
119;2;0.0001;concept3;0.0981942;None;0.07077209;0.9018058180809021;10;3;128;128
120;2;0.0001;concept3;0.0849855;None;0.06328183;0.9150145053863525;10;3;128;128
120;2;0.0001;concept3;0.0849855;None;0.06328183;0.9150145053863525;10;3;128;128
120;2;0.0001;concept3;0.0849855;None;0.06328183;0.9150145053863525;10;3;128;128
121;2;0.0001;concept3;0.105844535;None;0.073239066;0.8941554427146912;10;3;128;128
121;2;0.0001;concept3;0.105844535;None;0.073239066;0.8941554427146912;10;3;128;128
121;2;0.0001;concept3;0.105844535;None;0.073239066;0.8941554427146912;10;3;128;128
122;2;0.0001;concept3;0.08513829;None;0.060989656;0.9148616790771484;10;3;128;128
122;2;0.0001;concept3;0.08513829;None;0.060989656;0.9148616790771484;10;3;128;128
122;2;0.0001;concept3;0.08513829;None;0.060989656;0.9148616790771484;10;3;128;128
123;2;0.0001;concept3;0.09380002;None;0.06784062;0.9061999917030334;10;3;128;128
123;2;0.0001;concept3;0.09380002;None;0.06784062;0.9061999917030334;10;3;128;128
123;2;0.0001;concept3;0.09380002;None;0.06784062;0.9061999917030334;10;3;128;128
124;2;0.0001;concept3;0.08981209;None;0.06623831;0.9101879000663757;10;3;128;128
124;2;0.0001;concept3;0.08981209;None;0.06623831;0.9101879000663757;10;3;128;128
124;2;0.0001;concept3;0.08981209;None;0.06623831;0.9101879000663757;10;3;128;128
125;2;0.0001;concept3;0.08827526;None;0.065208964;0.9117247462272644;10;3;128;128
125;2;0.0001;concept3;0.08827526;None;0.065208964;0.9117247462272644;10;3;128;128
125;2;0.0001;concept3;0.08827526;None;0.065208964;0.9117247462272644;10;3;128;128
126;2;0.0001;concept3;0.09329665;None;0.06770675;0.9067033529281616;10;3;128;128
126;2;0.0001;concept3;0.09329665;None;0.06770675;0.9067033529281616;10;3;128;128
126;2;0.0001;concept3;0.09329665;None;0.06770675;0.9067033529281616;10;3;128;128
127;2;0.0001;concept3;0.10317727;None;0.06442368;0.8968226909637451;10;3;128;128
127;2;0.0001;concept3;0.10317727;None;0.06442368;0.8968226909637451;10;3;128;128
127;2;0.0001;concept3;0.10317727;None;0.06442368;0.8968226909637451;10;3;128;128
128;2;0.0001;concept3;0.08602765;None;0.06437175;0.9139723777770996;10;3;128;128
128;2;0.0001;concept3;0.08602765;None;0.06437175;0.9139723777770996;10;3;128;128
128;2;0.0001;concept3;0.08602765;None;0.06437175;0.9139723777770996;10;3;128;128
129;2;0.0001;concept3;0.086237766;None;0.064053506;0.9137622117996216;10;3;128;128
129;2;0.0001;concept3;0.086237766;None;0.064053506;0.9137622117996216;10;3;128;128
129;2;0.0001;concept3;0.086237766;None;0.064053506;0.9137622117996216;10;3;128;128
130;2;0.0001;concept3;0.09038209;None;0.066100724;0.9096179008483887;10;3;128;128
130;2;0.0001;concept3;0.09038209;None;0.066100724;0.9096179008483887;10;3;128;128
130;2;0.0001;concept3;0.09038209;None;0.066100724;0.9096179008483887;10;3;128;128
131;2;0.0001;concept3;0.09269794;None;0.06779326;0.9073020815849304;10;3;128;128
131;2;0.0001;concept3;0.09269794;None;0.06779326;0.9073020815849304;10;3;128;128
131;2;0.0001;concept3;0.09269794;None;0.06779326;0.9073020815849304;10;3;128;128
132;2;0.0001;concept3;0.084676154;None;0.058184184;0.9153238534927368;10;3;128;128
132;2;0.0001;concept3;0.084676154;None;0.058184184;0.9153238534927368;10;3;128;128
132;2;0.0001;concept3;0.084676154;None;0.058184184;0.9153238534927368;10;3;128;128
133;2;0.0001;concept3;0.087405555;None;0.065551504;0.9125944375991821;10;3;128;128
133;2;0.0001;concept3;0.087405555;None;0.065551504;0.9125944375991821;10;3;128;128
133;2;0.0001;concept3;0.087405555;None;0.065551504;0.9125944375991821;10;3;128;128
134;2;0.0001;concept3;0.08459193;None;0.06383101;0.9154080748558044;10;3;128;128
134;2;0.0001;concept3;0.08459193;None;0.06383101;0.9154080748558044;10;3;128;128
134;2;0.0001;concept3;0.08459193;None;0.06383101;0.9154080748558044;10;3;128;128
135;2;0.0001;concept3;0.087866776;None;0.064786;0.9121332168579102;10;3;128;128
135;2;0.0001;concept3;0.087866776;None;0.064786;0.9121332168579102;10;3;128;128
135;2;0.0001;concept3;0.087866776;None;0.064786;0.9121332168579102;10;3;128;128
136;2;0.0001;concept3;0.09316607;None;0.06805909;0.9068339467048645;10;3;128;128
136;2;0.0001;concept3;0.09316607;None;0.06805909;0.9068339467048645;10;3;128;128
136;2;0.0001;concept3;0.09316607;None;0.06805909;0.9068339467048645;10;3;128;128
137;2;0.0001;concept3;0.08102834;None;0.057827067;0.9189716577529907;10;3;128;128
137;2;0.0001;concept3;0.08102834;None;0.057827067;0.9189716577529907;10;3;128;128
137;2;0.0001;concept3;0.08102834;None;0.057827067;0.9189716577529907;10;3;128;128
138;2;0.0001;concept3;0.085640214;None;0.06600025;0.9143598079681396;10;3;128;128
138;2;0.0001;concept3;0.085640214;None;0.06600025;0.9143598079681396;10;3;128;128
138;2;0.0001;concept3;0.085640214;None;0.06600025;0.9143598079681396;10;3;128;128
139;2;0.0001;concept3;0.086232945;None;0.066532224;0.9137670397758484;10;3;128;128
139;2;0.0001;concept3;0.086232945;None;0.066532224;0.9137670397758484;10;3;128;128
139;2;0.0001;concept3;0.086232945;None;0.066532224;0.9137670397758484;10;3;128;128
140;2;0.0001;concept3;0.09024396;None;0.06620433;0.909756064414978;10;3;128;128
140;2;0.0001;concept3;0.09024396;None;0.06620433;0.909756064414978;10;3;128;128
140;2;0.0001;concept3;0.09024396;None;0.06620433;0.909756064414978;10;3;128;128
141;2;0.0001;concept3;0.11258056;None;0.07568902;0.8874194622039795;10;3;128;128
141;2;0.0001;concept3;0.11258056;None;0.07568902;0.8874194622039795;10;3;128;128
141;2;0.0001;concept3;0.11258056;None;0.07568902;0.8874194622039795;10;3;128;128
142;2;0.0001;concept3;0.083220676;None;0.066565625;0.9167793393135071;10;3;128;128
142;2;0.0001;concept3;0.083220676;None;0.066565625;0.9167793393135071;10;3;128;128
142;2;0.0001;concept3;0.083220676;None;0.066565625;0.9167793393135071;10;3;128;128
143;2;0.0001;concept3;0.08248363;None;0.061292015;0.9175163507461548;10;3;128;128
143;2;0.0001;concept3;0.08248363;None;0.061292015;0.9175163507461548;10;3;128;128
143;2;0.0001;concept3;0.08248363;None;0.061292015;0.9175163507461548;10;3;128;128
144;2;0.0001;concept3;0.082795665;None;0.06245164;0.9172043204307556;10;3;128;128
144;2;0.0001;concept3;0.082795665;None;0.06245164;0.9172043204307556;10;3;128;128
144;2;0.0001;concept3;0.082795665;None;0.06245164;0.9172043204307556;10;3;128;128
145;2;0.0001;concept3;0.08406008;None;0.06284746;0.9159399271011353;10;3;128;128
145;2;0.0001;concept3;0.08406008;None;0.06284746;0.9159399271011353;10;3;128;128
145;2;0.0001;concept3;0.08406008;None;0.06284746;0.9159399271011353;10;3;128;128
146;2;0.0001;concept3;0.08277948;None;0.06245912;0.9172205328941345;10;3;128;128
146;2;0.0001;concept3;0.08277948;None;0.06245912;0.9172205328941345;10;3;128;128
146;2;0.0001;concept3;0.08277948;None;0.06245912;0.9172205328941345;10;3;128;128
147;2;0.0001;concept3;0.08224268;None;0.062002424;0.9177573323249817;10;3;128;128
147;2;0.0001;concept3;0.08224268;None;0.062002424;0.9177573323249817;10;3;128;128
147;2;0.0001;concept3;0.08224268;None;0.062002424;0.9177573323249817;10;3;128;128
148;2;0.0001;concept3;0.08267811;None;0.06213364;0.9173219203948975;10;3;128;128
148;2;0.0001;concept3;0.08267811;None;0.06213364;0.9173219203948975;10;3;128;128
148;2;0.0001;concept3;0.08267811;None;0.06213364;0.9173219203948975;10;3;128;128
149;2;0.0001;concept3;0.082057394;None;0.062113207;0.9179425835609436;10;3;128;128
149;2;0.0001;concept3;0.082057394;None;0.062113207;0.9179425835609436;10;3;128;128
149;2;0.0001;concept3;0.082057394;None;0.062113207;0.9179425835609436;10;3;128;128
150;0;0.0001;concept1;0.028296165;None;0.04704806;0.971703827381134;10;3;128;128
150;1;0.0001;concept2;0.009025094;None;0.03143348;0.9909749031066895;10;3;128;128
150;2;0.0001;concept3;0.0810667;None;0.061463706;0.9189333319664001;10;3;128;128
151;0;0.0001;concept1;0.026206868;None;0.044059347;0.9737931489944458;10;3;128;128
151;1;0.0001;concept2;0.008221359;None;0.029607706;0.9917786121368408;10;3;128;128
151;2;0.0001;concept3;0.08147312;None;0.061598074;0.9185268878936768;10;3;128;128
152;0;0.0001;concept1;0.025593393;None;0.04293007;0.9744065999984741;10;3;128;128
152;1;0.0001;concept2;0.007294912;None;0.027662372;0.9927051067352295;10;3;128;128
152;2;0.0001;concept3;0.07884972;None;0.061218403;0.921150267124176;10;3;128;128
153;0;0.0001;concept1;0.025129672;None;0.04216622;0.9748703241348267;10;3;128;128
153;1;0.0001;concept2;0.0067096064;None;0.026424937;0.993290364742279;10;3;128;128
153;2;0.0001;concept3;0.07934427;None;0.06265345;0.9206557273864746;10;3;128;128
154;0;0.0001;concept1;0.024916826;None;0.041709725;0.9750831723213196;10;3;128;128
154;1;0.0001;concept2;0.0063750045;None;0.02572944;0.9936249852180481;10;3;128;128
154;2;0.0001;concept3;0.078936175;None;0.06311354;0.9210638403892517;10;3;128;128
155;0;0.0001;concept1;0.024770357;None;0.041363887;0.9752296209335327;10;3;128;128
155;1;0.0001;concept2;0.0061644367;None;0.025301224;0.9938355684280396;10;3;128;128
155;2;0.0001;concept3;0.08098261;None;0.0648188;0.9190173745155334;10;3;128;128
156;0;0.0001;concept1;0.024623062;None;0.041098967;0.9753769636154175;10;3;128;128
156;1;0.0001;concept2;0.0060440195;None;0.025063476;0.9939559698104858;10;3;128;128
156;2;0.0001;concept3;0.08773568;None;0.06936669;0.9122642874717712;10;3;128;128
157;0;0.0001;concept1;0.024584202;None;0.040941846;0.975415825843811;10;3;128;128
157;1;0.0001;concept2;0.0059338333;None;0.024842834;0.9940661787986755;10;3;128;128
157;2;0.0001;concept3;0.07947669;None;0.063634485;0.9205232858657837;10;3;128;128
158;0;0.0001;concept1;0.024485022;None;0.040773533;0.9755150079727173;10;3;128;128
158;1;0.0001;concept2;0.005854299;None;0.024674041;0.9941456913948059;10;3;128;128
158;2;0.0001;concept3;0.09638313;None;0.07336193;0.9036168456077576;10;3;128;128
159;0;0.0001;concept1;0.024465147;None;0.040664695;0.9755348563194275;10;3;128;128
159;1;0.0001;concept2;0.005797331;None;0.024557311;0.9942026734352112;10;3;128;128
159;2;0.0001;concept3;0.10000378;None;0.07526735;0.8999962210655212;10;3;128;128
160;0;0.0001;concept1;0.0244874;None;0.040617786;0.9755126237869263;10;3;128;128
160;1;0.0001;concept2;0.00577795;None;0.024513705;0.9942220449447632;10;3;128;128
160;2;0.0001;concept3;0.10264812;None;0.07626727;0.897351861000061;10;3;128;128
161;0;0.0001;concept1;0.024457557;None;0.04053574;0.975542426109314;10;3;128;128
161;1;0.0001;concept2;0.005755654;None;0.024453118;0.9942443370819092;10;3;128;128
161;2;0.0001;concept3;0.10113805;None;0.075681046;0.8988619446754456;10;3;128;128
162;0;0.0001;concept1;0.024455477;None;0.04047584;0.9755445122718811;10;3;128;128
162;1;0.0001;concept2;0.0057224245;None;0.024369504;0.9942775964736938;10;3;128;128
162;2;0.0001;concept3;0.09819476;None;0.07439491;0.9018052220344543;10;3;128;128
163;0;0.0001;concept1;0.02445293;None;0.040437054;0.9755470752716064;10;3;128;128
163;1;0.0001;concept2;0.005704819;None;0.024309585;0.9942951798439026;10;3;128;128
163;2;0.0001;concept3;0.09774198;None;0.07419055;0.902258038520813;10;3;128;128
164;0;0.0001;concept1;0.024357693;None;0.040341;0.9756423234939575;10;3;128;128
164;1;0.0001;concept2;0.0056941723;None;0.024255157;0.9943058490753174;10;3;128;128
164;2;0.0001;concept3;0.097511806;None;0.07399579;0.9024881720542908;10;3;128;128
165;0;0.0001;concept1;0.024275076;None;0.0402543;0.9757249355316162;10;3;128;128
165;1;0.0001;concept2;0.005667669;None;0.024162425;0.9943323135375977;10;3;128;128
165;2;0.0001;concept3;0.10021793;None;0.07508219;0.8997820615768433;10;3;128;128
166;0;0.0001;concept1;0.024126679;None;0.040129647;0.9758733510971069;10;3;128;128
166;1;0.0001;concept2;0.0056471266;None;0.024081023;0.9943528771400452;10;3;128;128
166;2;0.0001;concept3;0.10104029;None;0.0753778;0.8989596962928772;10;3;128;128
167;0;0.0001;concept1;0.024119167;None;0.04010567;0.9758808612823486;10;3;128;128
167;1;0.0001;concept2;0.005628155;None;0.02399983;0.9943718314170837;10;3;128;128
167;2;0.0001;concept3;0.10223902;None;0.07583409;0.8977609872817993;10;3;128;128
168;0;0.0001;concept1;0.023999412;None;0.039985035;0.9760006070137024;10;3;128;128
168;1;0.0001;concept2;0.005605827;None;0.023922773;0.9943941831588745;10;3;128;128
168;2;0.0001;concept3;0.102746174;None;0.07584617;0.8972538113594055;10;3;128;128
169;0;0.0001;concept1;0.023894511;None;0.03984135;0.9761055111885071;10;3;128;128
169;1;0.0001;concept2;0.005592402;None;0.023869853;0.994407594203949;10;3;128;128
169;2;0.0001;concept3;0.10369839;None;0.07620467;0.8963016271591187;10;3;128;128
170;0;0.0001;concept1;0.024060309;None;0.03998591;0.9759396910667419;10;3;128;128
170;1;0.0001;concept2;0.005570237;None;0.023798866;0.9944297671318054;10;3;128;128
170;2;0.0001;concept3;0.10380464;None;0.076207586;0.8961953520774841;10;3;128;128
171;0;0.0001;concept1;0.02399856;None;0.03988102;0.9760014414787292;10;3;128;128
171;1;0.0001;concept2;0.005550546;None;0.02373894;0.9944494366645813;10;3;128;128
171;2;0.0001;concept3;0.10492236;None;0.07665141;0.895077645778656;10;3;128;128
172;0;0.0001;concept1;0.02402439;None;0.03991826;0.9759756326675415;10;3;128;128
172;1;0.0001;concept2;0.005535731;None;0.023695214;0.9944642782211304;10;3;128;128
172;2;0.0001;concept3;0.10616121;None;0.077165194;0.8938387632369995;10;3;128;128
173;0;0.0001;concept1;0.02400116;None;0.0398828;0.9759988188743591;10;3;128;128
173;1;0.0001;concept2;0.0055159684;None;0.023640078;0.994484007358551;10;3;128;128
173;2;0.0001;concept3;0.1074411;None;0.07776623;0.8925589323043823;10;3;128;128
174;0;0.0001;concept1;0.0239525;None;0.039804168;0.9760475158691406;10;3;128;128
174;1;0.0001;concept2;0.0055154623;None;0.023628885;0.994484543800354;10;3;128;128
174;2;0.0001;concept3;0.10842158;None;0.07809442;0.8915784358978271;10;3;128;128
175;0;0.0001;concept1;0.024022445;None;0.039893236;0.9759775400161743;10;3;128;128
175;1;0.0001;concept2;0.005495832;None;0.023572035;0.9945041537284851;10;3;128;128
175;2;0.0001;concept3;0.10848659;None;0.07823166;0.8915134072303772;10;3;128;128
176;0;0.0001;concept1;0.024065768;None;0.03991156;0.9759342074394226;10;3;128;128
176;1;0.0001;concept2;0.0054677776;None;0.023495937;0.9945322275161743;10;3;128;128
176;2;0.0001;concept3;0.10963208;None;0.078477055;0.8903679251670837;10;3;128;128
177;0;0.0001;concept1;0.024005176;None;0.039883297;0.9759948253631592;10;3;128;128
177;1;0.0001;concept2;0.0054462883;None;0.023428796;0.9945536851882935;10;3;128;128
177;2;0.0001;concept3;0.110159025;None;0.07876613;0.8898409605026245;10;3;128;128
178;0;0.0001;concept1;0.024092011;None;0.039956942;0.9759079813957214;10;3;128;128
178;1;0.0001;concept2;0.005434662;None;0.023387242;0.9945653676986694;10;3;128;128
178;2;0.0001;concept3;0.11050739;None;0.07886008;0.8894926309585571;10;3;128;128
179;0;0.0001;concept1;0.024079222;None;0.03995564;0.9759207963943481;10;3;128;128
179;1;0.0001;concept2;0.0054234527;None;0.023343522;0.9945765733718872;10;3;128;128
179;2;0.0001;concept3;0.11060041;None;0.07905643;0.8893995881080627;10;3;128;128
180;0;0.0001;concept1;0.024136094;None;0.040012825;0.9758639335632324;10;3;128;128
180;1;0.0001;concept2;0.0054104845;None;0.023290534;0.9945895075798035;10;3;128;128
180;2;0.0001;concept3;0.110298574;None;0.0786921;0.8897014260292053;10;3;128;128
181;0;0.0001;concept1;0.024143143;None;0.040035255;0.9758568406105042;10;3;128;128
181;1;0.0001;concept2;0.0053998237;None;0.023246769;0.9946001768112183;10;3;128;128
181;2;0.0001;concept3;0.111054175;None;0.07935465;0.8889458179473877;10;3;128;128
182;0;0.0001;concept1;0.024280101;None;0.040156737;0.9757199287414551;10;3;128;128
182;1;0.0001;concept2;0.005382607;None;0.023190524;0.9946174025535583;10;3;128;128
182;2;0.0001;concept3;0.11106854;None;0.07901037;0.8889314532279968;10;3;128;128
183;0;0.0001;concept1;0.02426257;None;0.040137608;0.975737452507019;10;3;128;128
183;1;0.0001;concept2;0.0053648185;None;0.023134232;0.9946351647377014;10;3;128;128
183;2;0.0001;concept3;0.111950204;None;0.07960592;0.8880497813224792;10;3;128;128
184;0;0.0001;concept1;0.024213377;None;0.040100746;0.9757866263389587;10;3;128;128
184;1;0.0001;concept2;0.0053446926;None;0.023073768;0.9946553111076355;10;3;128;128
184;2;0.0001;concept3;0.11262941;None;0.07987898;0.8873705863952637;10;3;128;128
185;0;0.0001;concept1;0.02426234;None;0.04013356;0.9757376313209534;10;3;128;128
185;1;0.0001;concept2;0.0053261546;None;0.023017121;0.9946738481521606;10;3;128;128
185;2;0.0001;concept3;0.11119775;None;0.079069704;0.8888022303581238;10;3;128;128
186;0;0.0001;concept1;0.024142021;None;0.040040713;0.9758579730987549;10;3;128;128
186;1;0.0001;concept2;0.0053051077;None;0.022953372;0.9946948885917664;10;3;128;128
186;2;0.0001;concept3;0.11341177;None;0.08024026;0.8865882158279419;10;3;128;128
187;0;0.0001;concept1;0.024138222;None;0.04006393;0.9758617877960205;10;3;128;128
187;1;0.0001;concept2;0.00529811;None;0.022923516;0.9947018623352051;10;3;128;128
187;2;0.0001;concept3;0.11138964;None;0.07916076;0.8886103630065918;10;3;128;128
188;0;0.0001;concept1;0.024093118;None;0.04005092;0.9759069085121155;10;3;128;128
188;1;0.0001;concept2;0.005279427;None;0.022865944;0.9947205781936646;10;3;128;128
188;2;0.0001;concept3;0.11191598;None;0.07940643;0.8880839943885803;10;3;128;128
189;0;0.0001;concept1;0.02400424;None;0.039985944;0.9759957790374756;10;3;128;128
189;1;0.0001;concept2;0.0052696844;None;0.022829436;0.9947302937507629;10;3;128;128
189;2;0.0001;concept3;0.11196701;None;0.07943438;0.8880329728126526;10;3;128;128
190;0;0.0001;concept1;0.02398766;None;0.040009752;0.9760123491287231;10;3;128;128
190;1;0.0001;concept2;0.005251303;None;0.022776837;0.9947487115859985;10;3;128;128
190;2;0.0001;concept3;0.109333545;None;0.07826994;0.8906664848327637;10;3;128;128
191;0;0.0001;concept1;0.023877332;None;0.039935634;0.9761226773262024;10;3;128;128
191;1;0.0001;concept2;0.0052272384;None;0.022707162;0.994772732257843;10;3;128;128
191;2;0.0001;concept3;0.11284251;None;0.07972538;0.8871574997901917;10;3;128;128
192;0;0.0001;concept1;0.02385041;None;0.039931584;0.9761496186256409;10;3;128;128
192;1;0.0001;concept2;0.0052228365;None;0.022684453;0.9947771430015564;10;3;128;128
192;2;0.0001;concept3;0.1055835;None;0.07650966;0.8944165110588074;10;3;128;128
193;0;0.0001;concept1;0.023716819;None;0.039832003;0.9762831926345825;10;3;128;128
193;1;0.0001;concept2;0.005211101;None;0.022646923;0.9947888851165771;10;3;128;128
193;2;0.0001;concept3;0.10932167;None;0.078219354;0.890678346157074;10;3;128;128
194;0;0.0001;concept1;0.023680583;None;0.039818957;0.976319432258606;10;3;128;128
194;1;0.0001;concept2;0.005189319;None;0.022590661;0.9948107004165649;10;3;128;128
194;2;0.0001;concept3;0.10794186;None;0.07762543;0.8920581340789795;10;3;128;128
195;0;0.0001;concept1;0.02357201;None;0.039760474;0.9764279723167419;10;3;128;128
195;1;0.0001;concept2;0.0051754615;None;0.022551144;0.9948245286941528;10;3;128;128
195;2;0.0001;concept3;0.10043123;None;0.07398844;0.8995687365531921;10;3;128;128
196;0;0.0001;concept1;0.023401275;None;0.039632734;0.9765987396240234;10;3;128;128
196;1;0.0001;concept2;0.005154712;None;0.022499675;0.9948452711105347;10;3;128;128
196;2;0.0001;concept3;0.11066467;None;0.07883315;0.8893353343009949;10;3;128;128
197;0;0.0001;concept1;0.023452386;None;0.039668508;0.9765475988388062;10;3;128;128
197;1;0.0001;concept2;0.005159979;None;0.022509681;0.9948400259017944;10;3;128;128
197;2;0.0001;concept3;0.10298243;None;0.075311564;0.8970175981521606;10;3;128;128
198;0;0.0001;concept1;0.02329996;None;0.039556045;0.9767000675201416;10;3;128;128
198;1;0.0001;concept2;0.0051524146;None;0.022484636;0.9948475956916809;10;3;128;128
198;2;0.0001;concept3;0.10137633;None;0.07451646;0.8986236453056335;10;3;128;128
199;0;0.0001;concept1;0.023291785;None;0.03955018;0.9767082333564758;10;3;128;128
199;1;0.0001;concept2;0.0051306365;None;0.02243644;0.9948693513870239;10;3;128;128
199;2;0.0001;concept3;0.11123109;None;0.079097226;0.8887689113616943;10;3;128;128
