0;0;0.0001;concept1;0.7702633780967056;None;0.3338655523310217;0.22973662190329436;10;3;128;128
0;1;0.0001;concept2;1.6224957460036762;None;0.2708959933453526;-0.6224957460036762;10;3;128;128
0;2;0.0001;concept3;1.1872874717709578;None;0.18221448236901103;-0.18728747177095761;10;3;128;128
1;0;0.0001;concept1;0.915423971094157;None;0.36828882775481486;0.08457602890584304;10;3;128;128
1;1;0.0001;concept2;2.163880332714894;None;0.3135686584320641;-1.163880332714894;10;3;128;128
1;2;0.0001;concept3;1.184458132623462;None;0.17863026692203143;-0.184458132623462;10;3;128;128
2;0;0.0001;concept1;0.8515878919668077;None;0.35476016758272527;0.14841210803319216;10;3;128;128
2;1;0.0001;concept2;2.1109023534150437;None;0.3096192004292496;-1.1109023534150437;10;3;128;128
2;2;0.0001;concept3;1.0311216442411324;None;0.16560178854468163;-0.031121644241132396;10;3;128;128
3;0;0.0001;concept1;0.8154795835785029;None;0.34642053049774546;0.18452041642149697;10;3;128;128
3;1;0.0001;concept2;2.0819262467900383;None;0.30736510281873447;-1.081926246790038;10;3;128;128
3;2;0.0001;concept3;0.9546817713248554;None;0.158589267527898;0.04531822867514468;10;3;128;128
4;0;0.0001;concept1;0.7587954585424411;None;0.332977799939543;0.24120454145755887;10;3;128;128
4;1;0.0001;concept2;2.0306051872763664;None;0.3032938160777277;-1.0306051872763669;10;3;128;128
4;2;0.0001;concept3;0.8410566937429487;None;0.147626197863517;0.15894330625705133;10;3;128;128
5;0;0.0001;concept1;0.7095689460769925;None;0.3206815720181299;0.2904310539230076;10;3;128;128
5;1;0.0001;concept2;1.9804608573989027;None;0.29929930934846444;-0.9804608573989029;10;3;128;128
5;2;0.0001;concept3;0.7518489974779613;None;0.13885146942901136;0.2481510025220387;10;3;128;128
6;0;0.0001;concept1;0.6838960573798577;None;0.3142877529693066;0.3161039426201424;10;3;128;128
6;1;0.0001;concept2;1.94871678766509;None;0.2967411531855164;-0.9487167876650899;10;3;128;128
6;2;0.0001;concept3;0.7053327342560521;None;0.13411936413513692;0.29466726574394786;10;3;128;128
7;0;0.0001;concept1;0.6391512993008021;None;0.3022250873512334;0.36084870069919783;10;3;128;128
7;1;0.0001;concept2;1.8913439104438539;None;0.29206470854116595;-0.8913439104438541;10;3;128;128
7;2;0.0001;concept3;0.6271535029320819;None;0.12573830546529655;0.37284649706791806;10;3;128;128
8;0;0.0001;concept1;0.6001057463944027;None;0.29125110948386174;0.3998942536055974;10;3;128;128
8;1;0.0001;concept2;1.8347066072052554;None;0.28733320350398045;-0.8347066072052554;10;3;128;128
8;2;0.0001;concept3;0.5600252974586339;None;0.11798902053089136;0.43997470254136606;10;3;128;128
9;0;0.0001;concept1;0.5656355215993744;None;0.2816277721588908;0.43436447840062564;10;3;128;128
9;1;0.0001;concept2;1.7786961510122956;None;0.2825214564022504;-0.7786961510122956;10;3;128;128
9;2;0.0001;concept3;0.5007869080752059;None;0.11076225557262447;0.49921309192479413;10;3;128;128
10;0;0.0001;concept1;0.5479246991996022;None;0.27663347521647974;0.4520753008003978;10;3;128;128
10;1;0.0001;concept2;1.7458104264220948;None;0.2796103240670873;-0.7458104264220948;10;3;128;128
10;2;0.0001;concept3;0.4711742676063087;None;0.10699262334544826;0.5288257323936914;10;3;128;128
11;0;0.0001;concept1;0.5168024967952067;None;0.26753877973842544;0.48319750320479327;10;3;128;128
11;1;0.0001;concept2;1.686674707525239;None;0.274379041239347;-0.6866747075252391;10;3;128;128
11;2;0.0001;concept3;0.4197176759992294;None;0.10018504774744716;0.5802823240007706;10;3;128;128
12;0;0.0001;concept1;0.4891512932743829;None;0.2591328062403076;0.5108487067256171;10;3;128;128
12;1;0.0001;concept2;1.6294856969554243;None;0.269239214817103;-0.6294856969554243;10;3;128;128
12;2;0.0001;concept3;0.3747922512816674;None;0.09405654416970831;0.6252077487183327;10;3;128;128
13;0;0.0001;concept1;0.46412119512256705;None;0.251179850796126;0.5358788048774329;10;3;128;128
13;1;0.0001;concept2;1.5731752158022205;None;0.2640424636665466;-0.5731752158022207;10;3;128;128
13;2;0.0001;concept3;0.33584571795891416;None;0.0883500283607541;0.664154282041086;10;3;128;128
14;0;0.0001;concept1;0.45215146876659024;None;0.24724717023380696;0.5478485312334098;10;3;128;128
14;1;0.0001;concept2;1.5442617244378658;None;0.26131463479558237;-0.544261724437866;10;3;128;128
14;2;0.0001;concept3;0.31779882440458057;None;0.08551158795563038;0.6822011755954194;10;3;128;128
15;0;0.0001;concept1;0.4323253573131141;None;0.24049094901421056;0.5676746426868859;10;3;128;128
15;1;0.0001;concept2;1.492740723162555;None;0.25636260520815174;-0.4927407231625549;10;3;128;128
15;2;0.0001;concept3;0.28864913929936;None;0.08081214462581073;0.71135086070064;10;3;128;128
16;0;0.0001;concept1;0.4125378924919733;None;0.23352282435820743;0.5874621075080266;10;3;128;128
16;1;0.0001;concept2;1.4377184802230465;None;0.25093602109511354;-0.4377184802230467;10;3;128;128
16;2;0.0001;concept3;0.2606658828478767;None;0.07619450760261676;0.7393341171521234;10;3;128;128
17;0;0.0001;concept1;0.3947669585053574;None;0.22703933735635753;0.6052330414946425;10;3;128;128
17;1;0.0001;concept2;1.385078453994614;None;0.24561703007745897;-0.38507845399461393;10;3;128;128
17;2;0.0001;concept3;0.23687252478155477;None;0.0721309297666493;0.7631274752184453;10;3;128;128
18;0;0.0001;concept1;0.38657280646149095;None;0.22396932467384267;0.613427193538509;10;3;128;128
18;1;0.0001;concept2;1.3589950448832018;None;0.24291895570171745;-0.3589950448832018;10;3;128;128
18;2;0.0001;concept3;0.22654110128962363;None;0.07025716645297791;0.7734588987103764;10;3;128;128
19;0;0.0001;concept1;0.372222775039536;None;0.21846475904016793;0.6277772249604641;10;3;128;128
19;1;0.0001;concept2;1.3122854300310478;None;0.23801194585256283;-0.3122854300310478;10;3;128;128
19;2;0.0001;concept3;0.20895843257950375;None;0.066912367023258;0.7910415674204962;10;3;128;128
20;0;0.0001;concept1;0.35934579528487387;None;0.21342794941058169;0.6406542047151261;10;3;128;128
20;1;0.0001;concept2;1.268190716299735;None;0.23327525074888653;-0.26819071629973523;10;3;128;128
20;2;0.0001;concept3;0.1940307670126777;None;0.064025408448325;0.8059692329873223;10;3;128;128
21;0;0.0001;concept1;0.346462547770361;None;0.2083246853211698;0.653537452229639;10;3;128;128
21;1;0.0001;concept2;1.2215094097542687;None;0.22823124249016297;-0.22150940975426892;10;3;128;128
21;2;0.0001;concept3;0.17996027275945578;None;0.061233399928716556;0.8200397272405442;10;3;128;128
22;0;0.0001;concept1;0.34074205488315606;None;0.20601735021726425;0.6592579451168439;10;3;128;128
22;1;0.0001;concept2;1.1994265315887933;None;0.22580616561157477;-0.19942653158879353;10;3;128;128
22;2;0.0001;concept3;0.17391722792584818;None;0.06001936891931127;0.8260827720741518;10;3;128;128
23;0;0.0001;concept1;0.32989863329972474;None;0.20157664260410282;0.6701013667002753;10;3;128;128
23;1;0.0001;concept2;1.1572327765535646;None;0.22113974139200238;-0.1572327765535646;10;3;128;128
23;2;0.0001;concept3;0.16325643162861633;None;0.05777446626625486;0.8367435683713838;10;3;128;128
24;0;0.0001;concept1;0.32005038415228476;None;0.19746700345654847;0.6799496158477152;10;3;128;128
24;1;0.0001;concept2;1.1169776675391205;None;0.2165796586515421;-0.11697766753912053;10;3;128;128
24;2;0.0001;concept3;0.1543509813258973;None;0.056066437676118144;0.8456490186741027;10;3;128;128
25;0;0.0001;concept1;0.3110865448441267;None;0.1937067325638372;0.6889134551558733;10;3;128;128
25;1;0.0001;concept2;1.0787060619008269;None;0.21223068799781758;-0.07870606190082707;10;3;128;128
25;2;0.0001;concept3;0.1468443039711867;None;0.05467907366814493;0.8531556960288134;10;3;128;128
26;0;0.0001;concept1;0.3067394266379949;None;0.19190635018054145;0.6932605733620051;10;3;128;128
26;1;0.0001;concept2;1.0597803163133077;None;0.21006188088496686;-0.05978031631330771;10;3;128;128
26;2;0.0001;concept3;0.14335991692783556;None;0.05407790698957668;0.8566400830721644;10;3;128;128
27;0;0.0001;concept1;0.2984229609938128;None;0.18840417771549356;0.7015770390061872;10;3;128;128
27;1;0.0001;concept2;1.0230409781273295;None;0.20581458649115017;-0.023040978127329526;10;3;128;128
27;2;0.0001;concept3;0.13712150397594103;None;0.053027668069573854;0.862878496024059;10;3;128;128
28;0;0.0001;concept1;0.29060808848490305;None;0.18509939921684607;0.709391911515097;10;3;128;128
28;1;0.0001;concept2;0.9875839613157286;None;0.20161009972096347;0.012416038684271435;10;3;128;128
28;2;0.0001;concept3;0.13191211518564377;None;0.052197844329454714;0.8680878848143563;10;3;128;128
29;0;0.0001;concept1;0.2833854213185244;None;0.18206028311426103;0.7166145786814756;10;3;128;128
29;1;0.0001;concept2;0.9537818014926364;None;0.1975257992406413;0.04621819850736364;10;3;128;128
29;2;0.0001;concept3;0.12745912582345587;None;0.051609498137263496;0.8725408741765441;10;3;128;128
30;0;0.0001;concept1;0.27989364107382586;None;0.18061555538897758;0.7201063589261741;10;3;128;128
30;1;0.0001;concept2;0.9375372123272293;None;0.1955226187375878;0.06246278767277058;10;3;128;128
30;2;0.0001;concept3;0.12553837477331287;None;0.05139023918168098;0.8744616252266871;10;3;128;128
31;0;0.0001;concept1;0.27358127355216977;None;0.17797263072326935;0.7264187264478302;10;3;128;128
31;1;0.0001;concept2;0.9074167882559274;None;0.19180953745473425;0.09258321174407258;10;3;128;128
31;2;0.0001;concept3;0.12227681118879968;None;0.051111430934341666;0.8777231888112003;10;3;128;128
32;0;0.0001;concept1;0.26724421757683064;None;0.17530793265292155;0.7327557824231694;10;3;128;128
32;1;0.0001;concept2;0.8765426809579745;None;0.18795804267973115;0.1234573190420255;10;3;128;128
32;2;0.0001;concept3;0.11927269609935828;None;0.05080324385493807;0.8807273039006417;10;3;128;128
33;0;0.0001;concept1;0.261224002821549;None;0.17281966529730544;0.738775997178451;10;3;128;128
33;1;0.0001;concept2;0.8470603935132155;None;0.1842624145072454;0.1529396064867844;10;3;128;128
33;2;0.0001;concept3;0.11699305075005632;None;0.0505936747135734;0.8830069492499437;10;3;128;128
34;0;0.0001;concept1;0.25846820058859005;None;0.17170830862812175;0.7415317994114099;10;3;128;128
34;1;0.0001;concept2;0.8332100216343553;None;0.1825057985459957;0.16678997836564458;10;3;128;128
34;2;0.0001;concept3;0.11610068176357902;None;0.05052045266019182;0.883899318236421;10;3;128;128
35;0;0.0001;concept1;0.25314000354480415;None;0.16952699658469733;0.7468599964551959;10;3;128;128
35;1;0.0001;concept2;0.8066549955221193;None;0.17913151445382036;0.19334500447788072;10;3;128;128
35;2;0.0001;concept3;0.11468512087627182;None;0.050457255225562554;0.8853148791237282;10;3;128;128
36;0;0.0001;concept1;0.24810866941065454;None;0.1674918286159199;0.7518913305893454;10;3;128;128
36;1;0.0001;concept2;0.7811870225456019;None;0.1758338977623;0.2188129774543981;10;3;128;128
36;2;0.0001;concept3;0.11369800600485656;None;0.05051188657650469;0.8863019939951434;10;3;128;128
37;0;0.0001;concept1;0.24309689077980987;None;0.16550272539476887;0.7569031092201901;10;3;128;128
37;1;0.0001;concept2;0.7553127211870218;None;0.17243153380308668;0.24468727881297825;10;3;128;128
37;2;0.0001;concept3;0.11311080557026304;None;0.050694200287400466;0.886889194429737;10;3;128;128
38;0;0.0001;concept1;0.24084924339874855;None;0.16462676423139502;0.7591507566012514;10;3;128;128
38;1;0.0001;concept2;0.7435005404386571;None;0.17085791604057435;0.2564994595613429;10;3;128;128
38;2;0.0001;concept3;0.11294887815699234;None;0.05079901135509578;0.8870511218430077;10;3;128;128
39;0;0.0001;concept1;0.23628228280199454;None;0.16282199369472553;0.7637177171980054;10;3;128;128
39;1;0.0001;concept2;0.7200739831187647;None;0.16768807579539563;0.2799260168812353;10;3;128;128
39;2;0.0001;concept3;0.11292600153911217;None;0.051033779403089924;0.8870739984608879;10;3;128;128
40;0;0.0001;concept1;0.2320139738232027;None;0.1611670536138713;0.7679860261767972;10;3;128;128
40;1;0.0001;concept2;0.6977443154182205;None;0.164620082227832;0.30225568458177954;10;3;128;128
40;2;0.0001;concept3;0.11313660294325678;None;0.05126909269234852;0.8868633970567432;10;3;128;128
41;0;0.0001;concept1;0.22798358028913593;None;0.15962572661219052;0.7720164197108641;10;3;128;128
41;1;0.0001;concept2;0.6765447881020248;None;0.16167724660924163;0.3234552118979751;10;3;128;128
41;2;0.0001;concept3;0.1135957267502362;None;0.051518317006153065;0.8864042732497638;10;3;128;128
42;0;0.0001;concept1;0.2260363757978975;None;0.15888264519325968;0.7739636242021025;10;3;128;128
42;1;0.0001;concept2;0.6666670048750543;None;0.16029668374918693;0.33333299512494574;10;3;128;128
42;2;0.0001;concept3;0.11381222574114283;None;0.05164015481575313;0.8861877742588572;10;3;128;128
43;0;0.0001;concept1;0.22209892458475533;None;0.15737516318713787;0.7779010754152447;10;3;128;128
43;1;0.0001;concept2;0.6465101403623311;None;0.15747658836093648;0.353489859637669;10;3;128;128
43;2;0.0001;concept3;0.11452512124714229;None;0.05192575924399189;0.8854748787528577;10;3;128;128
44;0;0.0001;concept1;0.2183314892360184;None;0.15592525815507596;0.7816685107639816;10;3;128;128
44;1;0.0001;concept2;0.6272164755442606;None;0.1547536762933236;0.37278352445573937;10;3;128;128
44;2;0.0001;concept3;0.11541653967086574;None;0.052231928191941224;0.8845834603291343;10;3;128;128
45;0;0.0001;concept1;0.21475007789833364;None;0.1545419054966754;0.7852499221016663;10;3;128;128
45;1;0.0001;concept2;0.6090720040139085;None;0.15216579991123758;0.3909279959860914;10;3;128;128
45;2;0.0001;concept3;0.11659465911517279;None;0.052633265811027716;0.8834053408848273;10;3;128;128
46;0;0.0001;concept1;0.2130923073998467;None;0.15390250285167198;0.7869076926001533;10;3;128;128
46;1;0.0001;concept2;0.6006427038708302;None;0.1509513781204984;0.3993572961291698;10;3;128;128
46;2;0.0001;concept3;0.11717491936400538;None;0.05283674022210769;0.8828250806359946;10;3;128;128
47;0;0.0001;concept1;0.20989541541210618;None;0.15266835473853774;0.7901045845878938;10;3;128;128
47;1;0.0001;concept2;0.5840198833176414;None;0.14853170527486076;0.41598011668235846;10;3;128;128
47;2;0.0001;concept3;0.11856605762558546;None;0.05330135671426302;0.8814339423744145;10;3;128;128
48;0;0.0001;concept1;0.2065742582118992;None;0.15137349836419423;0.7934257417881008;10;3;128;128
48;1;0.0001;concept2;0.5673378863780328;None;0.14606706750848525;0.43266211362196705;10;3;128;128
48;2;0.0001;concept3;0.12015340066823829;None;0.05382389017460509;0.8798465993317617;10;3;128;128
49;0;0.0001;concept1;0.20348195969929742;None;0.15017646534256612;0.7965180403007026;10;3;128;128
49;1;0.0001;concept2;0.5515708182734612;None;0.14368772854841083;0.4484291817265388;10;3;128;128
49;2;0.0001;concept3;0.12179618942581136;None;0.0543650634613402;0.8782038105741886;10;3;128;128
50;0;0.0001;concept1;0.4010816490818439;None;0.18171387606284112;0.5989183509181562;10;3;128;128
50;1;0.0001;concept2;0.08856901544030504;None;0.12392039978568443;0.911430984559695;10;3;128;128
50;2;0.0001;concept3;0.031837127062691456;None;0.09360077573709885;0.9681628729373085;10;3;128;128
51;0;0.0001;concept1;0.39388020768849796;None;0.18006160488937178;0.606119792311502;10;3;128;128
51;1;0.0001;concept2;0.08596602530024888;None;0.12196834395123694;0.9140339746997511;10;3;128;128
51;2;0.0001;concept3;0.031648227822107945;None;0.09337678791499401;0.968351772177892;10;3;128;128
52;0;0.0001;concept1;0.38695366296744227;None;0.17846741444898764;0.6130463370325578;10;3;128;128
52;1;0.0001;concept2;0.08366335480261827;None;0.1202176650858357;0.9163366451973818;10;3;128;128
52;2;0.0001;concept3;0.03150786924428391;None;0.09317967791879128;0.968492130755716;10;3;128;128
53;0;0.0001;concept1;0.37996781649520706;None;0.17685202400033279;0.6200321835047929;10;3;128;128
53;1;0.0001;concept2;0.08155482916260877;None;0.11857220033296137;0.9184451708373912;10;3;128;128
53;2;0.0001;concept3;0.03142067684504636;None;0.09307695403115605;0.9685793231549537;10;3;128;128
54;0;0.0001;concept1;0.3764170593404317;None;0.1760503887163183;0.6235829406595683;10;3;128;128
54;1;0.0001;concept2;0.08050906368124722;None;0.11778808126373976;0.9194909363187528;10;3;128;128
54;2;0.0001;concept3;0.03147211920420647;None;0.09315296013666885;0.9685278807957935;10;3;128;128
55;0;0.0001;concept1;0.36991963657341587;None;0.17455933185802655;0.6300803634265841;10;3;128;128
55;1;0.0001;concept2;0.07836075082424156;None;0.11615987614165121;0.9216392491757585;10;3;128;128
55;2;0.0001;concept3;0.031469581247025556;None;0.09312876150499776;0.9685304187529744;10;3;128;128
56;0;0.0001;concept1;0.36357320169674495;None;0.17308342761529238;0.636426798303255;10;3;128;128
56;1;0.0001;concept2;0.07622521990454084;None;0.11455898196891218;0.9237747800954592;10;3;128;128
56;2;0.0001;concept3;0.031552584734358485;None;0.09322672105774839;0.9684474152656415;10;3;128;128
57;0;0.0001;concept1;0.35736997907474827;None;0.1716512571762694;0.6426300209252518;10;3;128;128
57;1;0.0001;concept2;0.07411906620753614;None;0.11297293184407554;0.9258809337924638;10;3;128;128
57;2;0.0001;concept3;0.03168868714743529;None;0.09342722314091995;0.9683113128525647;10;3;128;128
58;0;0.0001;concept1;0.3542974395612413;None;0.17093715878471902;0.6457025604387587;10;3;128;128
58;1;0.0001;concept2;0.0730644629546392;None;0.1121868001494511;0.9269355370453608;10;3;128;128
58;2;0.0001;concept3;0.03180125733531287;None;0.09360522683154285;0.9681987426646871;10;3;128;128
59;0;0.0001;concept1;0.3482877999667669;None;0.16952353565089326;0.6517122000332332;10;3;128;128
59;1;0.0001;concept2;0.07103226133570899;None;0.11063759902587897;0.928967738664291;10;3;128;128
59;2;0.0001;concept3;0.03202605830303071;None;0.09404962090442553;0.9679739416969693;10;3;128;128
60;0;0.0001;concept1;0.3423515638333029;None;0.16811615844034503;0.6576484361666971;10;3;128;128
60;1;0.0001;concept2;0.06904523056148042;None;0.1091255917386316;0.9309547694385196;10;3;128;128
60;2;0.0001;concept3;0.03232254331293765;None;0.09460569938640619;0.9676774566870624;10;3;128;128
61;0;0.0001;concept1;0.3365131908533954;None;0.16672642505193216;0.6634868091466046;10;3;128;128
61;1;0.0001;concept2;0.0671294234256215;None;0.10768448455868332;0.9328705765743786;10;3;128;128
61;2;0.0001;concept3;0.032656992139885876;None;0.09517635723295306;0.9673430078601142;10;3;128;128
62;0;0.0001;concept1;0.3337898040058082;None;0.16607289864170513;0.6662101959941917;10;3;128;128
62;1;0.0001;concept2;0.06624061737285886;None;0.10703260041094556;0.9337593826271411;10;3;128;128
62;2;0.0001;concept3;0.03278461456770932;None;0.09538230602632201;0.9672153854322907;10;3;128;128
63;0;0.0001;concept1;0.32830675012557764;None;0.16474071361055195;0.6716932498744224;10;3;128;128
63;1;0.0001;concept2;0.06447040443145008;None;0.10576517811762019;0.9355295955685499;10;3;128;128
63;2;0.0001;concept3;0.03316777868636165;None;0.09596527409824543;0.9668322213136383;10;3;128;128
64;0;0.0001;concept1;0.32276494681991014;None;0.1633867196956726;0.6772350531800899;10;3;128;128
64;1;0.0001;concept2;0.06275355395658756;None;0.10453578966049254;0.9372464460434125;10;3;128;128
64;2;0.0001;concept3;0.03360631099405291;None;0.09660674902136136;0.9663936890059471;10;3;128;128
65;0;0.0001;concept1;0.31727820454768174;None;0.1620432103088787;0.6827217954523183;10;3;128;128
65;1;0.0001;concept2;0.061077746870708674;None;0.10330409244821546;0.9389222531292913;10;3;128;128
65;2;0.0001;concept3;0.03408318335555853;None;0.09732851661040748;0.9659168166444415;10;3;128;128
66;0;0.0001;concept1;0.3148909014411749;None;0.16145094000132956;0.6851090985588251;10;3;128;128
66;1;0.0001;concept2;0.06032543000010636;None;0.10273349719487723;0.9396745699998936;10;3;128;128
66;2;0.0001;concept3;0.034220606100408724;None;0.0975242839211801;0.9657793938995913;10;3;128;128
67;0;0.0001;concept1;0.3097139239185696;None;0.16017736038467015;0.6902860760814304;10;3;128;128
67;1;0.0001;concept2;0.058772928406468354;None;0.10156154786781985;0.9412270715935317;10;3;128;128
67;2;0.0001;concept3;0.034694983916824296;None;0.09825037731458933;0.9653050160831758;10;3;128;128
68;0;0.0001;concept1;0.3046118176203112;None;0.15891568263672395;0.6953881823796888;10;3;128;128
68;1;0.0001;concept2;0.0572668882797397;None;0.10041129343188529;0.9427331117202603;10;3;128;128
68;2;0.0001;concept3;0.03522148929899683;None;0.09906946293012991;0.9647785107010032;10;3;128;128
69;0;0.0001;concept1;0.3000654986152349;None;0.1577615999549871;0.6999345013847651;10;3;128;128
69;1;0.0001;concept2;0.05591714978270488;None;0.09932455524449399;0.9440828502172951;10;3;128;128
69;2;0.0001;concept3;0.03547037709670061;None;0.09938760074695648;0.9645296229032994;10;3;128;128
70;0;0.0001;concept1;0.2978895204390828;None;0.1572075823746834;0.7021104795609172;10;3;128;128
70;1;0.0001;concept2;0.05527804051527202;None;0.09880799134153535;0.944721959484728;10;3;128;128
70;2;0.0001;concept3;0.03553412822683288;None;0.09945205990812223;0.9644658717731671;10;3;128;128
71;0;0.0001;concept1;0.29359129438785847;None;0.15610566911260496;0.7064087056121415;10;3;128;128
71;1;0.0001;concept2;0.05403397147002672;None;0.09780852562317538;0.9459660285299732;10;3;128;128
71;2;0.0001;concept3;0.03579908286202215;None;0.09976060649649007;0.9642009171379778;10;3;128;128
72;0;0.0001;concept1;0.28939866986720625;None;0.15501919086084362;0.7106013301327938;10;3;128;128
72;1;0.0001;concept2;0.05283788787762886;None;0.09684250387409464;0.9471621121223711;10;3;128;128
72;2;0.0001;concept3;0.03604325672640817;None;0.10007146409915611;0.9639567432735918;10;3;128;128
73;0;0.0001;concept1;0.2852879455292112;None;0.15394809949045105;0.7147120544707888;10;3;128;128
73;1;0.0001;concept2;0.051707140799302345;None;0.09591346692346041;0.9482928592006976;10;3;128;128
73;2;0.0001;concept3;0.0362515825605923;None;0.10035547197551982;0.9637484174394078;10;3;128;128
74;0;0.0001;concept1;0.2833284446726751;None;0.15343761140672246;0.716671555327325;10;3;128;128
74;1;0.0001;concept2;0.051170192620859485;None;0.0954641608497344;0.9488298073791406;10;3;128;128
74;2;0.0001;concept3;0.03638410723884315;None;0.10055508759047944;0.9636158927611569;10;3;128;128
75;0;0.0001;concept1;0.27937118464411403;None;0.15239505687878263;0.720628815355886;10;3;128;128
75;1;0.0001;concept2;0.05010196977345727;None;0.09456307178935693;0.9498980302265427;10;3;128;128
75;2;0.0001;concept3;0.03660710549328106;None;0.10091721213065184;0.9633928945067189;10;3;128;128
76;0;0.0001;concept1;0.2755104181956081;None;0.151369546142745;0.7244895818043919;10;3;128;128
76;1;0.0001;concept2;0.04908035061500777;None;0.09370868625177997;0.9509196493849922;10;3;128;128
76;2;0.0001;concept3;0.036894954513829806;None;0.10135877015542788;0.9631050454861702;10;3;128;128
77;0;0.0001;concept1;0.27174496012495114;None;0.15036220253546057;0.7282550398750489;10;3;128;128
77;1;0.0001;concept2;0.048104015874296455;None;0.09289067766046875;0.9518959841257035;10;3;128;128
77;2;0.0001;concept3;0.03711381793986161;None;0.10168345810476799;0.9628861820601384;10;3;128;128
78;0;0.0001;concept1;0.2700032288790682;None;0.14989641209794463;0.7299967711209319;10;3;128;128
78;1;0.0001;concept2;0.04765164103715712;None;0.09250823749648726;0.9523483589628429;10;3;128;128
78;2;0.0001;concept3;0.037256431973058945;None;0.10188813053020038;0.962743568026941;10;3;128;128
79;0;0.0001;concept1;0.2664362795961774;None;0.14893371550928516;0.7335637204038226;10;3;128;128
79;1;0.0001;concept2;0.046753682624226946;None;0.0917537232900035;0.953246317375773;10;3;128;128
79;2;0.0001;concept3;0.03748019434440815;None;0.10219588915133936;0.9625198056555918;10;3;128;128
80;0;0.0001;concept1;0.2628587101886175;None;0.14796239581949164;0.7371412898113825;10;3;128;128
80;1;0.0001;concept2;0.04587565619597802;None;0.09102517508808196;0.954124343804022;10;3;128;128
80;2;0.0001;concept3;0.037774986091079425;None;0.10258557226729786;0.9622250139089206;10;3;128;128
81;0;0.0001;concept1;0.25941332301266506;None;0.14701937864507456;0.740586676987335;10;3;128;128
81;1;0.0001;concept2;0.04504511647283178;None;0.09033664614193988;0.9549548835271682;10;3;128;128
81;2;0.0001;concept3;0.037984768453204046;None;0.10283473267798889;0.9620152315467959;10;3;128;128
82;0;0.0001;concept1;0.25781066799874347;None;0.14657947351832815;0.7421893320012565;10;3;128;128
82;1;0.0001;concept2;0.0446691432789541;None;0.09002313405042085;0.9553308567210459;10;3;128;128
82;2;0.0001;concept3;0.03813145148060167;None;0.10301551973250864;0.9618685485193983;10;3;128;128
83;0;0.0001;concept1;0.2545463918505937;None;0.14567935709011487;0.7454536081494063;10;3;128;128
83;1;0.0001;concept2;0.043915341875276244;None;0.08939275597652348;0.9560846581247238;10;3;128;128
83;2;0.0001;concept3;0.03833604478508395;None;0.10323620752786623;0.9616639552149161;10;3;128;128
84;0;0.0001;concept1;0.25139212941414807;None;0.1448025344426389;0.7486078705858519;10;3;128;128
84;1;0.0001;concept2;0.04319446251431261;None;0.08878644571840798;0.9568055374856874;10;3;128;128
84;2;0.0001;concept3;0.03862761544393191;None;0.10356588930231447;0.9613723845560681;10;3;128;128
85;0;0.0001;concept1;0.2481984831796937;None;0.1439064957545044;0.7518015168203063;10;3;128;128
85;1;0.0001;concept2;0.04249024037157168;None;0.08818555418688785;0.9575097596284283;10;3;128;128
85;2;0.0001;concept3;0.038871885639660576;None;0.10385730240862852;0.9611281143603394;10;3;128;128
86;0;0.0001;concept1;0.24674986539987362;None;0.14349972837967334;0.7532501346001264;10;3;128;128
86;1;0.0001;concept2;0.042174637676358206;None;0.08791568091642259;0.9578253623236418;10;3;128;128
86;2;0.0001;concept3;0.03901580885976268;None;0.10402790682243392;0.9609841911402374;10;3;128;128
87;0;0.0001;concept1;0.24374727602934637;None;0.14264986267592353;0.7562527239706537;10;3;128;128
87;1;0.0001;concept2;0.04153454976078357;None;0.08738473025606618;0.9584654502392165;10;3;128;128
87;2;0.0001;concept3;0.03921803445925069;None;0.10422809190636086;0.9607819655407493;10;3;128;128
88;0;0.0001;concept1;0.24081342191713703;None;0.1418149803786841;0.759186578082863;10;3;128;128
88;1;0.0001;concept2;0.04092312412978599;None;0.086879426410462;0.9590768758702141;10;3;128;128
88;2;0.0001;concept3;0.03945630738517799;None;0.10450742305845033;0.960543692614822;10;3;128;128
89;0;0.0001;concept1;0.23801435584776645;None;0.1410143195144826;0.7619856441522336;10;3;128;128
89;1;0.0001;concept2;0.04034304612677596;None;0.08638791497667814;0.959656953873224;10;3;128;128
89;2;0.0001;concept3;0.03973333521280662;None;0.1048702565700137;0.9602666647871934;10;3;128;128
90;0;0.0001;concept1;0.23670904276080446;None;0.14063794316162945;0.7632909572391956;10;3;128;128
90;1;0.0001;concept2;0.0400781055751581;None;0.08616096520403413;0.9599218944248419;10;3;128;128
90;2;0.0001;concept3;0.039779679720810174;None;0.10492021928379805;0.9602203202791898;10;3;128;128
91;0;0.0001;concept1;0.23396064321756763;None;0.13984552926954116;0.7660393567824324;10;3;128;128
91;1;0.0001;concept2;0.0395273377360232;None;0.0856833690229765;0.9604726622639768;10;3;128;128
91;2;0.0001;concept3;0.04006728433510786;None;0.1052867202096449;0.9599327156648921;10;3;128;128
92;0;0.0001;concept1;0.2313174861835768;None;0.13908130324557483;0.7686825138164233;10;3;128;128
92;1;0.0001;concept2;0.03900834104205173;None;0.08522301752738873;0.9609916589579482;10;3;128;128
92;2;0.0001;concept3;0.04029542866992046;None;0.1055586973327901;0.9597045713300796;10;3;128;128
93;0;0.0001;concept1;0.22874119511035207;None;0.13832831375532317;0.7712588048896479;10;3;128;128
93;1;0.0001;concept2;0.038523779961467254;None;0.0847841280558752;0.9614762200385327;10;3;128;128
93;2;0.0001;concept3;0.04047086593884094;None;0.10575576023219442;0.959529134061159;10;3;128;128
94;0;0.0001;concept1;0.22755905515450853;None;0.13798171031951506;0.7724409448454914;10;3;128;128
94;1;0.0001;concept2;0.03829880784855876;None;0.0845771967360116;0.9617011921514412;10;3;128;128
94;2;0.0001;concept3;0.04060709628022557;None;0.10592069754797995;0.9593929037197745;10;3;128;128
95;0;0.0001;concept1;0.22511478743783347;None;0.13726149843599936;0.7748852125621666;10;3;128;128
95;1;0.0001;concept2;0.03784962805248307;None;0.08415805701606356;0.962150371947517;10;3;128;128
95;2;0.0001;concept3;0.040842896002241245;None;0.10619175360159841;0.9591571039977588;10;3;128;128
96;0;0.0001;concept1;0.22265477026363575;None;0.1365333741627743;0.7773452297363642;10;3;128;128
96;1;0.0001;concept2;0.037407644190584316;None;0.08373728870479737;0.9625923558094157;10;3;128;128
96;2;0.0001;concept3;0.04102187499895836;None;0.1063764129556973;0.9589781250010416;10;3;128;128
97;0;0.0001;concept1;0.22028831313883274;None;0.13582567784965338;0.7797116868611673;10;3;128;128
97;1;0.0001;concept2;0.03698760743657576;None;0.08333032089516218;0.9630123925634242;10;3;128;128
97;2;0.0001;concept3;0.04128746864882219;None;0.10666851164754595;0.9587125313511778;10;3;128;128
98;0;0.0001;concept1;0.2192157951862739;None;0.13550458006279836;0.7807842048137261;10;3;128;128
98;1;0.0001;concept2;0.03679707142367304;None;0.08314692576708684;0.9632029285763269;10;3;128;128
98;2;0.0001;concept3;0.04137538072492996;None;0.10675715166225569;0.95862461927507;10;3;128;128
99;0;0.0001;concept1;0.21697697263079405;None;0.13483259494908337;0.783023027369206;10;3;128;128
99;1;0.0001;concept2;0.03640504244778048;None;0.08277112597759662;0.9635949575522195;10;3;128;128
99;2;0.0001;concept3;0.04158213918503294;None;0.10696612062417449;0.958417860814967;10;3;128;128
100;0;0.0001;concept1;0.17194120503111096;None;0.1314715206630594;0.828058794968889;10;3;128;128
100;1;0.0001;concept2;0.29405676838993927;None;0.10313205351539348;0.7059432316100607;10;3;128;128
100;2;0.0001;concept3;0.3197840822396836;None;0.23800820639221962;0.6802159177603164;10;3;128;128
101;0;0.0001;concept1;0.17080272583710096;None;0.13103186392873328;0.829197274162899;10;3;128;128
101;1;0.0001;concept2;0.2895348261410247;None;0.10228163176302864;0.7104651738589753;10;3;128;128
101;2;0.0001;concept3;0.3191189353759886;None;0.23788677427643862;0.6808810646240113;10;3;128;128
102;0;0.0001;concept1;0.170344392583933;None;0.13085060246706992;0.829655607416067;10;3;128;128
102;1;0.0001;concept2;0.28812387029608794;None;0.10201676175542598;0.711876129703912;10;3;128;128
102;2;0.0001;concept3;0.3184989514524934;None;0.23774113331707472;0.6815010485475066;10;3;128;128
103;0;0.0001;concept1;0.1692148738327384;None;0.13040878896891078;0.8307851261672616;10;3;128;128
103;1;0.0001;concept2;0.2839799696646508;None;0.1012439049568554;0.7160200303353492;10;3;128;128
103;2;0.0001;concept3;0.31778507481644086;None;0.23758051047491133;0.6822149251835592;10;3;128;128
104;0;0.0001;concept1;0.16820654499823684;None;0.13001404108347156;0.8317934550017632;10;3;128;128
104;1;0.0001;concept2;0.28001544112350174;None;0.10049717084074294;0.7199845588764983;10;3;128;128
104;2;0.0001;concept3;0.31716307857693665;None;0.23745715298421802;0.6828369214230634;10;3;128;128
105;0;0.0001;concept1;0.16713813753121587;None;0.12960548145160114;0.8328618624687841;10;3;128;128
105;1;0.0001;concept2;0.2762400769057086;None;0.09977826688042864;0.7237599230942914;10;3;128;128
105;2;0.0001;concept3;0.31653429638446795;None;0.23732617739020712;0.683465703615532;10;3;128;128
106;0;0.0001;concept1;0.1667272577687711;None;0.1294411149637257;0.8332727422312289;10;3;128;128
106;1;0.0001;concept2;0.2749731181439123;None;0.09953523120293833;0.7250268818560877;10;3;128;128
106;2;0.0001;concept3;0.31607297416159774;None;0.23725045701877967;0.6839270258384023;10;3;128;128
107;0;0.0001;concept1;0.16568305968982888;None;0.12902896461857546;0.8343169403101711;10;3;128;128
107;1;0.0001;concept2;0.27142948374595305;None;0.0988521879870952;0.728570516254047;10;3;128;128
107;2;0.0001;concept3;0.3154842932288786;None;0.23714169281351602;0.6845157067711214;10;3;128;128
108;0;0.0001;concept1;0.1646890472612757;None;0.12864490073358706;0.8353109527387244;10;3;128;128
108;1;0.0001;concept2;0.2679742946895685;None;0.09818264241658639;0.7320257053104315;10;3;128;128
108;2;0.0001;concept3;0.3147362795720707;None;0.23697546988826604;0.6852637204279293;10;3;128;128
109;0;0.0001;concept1;0.16375776342659842;None;0.12827693391323164;0.8362422365734016;10;3;128;128
109;1;0.0001;concept2;0.26469150789997753;None;0.09754179230633567;0.7353084921000225;10;3;128;128
109;2;0.0001;concept3;0.3143068779966918;None;0.23696121665468103;0.6856931220033082;10;3;128;128
110;0;0.0001;concept1;0.16334754354810943;None;0.12811360598569127;0.8366524564518906;10;3;128;128
110;1;0.0001;concept2;0.2635363101772623;None;0.09731497039687999;0.7364636898227377;10;3;128;128
110;2;0.0001;concept3;0.3140183449627101;None;0.23694260989942736;0.6859816550372899;10;3;128;128
111;0;0.0001;concept1;0.16245955167409587;None;0.12776351863631163;0.8375404483259041;10;3;128;128
111;1;0.0001;concept2;0.2604907214858162;None;0.0967129023718352;0.7395092785141838;10;3;128;128
111;2;0.0001;concept3;0.31358966289951085;None;0.23691689064180227;0.6864103371004892;10;3;128;128
112;0;0.0001;concept1;0.16156234491698768;None;0.1274138007736586;0.8384376550830124;10;3;128;128
112;1;0.0001;concept2;0.25746700348528717;None;0.09611776826582347;0.7425329965147128;10;3;128;128
112;2;0.0001;concept3;0.3130567670800522;None;0.23687255272182378;0.6869432329199479;10;3;128;128
113;0;0.0001;concept1;0.16077107173031197;None;0.12709016079997226;0.8392289282696881;10;3;128;128
113;1;0.0001;concept2;0.2546035784128988;None;0.09555310506942108;0.7453964215871012;10;3;128;128
113;2;0.0001;concept3;0.3125331607868025;None;0.23683576183563312;0.6874668392131975;10;3;128;128
114;0;0.0001;concept1;0.1604156098728458;None;0.12694637557812374;0.8395843901271542;10;3;128;128
114;1;0.0001;concept2;0.25353483890914136;None;0.09534062260359771;0.7464651610908586;10;3;128;128
114;2;0.0001;concept3;0.31213157141860803;None;0.23676293964605435;0.687868428581392;10;3;128;128
115;0;0.0001;concept1;0.15954367144986317;None;0.1265995323023364;0.8404563285501369;10;3;128;128
115;1;0.0001;concept2;0.2508767939874466;None;0.09480979661403258;0.7491232060125533;10;3;128;128
115;2;0.0001;concept3;0.311653595230213;None;0.2367628551926958;0.688346404769787;10;3;128;128
116;0;0.0001;concept1;0.15872777684454825;None;0.1262802053435099;0.8412722231554517;10;3;128;128
116;1;0.0001;concept2;0.2483495058118837;None;0.09430290390332105;0.7516504941881164;10;3;128;128
116;2;0.0001;concept3;0.31123439933227587;None;0.2368025485510217;0.6887656006677241;10;3;128;128
117;0;0.0001;concept1;0.1579279053185647;None;0.1259588001124379;0.8420720946814353;10;3;128;128
117;1;0.0001;concept2;0.245879116926416;None;0.09380612852426976;0.7541208830735839;10;3;128;128
117;2;0.0001;concept3;0.3108413505201708;None;0.23688131445077049;0.6891586494798292;10;3;128;128
118;0;0.0001;concept1;0.15757471019706823;None;0.1258158152175152;0.8424252898029317;10;3;128;128
118;1;0.0001;concept2;0.24487664430051528;None;0.0936031495279317;0.7551233556994847;10;3;128;128
118;2;0.0001;concept3;0.3106011262951617;None;0.2369048960731095;0.6893988737048383;10;3;128;128
119;0;0.0001;concept1;0.15684054174836132;None;0.1255251053980615;0.8431594582516386;10;3;128;128
119;1;0.0001;concept2;0.2425796020645147;None;0.09313547910233409;0.7574203979354853;10;3;128;128
119;2;0.0001;concept3;0.31020116721870644;None;0.23693737273416932;0.6897988327812936;10;3;128;128
120;0;0.0001;concept1;0.1561199603850506;None;0.12523211467746448;0.8438800396149494;10;3;128;128
120;1;0.0001;concept2;0.24037614633849144;None;0.0926838012307254;0.7596238536615085;10;3;128;128
120;2;0.0001;concept3;0.30992505245839075;None;0.23705493902194477;0.6900749475416093;10;3;128;128
121;0;0.0001;concept1;0.15543590146510464;None;0.12494922808333579;0.8445640985348954;10;3;128;128
121;1;0.0001;concept2;0.23832524138053926;None;0.09226274311606657;0.7616747586194608;10;3;128;128
121;2;0.0001;concept3;0.30962652837749627;None;0.23715059467627964;0.6903734716225038;10;3;128;128
122;0;0.0001;concept1;0.15511508036082036;None;0.1248218059788188;0.8448849196391797;10;3;128;128
122;1;0.0001;concept2;0.23740893683011347;None;0.09207322476314604;0.7625910631698866;10;3;128;128
122;2;0.0001;concept3;0.3095360922211877;None;0.23722090720365704;0.6904639077788123;10;3;128;128
123;0;0.0001;concept1;0.15442405906717993;None;0.12454151837134873;0.8455759409328201;10;3;128;128
123;1;0.0001;concept2;0.23541146512112032;None;0.09165923266361264;0.7645885348788797;10;3;128;128
123;2;0.0001;concept3;0.3090896303972806;None;0.2372519493390046;0.6909103696027195;10;3;128;128
124;0;0.0001;concept1;0.15374238961395437;None;0.1242678669938567;0.8462576103860456;10;3;128;128
124;1;0.0001;concept2;0.23352211416866792;None;0.09126522307209603;0.7664778858313321;10;3;128;128
124;2;0.0001;concept3;0.30908025644222314;None;0.23747448535336915;0.6909197435577769;10;3;128;128
125;0;0.0001;concept1;0.15301286923982224;None;0.12398138821071247;0.8469871307601777;10;3;128;128
125;1;0.0001;concept2;0.23176233275414332;None;0.09089577745260155;0.7682376672458566;10;3;128;128
125;2;0.0001;concept3;0.3088163996934066;None;0.23762891101647526;0.6911836003065934;10;3;128;128
126;0;0.0001;concept1;0.15272342825167237;None;0.12385839705155983;0.8472765717483276;10;3;128;128
126;1;0.0001;concept2;0.2309093933042799;None;0.090715577470455;0.7690906066957202;10;3;128;128
126;2;0.0001;concept3;0.3087042428765623;None;0.23768430091675033;0.6912957571234377;10;3;128;128
127;0;0.0001;concept1;0.1521233403911688;None;0.12361160388693611;0.8478766596088312;10;3;128;128
127;1;0.0001;concept2;0.22930579907014823;None;0.09037734987280166;0.7706942009298517;10;3;128;128
127;2;0.0001;concept3;0.3085714552257882;None;0.23785759341041698;0.6914285447742118;10;3;128;128
128;0;0.0001;concept1;0.15156655231133273;None;0.12338202460544859;0.8484334476886672;10;3;128;128
128;1;0.0001;concept2;0.22769283683239186;None;0.09003481733573646;0.7723071631676082;10;3;128;128
128;2;0.0001;concept3;0.3083112690898948;None;0.23797175201372384;0.6916887309101052;10;3;128;128
129;0;0.0001;concept1;0.15105289414507364;None;0.12316635603064872;0.8489471058549264;10;3;128;128
129;1;0.0001;concept2;0.22621641126215483;None;0.08972595901037628;0.7737835887378451;10;3;128;128
129;2;0.0001;concept3;0.30805614580642315;None;0.23808573230588106;0.691943854193577;10;3;128;128
130;0;0.0001;concept1;0.1507597401249728;None;0.12304439702682786;0.8492402598750272;10;3;128;128
130;1;0.0001;concept2;0.22539719500329047;None;0.08955438017931591;0.7746028049967095;10;3;128;128
130;2;0.0001;concept3;0.3079761211336485;None;0.23815077303481752;0.6920238788663515;10;3;128;128
131;0;0.0001;concept1;0.1502499562741911;None;0.12282816267156016;0.849750043725809;10;3;128;128
131;1;0.0001;concept2;0.22402864664445346;None;0.08926632163618069;0.7759713533555466;10;3;128;128
131;2;0.0001;concept3;0.3077582095952984;None;0.2382639635722655;0.6922417904047016;10;3;128;128
132;0;0.0001;concept1;0.14971334183939616;None;0.12260385135815453;0.8502866581606039;10;3;128;128
132;1;0.0001;concept2;0.22278308007512923;None;0.08900329054597368;0.7772169199248707;10;3;128;128
132;2;0.0001;concept3;0.30756435395703385;None;0.23841090141064744;0.6924356460429661;10;3;128;128
133;0;0.0001;concept1;0.14917835941367294;None;0.12237936741531304;0.850821640586327;10;3;128;128
133;1;0.0001;concept2;0.22155985610733814;None;0.0887464021398461;0.7784401438926618;10;3;128;128
133;2;0.0001;concept3;0.3072946661801257;None;0.23852958205761332;0.6927053338198743;10;3;128;128
134;0;0.0001;concept1;0.14891656567039957;None;0.1222689743634098;0.8510834343296004;10;3;128;128
134;1;0.0001;concept2;0.2207924148942677;None;0.08858426779004794;0.7792075851057323;10;3;128;128
134;2;0.0001;concept3;0.3073801260829663;None;0.23863578925207815;0.6926198739170337;10;3;128;128
135;0;0.0001;concept1;0.14835323892035077;None;0.1220349718787975;0.8516467610796492;10;3;128;128
135;1;0.0001;concept2;0.21968525844633682;None;0.08835027972386947;0.7803147415536632;10;3;128;128
135;2;0.0001;concept3;0.3070588342710827;None;0.23873203342181065;0.6929411657289173;10;3;128;128
136;0;0.0001;concept1;0.14778197045862562;None;0.12179827691322315;0.8522180295413744;10;3;128;128
136;1;0.0001;concept2;0.2178959909226844;None;0.08797138119823414;0.7821040090773156;10;3;128;128
136;2;0.0001;concept3;0.3070326291338546;None;0.2388744572413902;0.6929673708661455;10;3;128;128
137;0;0.0001;concept1;0.14725321873902453;None;0.12156849980494859;0.8527467812609755;10;3;128;128
137;1;0.0001;concept2;0.21618934568487663;None;0.08761274024633532;0.7838106543151233;10;3;128;128
137;2;0.0001;concept3;0.3069899071957349;None;0.2390145645704759;0.6930100928042651;10;3;128;128
138;0;0.0001;concept1;0.1469772111808936;None;0.12145613719452304;0.8530227888191064;10;3;128;128
138;1;0.0001;concept2;0.21545389902534992;None;0.08745783351359385;0.78454610097465;10;3;128;128
138;2;0.0001;concept3;0.30693954352566394;None;0.2390748834970569;0.693060456474336;10;3;128;128
139;0;0.0001;concept1;0.14647169418434752;None;0.12124055042514924;0.8535283058156524;10;3;128;128
139;1;0.0001;concept2;0.21377300595790039;None;0.08710340071820283;0.7862269940420996;10;3;128;128
139;2;0.0001;concept3;0.30708116707371996;None;0.23927300645952432;0.6929188329262801;10;3;128;128
140;0;0.0001;concept1;0.14594370160135264;None;0.12102063631099666;0.8540562983986474;10;3;128;128
140;1;0.0001;concept2;0.21214843957452859;None;0.08676066371364911;0.7878515604254714;10;3;128;128
140;2;0.0001;concept3;0.3070964280646749;None;0.23943524986417442;0.6929035719353251;10;3;128;128
141;0;0.0001;concept1;0.14543621910036741;None;0.12080771284755294;0.8545637808996326;10;3;128;128
141;1;0.0001;concept2;0.21059978634547388;None;0.0864351308788411;0.7894002136545262;10;3;128;128
141;2;0.0001;concept3;0.30714464823717236;None;0.2396113236449251;0.6928553517628276;10;3;128;128
142;0;0.0001;concept1;0.1451965071288301;None;0.12070784758482121;0.8548034928711699;10;3;128;128
142;1;0.0001;concept2;0.2099126098159379;None;0.08629090708921011;0.7900873901840622;10;3;128;128
142;2;0.0001;concept3;0.30715332196980993;None;0.2396837850462741;0.6928466780301901;10;3;128;128
143;0;0.0001;concept1;0.14468011926645472;None;0.12049803388570948;0.8553198807335453;10;3;128;128
143;1;0.0001;concept2;0.20842732978058576;None;0.08597741541366286;0.7915726702194142;10;3;128;128
143;2;0.0001;concept3;0.30710358859046666;None;0.2398132221217568;0.6928964114095333;10;3;128;128
144;0;0.0001;concept1;0.14418075744818204;None;0.12029143882046485;0.855819242551818;10;3;128;128
144;1;0.0001;concept2;0.20691030186286025;None;0.08565527305304511;0.7930896981371398;10;3;128;128
144;2;0.0001;concept3;0.3071474840235525;None;0.2399926990946107;0.6928525159764475;10;3;128;128
145;0;0.0001;concept1;0.14364935051526972;None;0.12007391846899902;0.8563506494847303;10;3;128;128
145;1;0.0001;concept2;0.2054283514608086;None;0.08533875094490494;0.7945716485391914;10;3;128;128
145;2;0.0001;concept3;0.3070822683176886;None;0.24011956759417422;0.6929177316823114;10;3;128;128
146;0;0.0001;concept1;0.14341762069607525;None;0.11997560548440453;0.8565823793039248;10;3;128;128
146;1;0.0001;concept2;0.20477925056945728;None;0.08520065917690955;0.7952207494305427;10;3;128;128
146;2;0.0001;concept3;0.307092319063402;None;0.24019267661117286;0.6929076809365979;10;3;128;128
147;0;0.0001;concept1;0.1429854923402682;None;0.11978469346172708;0.8570145076597318;10;3;128;128
147;1;0.0001;concept2;0.20336722309519129;None;0.084900088900948;0.7966327769048087;10;3;128;128
147;2;0.0001;concept3;0.3071496987213639;None;0.24036694862700705;0.6928503012786361;10;3;128;128
148;0;0.0001;concept1;0.14249823418592852;None;0.11958075268800764;0.8575017658140714;10;3;128;128
148;1;0.0001;concept2;0.20199799775690713;None;0.0846075034772638;0.7980020022430929;10;3;128;128
148;2;0.0001;concept3;0.3072841573330095;None;0.24057085724299992;0.6927158426669905;10;3;128;128
149;0;0.0001;concept1;0.14209537988385934;None;0.11940509843275003;0.8579046201161407;10;3;128;128
149;1;0.0001;concept2;0.20061960949885993;None;0.08431274852067991;0.7993803905011401;10;3;128;128
149;2;0.0001;concept3;0.30732573267082075;None;0.24073721955593005;0.6926742673291792;10;3;128;128
150;0;0.0001;concept1;0.13321288049759386;None;0.11352385834557378;0.8667871195024062;10;3;128;128
150;1;0.0001;concept2;0.03262503914197961;None;0.06839130108004282;0.9673749608580204;10;3;128;128
150;2;0.0001;concept3;0.44953413120104874;None;0.1257009451928492;0.5504658687989512;10;3;128;128
151;0;0.0001;concept1;0.1327697691263346;None;0.11335263228369602;0.8672302308736655;10;3;128;128
151;1;0.0001;concept2;0.032474692802682496;None;0.06826059011355168;0.9675253071973176;10;3;128;128
151;2;0.0001;concept3;0.44424187208740623;None;0.12532396672782126;0.5557581279125938;10;3;128;128
152;0;0.0001;concept1;0.13233925998323845;None;0.11318661303795385;0.8676607400167615;10;3;128;128
152;1;0.0001;concept2;0.03232671253156606;None;0.06813235266712593;0.967673287468434;10;3;128;128
152;2;0.0001;concept3;0.4387316607286694;None;0.12490485361608718;0.5612683392713305;10;3;128;128
153;0;0.0001;concept1;0.1318885696369599;None;0.11300543189157322;0.8681114303630401;10;3;128;128
153;1;0.0001;concept2;0.03217466137008486;None;0.06800016841850892;0.9678253386299152;10;3;128;128
153;2;0.0001;concept3;0.4335310682787916;None;0.12451456268626665;0.5664689317212084;10;3;128;128
154;0;0.0001;concept1;0.1316651643167011;None;0.11290854803934294;0.868334835683299;10;3;128;128
154;1;0.0001;concept2;0.03206561875186274;None;0.06789785227867338;0.9679343812481372;10;3;128;128
154;2;0.0001;concept3;0.42911142183546674;None;0.1241214516379526;0.5708885781645332;10;3;128;128
155;0;0.0001;concept1;0.13120423542555226;None;0.11272004001919468;0.8687957645744477;10;3;128;128
155;1;0.0001;concept2;0.031919557133067385;None;0.0677692749146361;0.9680804428669326;10;3;128;128
155;2;0.0001;concept3;0.42401983178090713;None;0.12372614903717657;0.5759801682190928;10;3;128;128
156;0;0.0001;concept1;0.13080333322151877;None;0.11256133350863251;0.8691966667784812;10;3;128;128
156;1;0.0001;concept2;0.03177643324163702;None;0.0676431569607692;0.968223566758363;10;3;128;128
156;2;0.0001;concept3;0.41891389578039345;None;0.12331217789718904;0.5810861042196065;10;3;128;128
157;0;0.0001;concept1;0.1304023678965543;None;0.11239578823869965;0.8695976321034458;10;3;128;128
157;1;0.0001;concept2;0.03163216423389998;None;0.06751529233844901;0.9683678357661;10;3;128;128
157;2;0.0001;concept3;0.41415975507441655;None;0.12292015803867504;0.5858402449255834;10;3;128;128
158;0;0.0001;concept1;0.13021030268625566;None;0.11231259842459972;0.8697896973137443;10;3;128;128
158;1;0.0001;concept2;0.03153157538882711;None;0.06741877372262177;0.9684684246111729;10;3;128;128
158;2;0.0001;concept3;0.4088933246744071;None;0.12240078199313849;0.5911066753255929;10;3;128;128
159;0;0.0001;concept1;0.12976599376344372;None;0.11213020916656477;0.8702340062365563;10;3;128;128
159;1;0.0001;concept2;0.03139051791124472;None;0.06729090859536078;0.9686094820887553;10;3;128;128
159;2;0.0001;concept3;0.40405447690495294;None;0.12196234769595665;0.595945523095047;10;3;128;128
160;0;0.0001;concept1;0.1293497126572987;None;0.11195973242094132;0.8706502873427013;10;3;128;128
160;1;0.0001;concept2;0.031243284064258855;None;0.06715382551779153;0.9687567159357411;10;3;128;128
160;2;0.0001;concept3;0.39975285841174296;None;0.12158438707703373;0.6002471415882571;10;3;128;128
161;0;0.0001;concept1;0.12897855119795576;None;0.1118044938005138;0.8710214488020442;10;3;128;128
161;1;0.0001;concept2;0.03110046284101916;None;0.06701927506680849;0.9688995371589808;10;3;128;128
161;2;0.0001;concept3;0.395398701514946;None;0.12117445407313535;0.604601298485054;10;3;128;128
162;0;0.0001;concept1;0.1287929264505933;None;0.1117181443540448;0.8712070735494067;10;3;128;128
162;1;0.0001;concept2;0.03100464436771385;None;0.0669243581018595;0.9689953556322861;10;3;128;128
162;2;0.0001;concept3;0.39243456238864644;None;0.12084810418643008;0.6075654376113535;10;3;128;128
163;0;0.0001;concept1;0.12842983541622;None;0.11155756450892167;0.87157016458378;10;3;128;128
163;1;0.0001;concept2;0.03086525038201775;None;0.06679258867988831;0.9691347496179823;10;3;128;128
163;2;0.0001;concept3;0.3875271648005912;None;0.12034634455861974;0.6124728351994088;10;3;128;128
164;0;0.0001;concept1;0.1280392058779739;None;0.11139626223149666;0.8719607941220261;10;3;128;128
164;1;0.0001;concept2;0.03072459922607579;None;0.06665655801273321;0.9692754007739242;10;3;128;128
164;2;0.0001;concept3;0.38364397136377854;None;0.11996559183593107;0.6163560286362215;10;3;128;128
165;0;0.0001;concept1;0.12765609637808736;None;0.11123183622003652;0.8723439036219126;10;3;128;128
165;1;0.0001;concept2;0.03058746235248762;None;0.06651923867976486;0.9694125376475123;10;3;128;128
165;2;0.0001;concept3;0.380135649850006;None;0.1196134584999108;0.6198643501499941;10;3;128;128
166;0;0.0001;concept1;0.12746262785350163;None;0.11115248214344381;0.8725373721464984;10;3;128;128
166;1;0.0001;concept2;0.030498873181919822;None;0.06643272396526698;0.9695011268180802;10;3;128;128
166;2;0.0001;concept3;0.3778002606034034;None;0.11935930658195575;0.6221997393965966;10;3;128;128
167;0;0.0001;concept1;0.12707951120707803;None;0.1109916204593138;0.872920488792922;10;3;128;128
167;1;0.0001;concept2;0.030357503564998035;None;0.0662949625601852;0.969642496435002;10;3;128;128
167;2;0.0001;concept3;0.373434578299741;None;0.11895972775451912;0.626565421700259;10;3;128;128
168;0;0.0001;concept1;0.1267004412747793;None;0.11083124322522203;0.8732995587252207;10;3;128;128
168;1;0.0001;concept2;0.030214394071812457;None;0.0661535078545287;0.9697856059281875;10;3;128;128
168;2;0.0001;concept3;0.37032812047233854;None;0.11864119307688241;0.6296718795276615;10;3;128;128
169;0;0.0001;concept1;0.12632215660622606;None;0.11066735574183421;0.873677843393774;10;3;128;128
169;1;0.0001;concept2;0.03007075168384693;None;0.06600933016671667;0.969929248316153;10;3;128;128
169;2;0.0001;concept3;0.3674937417386426;None;0.1183176388938585;0.6325062582613574;10;3;128;128
170;0;0.0001;concept1;0.1261481088623934;None;0.11059177165300985;0.8738518911376066;10;3;128;128
170;1;0.0001;concept2;0.02998525442621468;None;0.06591999289716012;0.9700147455737853;10;3;128;128
170;2;0.0001;concept3;0.36580050380975215;None;0.11808992772134563;0.6341994961902478;10;3;128;128
171;0;0.0001;concept1;0.12580113517469202;None;0.11043539346241887;0.874198864825308;10;3;128;128
171;1;0.0001;concept2;0.0298443236570951;None;0.06577645250864275;0.9701556763429049;10;3;128;128
171;2;0.0001;concept3;0.36330482331526803;None;0.11775741144460514;0.636695176684732;10;3;128;128
172;0;0.0001;concept1;0.12544691206703815;None;0.11028390139201426;0.8745530879329618;10;3;128;128
172;1;0.0001;concept2;0.029704424898164203;None;0.06563519495036488;0.9702955751018358;10;3;128;128
172;2;0.0001;concept3;0.36106260037761945;None;0.11751301232105829;0.6389373996223806;10;3;128;128
173;0;0.0001;concept1;0.12508821300251802;None;0.11012505628320049;0.8749117869974821;10;3;128;128
173;1;0.0001;concept2;0.02956129540049051;None;0.06548769290301783;0.9704387045995095;10;3;128;128
173;2;0.0001;concept3;0.35901015962963057;None;0.11728858087933956;0.6409898403703693;10;3;128;128
174;0;0.0001;concept1;0.12492667361336295;None;0.11005155416331337;0.875073326386637;10;3;128;128
174;1;0.0001;concept2;0.02948552805690886;None;0.0654096173565441;0.9705144719430912;10;3;128;128
174;2;0.0001;concept3;0.35788675362613287;None;0.1171464658691287;0.6421132463738671;10;3;128;128
175;0;0.0001;concept1;0.12458813684934947;None;0.10989366955042978;0.8754118631506506;10;3;128;128
175;1;0.0001;concept2;0.029348522308352616;None;0.06526731898726676;0.9706514776916474;10;3;128;128
175;2;0.0001;concept3;0.3562338872577473;None;0.11696330953657703;0.6437661127422527;10;3;128;128
176;0;0.0001;concept1;0.12424726808781675;None;0.10973481371444907;0.8757527319121833;10;3;128;128
176;1;0.0001;concept2;0.029208726666614157;None;0.06512035557662701;0.9707912733333859;10;3;128;128
176;2;0.0001;concept3;0.3547269606672353;None;0.11678074765162609;0.6452730393327647;10;3;128;128
177;0;0.0001;concept1;0.12390610570553044;None;0.10957718705708994;0.8760938942944696;10;3;128;128
177;1;0.0001;concept2;0.029067783207484488;None;0.06497142831609577;0.9709322167925155;10;3;128;128
177;2;0.0001;concept3;0.3534689887513173;None;0.11659091682172174;0.6465310112486826;10;3;128;128
178;0;0.0001;concept1;0.12379212903733736;None;0.10951740515176665;0.8762078709626626;10;3;128;128
178;1;0.0001;concept2;0.02899285249820942;None;0.06488873374899075;0.9710071475017906;10;3;128;128
178;2;0.0001;concept3;0.35288563383127713;None;0.11647469144679774;0.6471143661687229;10;3;128;128
179;0;0.0001;concept1;0.12347050535180845;None;0.10936291734812328;0.8765294946481915;10;3;128;128
179;1;0.0001;concept2;0.028852355272266907;None;0.06473920744376423;0.9711476447277331;10;3;128;128
179;2;0.0001;concept3;0.3520165227092227;None;0.11627134284152994;0.6479834772907773;10;3;128;128
180;0;0.0001;concept1;0.12315565704739853;None;0.10920524709462373;0.8768443429526015;10;3;128;128
180;1;0.0001;concept2;0.028711435964355575;None;0.06458970693318951;0.9712885640356445;10;3;128;128
180;2;0.0001;concept3;0.351400562429077;None;0.11610892287662958;0.648599437570923;10;3;128;128
181;0;0.0001;concept1;0.12280621475586727;None;0.10903812507619075;0.8771937852441327;10;3;128;128
181;1;0.0001;concept2;0.028572022917178877;None;0.06444492369334658;0.9714279770828211;10;3;128;128
181;2;0.0001;concept3;0.35108360493516205;None;0.11595217115190584;0.648916395064838;10;3;128;128
182;0;0.0001;concept1;0.12266493008465;None;0.10896647803333728;0.87733506991535;10;3;128;128
182;1;0.0001;concept2;0.02850574342018552;None;0.06437134659333087;0.9714942565798145;10;3;128;128
182;2;0.0001;concept3;0.3508960632677593;None;0.11585864090255334;0.6491039367322406;10;3;128;128
183;0;0.0001;concept1;0.1223667654487883;None;0.10881740538304786;0.8776332345512117;10;3;128;128
183;1;0.0001;concept2;0.028369858865295024;None;0.06422525336637165;0.971630141134705;10;3;128;128
183;2;0.0001;concept3;0.3508922898262092;None;0.11572802709191059;0.6491077101737908;10;3;128;128
184;0;0.0001;concept1;0.12210789920474976;None;0.10868263094493055;0.8778921007952503;10;3;128;128
184;1;0.0001;concept2;0.028237308577004173;None;0.06407327057394191;0.9717626914229959;10;3;128;128
184;2;0.0001;concept3;0.35119165040413614;None;0.11570791480193453;0.6488083495958639;10;3;128;128
185;0;0.0001;concept1;0.12179956401179347;None;0.1085316877135082;0.8782004359882065;10;3;128;128
185;1;0.0001;concept2;0.02810943335325717;None;0.06392544678685207;0.9718905666467428;10;3;128;128
185;2;0.0001;concept3;0.3517848020680652;None;0.11575070504865384;0.6482151979319348;10;3;128;128
186;0;0.0001;concept1;0.12166974707376074;None;0.10846422344975971;0.8783302529262392;10;3;128;128
186;1;0.0001;concept2;0.028055094394938626;None;0.06385864478334297;0.9719449056050614;10;3;128;128
186;2;0.0001;concept3;0.3520895799102867;None;0.1157715428716187;0.6479104200897133;10;3;128;128
187;0;0.0001;concept1;0.12136638937640022;None;0.10831716774977158;0.8786336106235998;10;3;128;128
187;1;0.0001;concept2;0.027930638896330896;None;0.06371006518521945;0.9720693611036691;10;3;128;128
187;2;0.0001;concept3;0.3530350722970987;None;0.11584945305259146;0.6469649277029013;10;3;128;128
188;0;0.0001;concept1;0.12109251778379637;None;0.10816986022491099;0.8789074822162036;10;3;128;128
188;1;0.0001;concept2;0.027806353852904885;None;0.06356119242273525;0.9721936461470951;10;3;128;128
188;2;0.0001;concept3;0.3542763644849876;None;0.1160063397510736;0.6457236355150123;10;3;128;128
189;0;0.0001;concept1;0.12084952951548347;None;0.10804044683852954;0.8791504704845166;10;3;128;128
189;1;0.0001;concept2;0.0276749575571005;None;0.0634113024250086;0.9723250424428995;10;3;128;128
189;2;0.0001;concept3;0.3558563209967562;None;0.1161872632359777;0.6441436790032438;10;3;128;128
190;0;0.0001;concept1;0.12076566286058234;None;0.10799397768523053;0.8792343371394177;10;3;128;128
190;1;0.0001;concept2;0.02761433295971925;None;0.06334396864060811;0.9723856670402807;10;3;128;128
190;2;0.0001;concept3;0.3565291657689616;None;0.11627407203907833;0.6434708342310385;10;3;128;128
191;0;0.0001;concept1;0.12049565606138297;None;0.1078547780731846;0.879504343938617;10;3;128;128
191;1;0.0001;concept2;0.02747826922827038;None;0.06319047243392675;0.9725217307717297;10;3;128;128
191;2;0.0001;concept3;0.3588601268356502;None;0.11654893235610969;0.6411398731643497;10;3;128;128
192;0;0.0001;concept1;0.12028978055312256;None;0.10773371524207309;0.8797102194468774;10;3;128;128
192;1;0.0001;concept2;0.027338358031177255;None;0.06303174666918178;0.9726616419688228;10;3;128;128
192;2;0.0001;concept3;0.3612824851987725;None;0.11678575046125089;0.6387175148012275;10;3;128;128
193;0;0.0001;concept1;0.12002039398817456;None;0.10759290535691927;0.8799796060118255;10;3;128;128
193;1;0.0001;concept2;0.027204363790557202;None;0.06287831035843575;0.9727956362094428;10;3;128;128
193;2;0.0001;concept3;0.3640662029249813;None;0.1170242644843211;0.6359337970750187;10;3;128;128
194;0;0.0001;concept1;0.11993456522343392;None;0.10754202001164508;0.8800654347765661;10;3;128;128
194;1;0.0001;concept2;0.02715284829121926;None;0.06281681381057061;0.9728471517087808;10;3;128;128
194;2;0.0001;concept3;0.3651032746566011;None;0.11712190763724051;0.6348967253433989;10;3;128;128
195;0;0.0001;concept1;0.11974510149694302;None;0.10742790224698953;0.8802548985030569;10;3;128;128
195;1;0.0001;concept2;0.027024025427355602;None;0.06266690876418578;0.9729759745726444;10;3;128;128
195;2;0.0001;concept3;0.36836045452040067;None;0.11747260091471738;0.6316395454795993;10;3;128;128
196;0;0.0001;concept1;0.1195438516709014;None;0.10730659232784512;0.8804561483290986;10;3;128;128
196;1;0.0001;concept2;0.026886542098931588;None;0.06250840761986602;0.9731134579010684;10;3;128;128
196;2;0.0001;concept3;0.3736888343431081;None;0.11799946867306119;0.6263111656568918;10;3;128;128
197;0;0.0001;concept1;0.11935305381587195;None;0.10718790355780697;0.8806469461841281;10;3;128;128
197;1;0.0001;concept2;0.02675610652439902;None;0.06235682447029891;0.973243893475601;10;3;128;128
197;2;0.0001;concept3;0.37784192493101343;None;0.1183271076295423;0.6221580750689866;10;3;128;128
198;0;0.0001;concept1;0.11925727066936424;None;0.10713334488364923;0.8807427293306358;10;3;128;128
198;1;0.0001;concept2;0.02670019084725325;None;0.062292559068895824;0.9732998091527467;10;3;128;128
198;2;0.0001;concept3;0.37924357977492357;None;0.11843723910888516;0.6207564202250764;10;3;128;128
199;0;0.0001;concept1;0.11906521498822767;None;0.10702527229913296;0.8809347850117724;10;3;128;128
199;1;0.0001;concept2;0.026557362327614936;None;0.06212711956861906;0.973442637672385;10;3;128;128
199;2;0.0001;concept3;0.3838123409615339;None;0.11880018122609291;0.6161876590384661;10;3;128;128
