0;0;0.0001;concept1;0.18158872;None;0.1568493;0.8184112906455994;10;3;128;128
0;1;0.0001;concept2;0.63395685;None;0.28482687;0.3660431504249573;10;3;128;128
0;2;0.0001;concept3;1.4449906;None;0.43751574;-0.4449906349182129;10;3;128;128
1;0;0.0001;concept1;0.42781544;None;0.22690462;0.5721845626831055;10;3;128;128
1;1;0.0001;concept2;0.8954887;None;0.34684095;0.1045113205909729;10;3;128;128
1;2;0.0001;concept3;0.98810095;None;0.36826554;0.011899113655090332;10;3;128;128
2;0;0.0001;concept1;0.23762342;None;0.16499203;0.7623765468597412;10;3;128;128
2;1;0.0001;concept2;0.47468728;None;0.24543084;0.5253127813339233;10;3;128;128
2;2;0.0001;concept3;0.43232784;None;0.23317991;0.5676721334457397;10;3;128;128
3;0;0.0001;concept1;0.14627773;None;0.12953466;0.8537222743034363;10;3;128;128
3;1;0.0001;concept2;0.1660572;None;0.13218394;0.8339427709579468;10;3;128;128
3;2;0.0001;concept3;0.21247554;None;0.13538626;0.7875244617462158;10;3;128;128
4;0;0.0001;concept1;0.112912215;None;0.11342372;0.8870877623558044;10;3;128;128
4;1;0.0001;concept2;0.056711357;None;0.07672804;0.9432886242866516;10;3;128;128
4;2;0.0001;concept3;0.18641885;None;0.121768154;0.8135811686515808;10;3;128;128
5;0;0.0001;concept1;0.09792683;None;0.10453939;0.9020731449127197;10;3;128;128
5;1;0.0001;concept2;0.03576893;None;0.062110983;0.9642310738563538;10;3;128;128
5;2;0.0001;concept3;0.17708884;None;0.11948629;0.8229111433029175;10;3;128;128
6;0;0.0001;concept1;0.0890335;None;0.09837326;0.9109665155410767;10;3;128;128
6;1;0.0001;concept2;0.029840551;None;0.05659012;0.9701594710350037;10;3;128;128
6;2;0.0001;concept3;0.16474241;None;0.11252061;0.8352575898170471;10;3;128;128
7;0;0.0001;concept1;0.08199325;None;0.09316647;0.9180067777633667;10;3;128;128
7;1;0.0001;concept2;0.026227929;None;0.0525295;0.9737720489501953;10;3;128;128
7;2;0.0001;concept3;0.15767546;None;0.10519201;0.8423244953155518;10;3;128;128
8;0;0.0001;concept1;0.07544749;None;0.08820287;0.9245525002479553;10;3;128;128
8;1;0.0001;concept2;0.023450376;None;0.049044974;0.9765496253967285;10;3;128;128
8;2;0.0001;concept3;0.15150477;None;0.09869831;0.8484952449798584;10;3;128;128
9;0;0.0001;concept1;0.068798885;None;0.08314053;0.9312011003494263;10;3;128;128
9;1;0.0001;concept2;0.020974062;None;0.04572331;0.9790259599685669;10;3;128;128
9;2;0.0001;concept3;0.1468794;None;0.09435975;0.8531205654144287;10;3;128;128
10;0;0.0001;concept1;0.06256843;None;0.07827482;0.9374315738677979;10;3;128;128
10;1;0.0001;concept2;0.018719036;None;0.04252102;0.9812809824943542;10;3;128;128
10;2;0.0001;concept3;0.14295402;None;0.09229741;0.8570460081100464;10;3;128;128
11;0;0.0001;concept1;0.056831904;None;0.07369161;0.9431681036949158;10;3;128;128
11;1;0.0001;concept2;0.016549535;None;0.03929526;0.9834504723548889;10;3;128;128
11;2;0.0001;concept3;0.13464184;None;0.09025718;0.8653581738471985;10;3;128;128
12;0;0.0001;concept1;0.051865496;None;0.06947393;0.9481344819068909;10;3;128;128
12;1;0.0001;concept2;0.014620476;None;0.03635768;0.9853795170783997;10;3;128;128
12;2;0.0001;concept3;0.12879103;None;0.08911466;0.8712089657783508;10;3;128;128
13;0;0.0001;concept1;0.047440555;None;0.06557884;0.9525594711303711;10;3;128;128
13;1;0.0001;concept2;0.013036785;None;0.03390987;0.9869632124900818;10;3;128;128
13;2;0.0001;concept3;0.12215363;None;0.088043824;0.877846360206604;10;3;128;128
14;0;0.0001;concept1;0.04349394;None;0.06194031;0.956506073474884;10;3;128;128
14;1;0.0001;concept2;0.011583383;None;0.031693313;0.9884166121482849;10;3;128;128
14;2;0.0001;concept3;0.115459844;None;0.08680292;0.8845401406288147;10;3;128;128
15;0;0.0001;concept1;0.040361986;None;0.058740918;0.9596379995346069;10;3;128;128
15;1;0.0001;concept2;0.01045194;None;0.029870586;0.9895480871200562;10;3;128;128
15;2;0.0001;concept3;0.108642325;None;0.085513435;0.8913576602935791;10;3;128;128
16;0;0.0001;concept1;0.037820484;None;0.055940066;0.9621795415878296;10;3;128;128
16;1;0.0001;concept2;0.009562274;None;0.028413795;0.9904377460479736;10;3;128;128
16;2;0.0001;concept3;0.103748664;None;0.0846188;0.8962513208389282;10;3;128;128
17;0;0.0001;concept1;0.035731792;None;0.053559866;0.9642682075500488;10;3;128;128
17;1;0.0001;concept2;0.008882441;None;0.027385624;0.991117537021637;10;3;128;128
17;2;0.0001;concept3;0.09951787;None;0.08390807;0.9004821181297302;10;3;128;128
18;0;0.0001;concept1;0.033889733;None;0.051440246;0.9661102890968323;10;3;128;128
18;1;0.0001;concept2;0.008440937;None;0.026767384;0.9915590882301331;10;3;128;128
18;2;0.0001;concept3;0.096121594;None;0.083068356;0.903878390789032;10;3;128;128
19;0;0.0001;concept1;0.03245697;None;0.049700037;0.9675430059432983;10;3;128;128
19;1;0.0001;concept2;0.008167803;None;0.02653769;0.9918321967124939;10;3;128;128
19;2;0.0001;concept3;0.091069944;None;0.08225619;0.9089300632476807;10;3;128;128
20;0;0.0001;concept1;0.031207755;None;0.048170343;0.9687922596931458;10;3;128;128
20;1;0.0001;concept2;0.008016461;None;0.026577925;0.9919835329055786;10;3;128;128
20;2;0.0001;concept3;0.089777075;None;0.08184134;0.9102229475975037;10;3;128;128
21;0;0.0001;concept1;0.030234326;None;0.046879996;0.9697656631469727;10;3;128;128
21;1;0.0001;concept2;0.007916089;None;0.026697034;0.9920839071273804;10;3;128;128
21;2;0.0001;concept3;0.088295944;None;0.081830226;0.9117040634155273;10;3;128;128
22;0;0.0001;concept1;0.02950779;None;0.045873847;0.9704921841621399;10;3;128;128
22;1;0.0001;concept2;0.007863702;None;0.026906313;0.9921362996101379;10;3;128;128
22;2;0.0001;concept3;0.08817975;None;0.08235667;0.9118202328681946;10;3;128;128
23;0;0.0001;concept1;0.028852351;None;0.045023415;0.9711476564407349;10;3;128;128
23;1;0.0001;concept2;0.0078091533;None;0.027101398;0.9921908378601074;10;3;128;128
23;2;0.0001;concept3;0.09127867;None;0.08451365;0.9087213277816772;10;3;128;128
24;0;0.0001;concept1;0.028325168;None;0.044348728;0.9716748595237732;10;3;128;128
24;1;0.0001;concept2;0.0077491254;None;0.027283324;0.9922508597373962;10;3;128;128
24;2;0.0001;concept3;0.09248179;None;0.08527164;0.907518208026886;10;3;128;128
25;0;0.0001;concept1;0.027871039;None;0.043768924;0.9721289873123169;10;3;128;128
25;1;0.0001;concept2;0.007709789;None;0.027452508;0.992290198802948;10;3;128;128
25;2;0.0001;concept3;0.09593827;None;0.087244086;0.9040617346763611;10;3;128;128
26;0;0.0001;concept1;0.027451621;None;0.043288145;0.9725483655929565;10;3;128;128
26;1;0.0001;concept2;0.007621597;None;0.027505916;0.9923784136772156;10;3;128;128
26;2;0.0001;concept3;0.09853321;None;0.08880233;0.9014667868614197;10;3;128;128
27;0;0.0001;concept1;0.027058203;None;0.042854123;0.9729418158531189;10;3;128;128
27;1;0.0001;concept2;0.007549253;None;0.027550668;0.9924507737159729;10;3;128;128
27;2;0.0001;concept3;0.09733329;None;0.08847059;0.9026666879653931;10;3;128;128
28;0;0.0001;concept1;0.026730947;None;0.04249537;0.9732690453529358;10;3;128;128
28;1;0.0001;concept2;0.007467002;None;0.027550837;0.9925329685211182;10;3;128;128
28;2;0.0001;concept3;0.10311749;None;0.09115513;0.8968825340270996;10;3;128;128
29;0;0.0001;concept1;0.026473437;None;0.042187512;0.9735265374183655;10;3;128;128
29;1;0.0001;concept2;0.0073803393;None;0.027512759;0.9926196336746216;10;3;128;128
29;2;0.0001;concept3;0.10003698;None;0.0901068;0.8999630212783813;10;3;128;128
30;0;0.0001;concept1;0.026152998;None;0.041875053;0.9738470315933228;10;3;128;128
30;1;0.0001;concept2;0.00731464;None;0.02748479;0.9926853775978088;10;3;128;128
30;2;0.0001;concept3;0.103450425;None;0.09165343;0.8965495824813843;10;3;128;128
31;0;0.0001;concept1;0.025868438;None;0.041588217;0.9741315841674805;10;3;128;128
31;1;0.0001;concept2;0.0072277174;None;0.027400432;0.9927722811698914;10;3;128;128
31;2;0.0001;concept3;0.101118945;None;0.09092755;0.8988810777664185;10;3;128;128
32;0;0.0001;concept1;0.025569253;None;0.041201632;0.9744307398796082;10;3;128;128
32;1;0.0001;concept2;0.0071373717;None;0.027296726;0.9928626418113708;10;3;128;128
32;2;0.0001;concept3;0.101327255;None;0.091069646;0.8986727595329285;10;3;128;128
33;0;0.0001;concept1;0.025246914;None;0.040942132;0.9747530817985535;10;3;128;128
33;1;0.0001;concept2;0.0070737363;None;0.027223835;0.9929262399673462;10;3;128;128
33;2;0.0001;concept3;0.10071392;None;0.09082299;0.8992860913276672;10;3;128;128
34;0;0.0001;concept1;0.025069987;None;0.04077797;0.9749299883842468;10;3;128;128
34;1;0.0001;concept2;0.007015354;None;0.027148914;0.9929846525192261;10;3;128;128
34;2;0.0001;concept3;0.10273197;None;0.09152947;0.8972680568695068;10;3;128;128
35;0;0.0001;concept1;0.02502963;None;0.040659577;0.9749703407287598;10;3;128;128
35;1;0.0001;concept2;0.006967193;None;0.02708066;0.9930328130722046;10;3;128;128
35;2;0.0001;concept3;0.104146734;None;0.09211562;0.8958532810211182;10;3;128;128
36;0;0.0001;concept1;0.024930084;None;0.040483136;0.9750699400901794;10;3;128;128
36;1;0.0001;concept2;0.006919723;None;0.027012136;0.9930802583694458;10;3;128;128
36;2;0.0001;concept3;0.10485907;None;0.09219838;0.8951409459114075;10;3;128;128
37;0;0.0001;concept1;0.024923736;None;0.04039175;0.9750762581825256;10;3;128;128
37;1;0.0001;concept2;0.006870864;None;0.026935382;0.9931291341781616;10;3;128;128
37;2;0.0001;concept3;0.10380269;None;0.091600224;0.8961973190307617;10;3;128;128
38;0;0.0001;concept1;0.024965005;None;0.04028644;0.9750350117683411;10;3;128;128
38;1;0.0001;concept2;0.006809478;None;0.026834492;0.9931905269622803;10;3;128;128
38;2;0.0001;concept3;0.10645049;None;0.09253749;0.8935495018959045;10;3;128;128
39;0;0.0001;concept1;0.024998585;None;0.040210903;0.9750013947486877;10;3;128;128
39;1;0.0001;concept2;0.0067673237;None;0.026783189;0.9932326674461365;10;3;128;128
39;2;0.0001;concept3;0.10198864;None;0.09059058;0.898011326789856;10;3;128;128
40;0;0.0001;concept1;0.024987925;None;0.04011593;0.9750120639801025;10;3;128;128
40;1;0.0001;concept2;0.006689814;None;0.026644044;0.9933102130889893;10;3;128;128
40;2;0.0001;concept3;0.10630131;None;0.092115335;0.8936986923217773;10;3;128;128
41;0;0.0001;concept1;0.024989916;None;0.04005473;0.975010097026825;10;3;128;128
41;1;0.0001;concept2;0.0066226535;None;0.026507838;0.9933773279190063;10;3;128;128
41;2;0.0001;concept3;0.10460632;None;0.09148281;0.8953936696052551;10;3;128;128
42;0;0.0001;concept1;0.02479098;None;0.039882716;0.9752089977264404;10;3;128;128
42;1;0.0001;concept2;0.0065560825;None;0.026372852;0.9934439063072205;10;3;128;128
42;2;0.0001;concept3;0.107336864;None;0.09232799;0.8926631212234497;10;3;128;128
43;0;0.0001;concept1;0.024854796;None;0.039843366;0.9751452207565308;10;3;128;128
43;1;0.0001;concept2;0.0064862855;None;0.026227547;0.9935137033462524;10;3;128;128
43;2;0.0001;concept3;0.10965374;None;0.093003534;0.8903462886810303;10;3;128;128
44;0;0.0001;concept1;0.02491507;None;0.03980494;0.9750849008560181;10;3;128;128
44;1;0.0001;concept2;0.006429025;None;0.026111677;0.9935709834098816;10;3;128;128
44;2;0.0001;concept3;0.112825535;None;0.094073355;0.8871744871139526;10;3;128;128
45;0;0.0001;concept1;0.025042875;None;0.03981273;0.9749571084976196;10;3;128;128
45;1;0.0001;concept2;0.006388284;None;0.026026499;0.9936116933822632;10;3;128;128
45;2;0.0001;concept3;0.114523456;None;0.094531514;0.8854765295982361;10;3;128;128
46;0;0.0001;concept1;0.025026532;None;0.039734248;0.9749734401702881;10;3;128;128
46;1;0.0001;concept2;0.006346759;None;0.025940709;0.9936532378196716;10;3;128;128
46;2;0.0001;concept3;0.115771115;None;0.09467189;0.8842288851737976;10;3;128;128
47;0;0.0001;concept1;0.025025638;None;0.0397222;0.9749743342399597;10;3;128;128
47;1;0.0001;concept2;0.0062973914;None;0.025837013;0.9937025904655457;10;3;128;128
47;2;0.0001;concept3;0.11458688;None;0.09409656;0.8854131102561951;10;3;128;128
48;0;0.0001;concept1;0.025230074;None;0.03975675;0.9747699499130249;10;3;128;128
48;1;0.0001;concept2;0.00624145;None;0.025721813;0.9937585592269897;10;3;128;128
48;2;0.0001;concept3;0.11485087;None;0.09405745;0.8851491212844849;10;3;128;128
49;0;0.0001;concept1;0.025307773;None;0.039700717;0.9746922254562378;10;3;128;128
49;1;0.0001;concept2;0.006190717;None;0.025611218;0.9938092827796936;10;3;128;128
49;2;0.0001;concept3;0.11837128;None;0.09497429;0.8816287517547607;10;3;128;128
50;0;0.0001;concept2;0.0061668437;None;0.025563998;0.9938331842422485;10;3;128;128
50;1;0.0001;concept3;0.11918499;None;0.09513518;0.8808150291442871;10;3;128;128
50;2;0.0001;concept1;0.02536066;None;0.03966771;0.974639356136322;10;3;128;128
51;0;0.0001;concept2;0.006127568;None;0.025476318;0.9938724040985107;10;3;128;128
51;1;0.0001;concept3;0.121189944;None;0.09559406;0.8788100481033325;10;3;128;128
51;2;0.0001;concept1;0.025401501;None;0.039625183;0.9745985269546509;10;3;128;128
52;0;0.0001;concept2;0.006090607;None;0.02539527;0.9939094185829163;10;3;128;128
52;1;0.0001;concept3;0.12200949;None;0.095727585;0.8779904842376709;10;3;128;128
52;2;0.0001;concept1;0.02545784;None;0.039542466;0.9745421409606934;10;3;128;128
53;0;0.0001;concept2;0.0060314713;None;0.02526702;0.9939685463905334;10;3;128;128
53;1;0.0001;concept3;0.12197415;None;0.09558697;0.8780258297920227;10;3;128;128
53;2;0.0001;concept1;0.025436291;None;0.039441068;0.974563717842102;10;3;128;128
54;0;0.0001;concept2;0.005974527;None;0.025143221;0.994025468826294;10;3;128;128
54;1;0.0001;concept3;0.12131847;None;0.09529786;0.8786815404891968;10;3;128;128
54;2;0.0001;concept1;0.025424054;None;0.03939321;0.974575936794281;10;3;128;128
55;0;0.0001;concept2;0.0059160027;None;0.025010873;0.9940840005874634;10;3;128;128
55;1;0.0001;concept3;0.12405674;None;0.095853046;0.8759432435035706;10;3;128;128
55;2;0.0001;concept1;0.025440743;None;0.03938188;0.9745592474937439;10;3;128;128
56;0;0.0001;concept2;0.005880476;None;0.024929274;0.9941195249557495;10;3;128;128
56;1;0.0001;concept3;0.12416801;None;0.09577818;0.8758319616317749;10;3;128;128
56;2;0.0001;concept1;0.025401525;None;0.039321516;0.9745984673500061;10;3;128;128
57;0;0.0001;concept2;0.0058510024;None;0.024863875;0.9941489696502686;10;3;128;128
57;1;0.0001;concept3;0.12444455;None;0.095544994;0.8755554556846619;10;3;128;128
57;2;0.0001;concept1;0.025383405;None;0.039293546;0.9746165871620178;10;3;128;128
58;0;0.0001;concept2;0.005814194;None;0.024777824;0.9941858053207397;10;3;128;128
58;1;0.0001;concept3;0.12345834;None;0.09505976;0.8765416741371155;10;3;128;128
58;2;0.0001;concept1;0.025328819;None;0.039265174;0.9746711850166321;10;3;128;128
59;0;0.0001;concept2;0.005777194;None;0.024694603;0.9942228198051453;10;3;128;128
59;1;0.0001;concept3;0.12402378;None;0.095232844;0.8759762048721313;10;3;128;128
59;2;0.0001;concept1;0.025351122;None;0.039259035;0.9746488928794861;10;3;128;128
60;0;0.0001;concept2;0.005719817;None;0.024556393;0.9942801594734192;10;3;128;128
60;1;0.0001;concept3;0.12669161;None;0.09592854;0.8733083605766296;10;3;128;128
60;2;0.0001;concept1;0.025470646;None;0.03928664;0.9745293259620667;10;3;128;128
61;0;0.0001;concept2;0.0057011354;None;0.024515597;0.9942988753318787;10;3;128;128
61;1;0.0001;concept3;0.12681447;None;0.09580121;0.8731855154037476;10;3;128;128
61;2;0.0001;concept1;0.025343614;None;0.03919108;0.9746564030647278;10;3;128;128
62;0;0.0001;concept2;0.0056628278;None;0.024424026;0.9943372011184692;10;3;128;128
62;1;0.0001;concept3;0.12730359;None;0.09583774;0.8726963996887207;10;3;128;128
62;2;0.0001;concept1;0.025242114;None;0.03912883;0.9747579097747803;10;3;128;128
63;0;0.0001;concept2;0.005608835;None;0.024299294;0.994391143321991;10;3;128;128
63;1;0.0001;concept3;0.12881878;None;0.09613622;0.8711812496185303;10;3;128;128
63;2;0.0001;concept1;0.025069356;None;0.039028607;0.9749306440353394;10;3;128;128
64;0;0.0001;concept2;0.0055398177;None;0.024135983;0.9944601655006409;10;3;128;128
64;1;0.0001;concept3;0.13000749;None;0.096554674;0.8699924945831299;10;3;128;128
64;2;0.0001;concept1;0.02494721;None;0.038944773;0.9750527739524841;10;3;128;128
65;0;0.0001;concept2;0.005509277;None;0.024069903;0.9944907426834106;10;3;128;128
65;1;0.0001;concept3;0.1302196;None;0.09632934;0.869780421257019;10;3;128;128
65;2;0.0001;concept1;0.024799356;None;0.038850833;0.9752006530761719;10;3;128;128
66;0;0.0001;concept2;0.0054594763;None;0.023950322;0.9945405125617981;10;3;128;128
66;1;0.0001;concept3;0.12919028;None;0.09591257;0.8708097338676453;10;3;128;128
66;2;0.0001;concept1;0.024716346;None;0.038803156;0.975283682346344;10;3;128;128
67;0;0.0001;concept2;0.0054166475;None;0.023846751;0.9945833683013916;10;3;128;128
67;1;0.0001;concept3;0.13160555;None;0.096495345;0.8683944344520569;10;3;128;128
67;2;0.0001;concept1;0.024614679;None;0.038750775;0.975385308265686;10;3;128;128
68;0;0.0001;concept2;0.005398533;None;0.02380465;0.9946014881134033;10;3;128;128
68;1;0.0001;concept3;0.13267517;None;0.096749075;0.8673248291015625;10;3;128;128
68;2;0.0001;concept1;0.024643965;None;0.03873706;0.9753560423851013;10;3;128;128
69;0;0.0001;concept2;0.005386369;None;0.023776073;0.9946136474609375;10;3;128;128
69;1;0.0001;concept3;0.13024662;None;0.09589846;0.869753360748291;10;3;128;128
69;2;0.0001;concept1;0.024606133;None;0.038704768;0.9753938913345337;10;3;128;128
70;0;0.0001;concept2;0.005386672;None;0.02377445;0.9946133494377136;10;3;128;128
70;1;0.0001;concept3;0.13215743;None;0.0963119;0.8678425550460815;10;3;128;128
70;2;0.0001;concept1;0.024554478;None;0.038688764;0.9754455089569092;10;3;128;128
71;0;0.0001;concept2;0.005346898;None;0.02368007;0.9946531057357788;10;3;128;128
71;1;0.0001;concept3;0.13176978;None;0.096255645;0.8682302236557007;10;3;128;128
71;2;0.0001;concept1;0.024547558;None;0.03867636;0.9754524230957031;10;3;128;128
72;0;0.0001;concept2;0.0053302078;None;0.0236426;0.9946697950363159;10;3;128;128
72;1;0.0001;concept3;0.13124858;None;0.09596044;0.8687514066696167;10;3;128;128
72;2;0.0001;concept1;0.024557982;None;0.03868511;0.9754419922828674;10;3;128;128
73;0;0.0001;concept2;0.0052817427;None;0.023525462;0.9947182536125183;10;3;128;128
73;1;0.0001;concept3;0.13225567;None;0.09612049;0.8677443265914917;10;3;128;128
73;2;0.0001;concept1;0.024532795;None;0.038672324;0.9754672050476074;10;3;128;128
74;0;0.0001;concept2;0.0052820127;None;0.023526415;0.9947180151939392;10;3;128;128
74;1;0.0001;concept3;0.13448152;None;0.09669961;0.8655184507369995;10;3;128;128
74;2;0.0001;concept1;0.024550905;None;0.03866028;0.9754490852355957;10;3;128;128
75;0;0.0001;concept2;0.005284305;None;0.02352917;0.994715690612793;10;3;128;128
75;1;0.0001;concept3;0.13399044;None;0.09637202;0.8660095930099487;10;3;128;128
75;2;0.0001;concept1;0.024424965;None;0.038582634;0.9755750298500061;10;3;128;128
76;0;0.0001;concept2;0.0052270023;None;0.023385527;0.9947729706764221;10;3;128;128
76;1;0.0001;concept3;0.13523534;None;0.09666122;0.8647646903991699;10;3;128;128
76;2;0.0001;concept1;0.02442908;None;0.038572848;0.9755709171295166;10;3;128;128
77;0;0.0001;concept2;0.0052234503;None;0.023377972;0.9947765469551086;10;3;128;128
77;1;0.0001;concept3;0.13565528;None;0.09661453;0.8643447160720825;10;3;128;128
77;2;0.0001;concept1;0.024342885;None;0.038541086;0.9756571054458618;10;3;128;128
78;0;0.0001;concept2;0.0051680324;None;0.023240495;0.9948319792747498;10;3;128;128
78;1;0.0001;concept3;0.13691863;None;0.096919194;0.8630813360214233;10;3;128;128
78;2;0.0001;concept1;0.0242969;None;0.038540855;0.9757031202316284;10;3;128;128
79;0;0.0001;concept2;0.005162034;None;0.02322113;0.9948379397392273;10;3;128;128
79;1;0.0001;concept3;0.13648783;None;0.09663494;0.8635121583938599;10;3;128;128
79;2;0.0001;concept1;0.024251303;None;0.03855239;0.9757487177848816;10;3;128;128
80;0;0.0001;concept2;0.0051203645;None;0.023114085;0.9948796629905701;10;3;128;128
80;1;0.0001;concept3;0.13888499;None;0.097186;0.8611149787902832;10;3;128;128
80;2;0.0001;concept1;0.024241371;None;0.03856936;0.9757586121559143;10;3;128;128
81;0;0.0001;concept2;0.005082393;None;0.023018606;0.994917631149292;10;3;128;128
81;1;0.0001;concept3;0.13911809;None;0.097120576;0.8608819246292114;10;3;128;128
81;2;0.0001;concept1;0.024234418;None;0.038587943;0.975765585899353;10;3;128;128
82;0;0.0001;concept2;0.005081748;None;0.023013996;0.9949182271957397;10;3;128;128
82;1;0.0001;concept3;0.13974617;None;0.09721965;0.8602538108825684;10;3;128;128
82;2;0.0001;concept1;0.024229242;None;0.038575776;0.9757707715034485;10;3;128;128
83;0;0.0001;concept2;0.005061721;None;0.022963634;0.9949382543563843;10;3;128;128
83;1;0.0001;concept3;0.14059575;None;0.097248025;0.8594042658805847;10;3;128;128
83;2;0.0001;concept1;0.024191393;None;0.038535904;0.9758086204528809;10;3;128;128
84;0;0.0001;concept2;0.0050328053;None;0.022890497;0.9949672222137451;10;3;128;128
84;1;0.0001;concept3;0.13947542;None;0.09677266;0.860524594783783;10;3;128;128
84;2;0.0001;concept1;0.024036046;None;0.03845572;0.9759639501571655;10;3;128;128
85;0;0.0001;concept2;0.0050327918;None;0.022889258;0.9949672222137451;10;3;128;128
85;1;0.0001;concept3;0.1401814;None;0.09679116;0.8598185777664185;10;3;128;128
85;2;0.0001;concept1;0.024007987;None;0.038487058;0.9759920239448547;10;3;128;128
86;0;0.0001;concept2;0.0050158584;None;0.022846151;0.9949841499328613;10;3;128;128
86;1;0.0001;concept3;0.13975063;None;0.09638172;0.860249400138855;10;3;128;128
86;2;0.0001;concept1;0.02400193;None;0.038489394;0.975998044013977;10;3;128;128
87;0;0.0001;concept2;0.0050115082;None;0.022837507;0.9949885010719299;10;3;128;128
87;1;0.0001;concept3;0.14114475;None;0.09667731;0.8588552474975586;10;3;128;128
87;2;0.0001;concept1;0.023989009;None;0.03849263;0.9760109782218933;10;3;128;128
88;0;0.0001;concept2;0.0050146757;None;0.02284874;0.9949853420257568;10;3;128;128
88;1;0.0001;concept3;0.1408998;None;0.09639976;0.8591002225875854;10;3;128;128
88;2;0.0001;concept1;0.023975233;None;0.038494244;0.9760247468948364;10;3;128;128
89;0;0.0001;concept2;0.0050069354;None;0.022829765;0.9949930906295776;10;3;128;128
89;1;0.0001;concept3;0.14139439;None;0.096303076;0.8586056232452393;10;3;128;128
89;2;0.0001;concept1;0.02409534;None;0.038571075;0.975904643535614;10;3;128;128
90;0;0.0001;concept2;0.005027753;None;0.02288617;0.9949722290039062;10;3;128;128
90;1;0.0001;concept3;0.14096904;None;0.0959934;0.8590309619903564;10;3;128;128
90;2;0.0001;concept1;0.024119422;None;0.038575917;0.9758805632591248;10;3;128;128
91;0;0.0001;concept2;0.0050172443;None;0.022858525;0.9949827790260315;10;3;128;128
91;1;0.0001;concept3;0.14140251;None;0.09606852;0.858597457408905;10;3;128;128
91;2;0.0001;concept1;0.024107223;None;0.03856833;0.9758927822113037;10;3;128;128
92;0;0.0001;concept2;0.004972728;None;0.02274573;0.9950272440910339;10;3;128;128
92;1;0.0001;concept3;0.1401985;None;0.09552814;0.8598014712333679;10;3;128;128
92;2;0.0001;concept1;0.024011299;None;0.038516376;0.9759886860847473;10;3;128;128
93;0;0.0001;concept2;0.0049756155;None;0.022751942;0.9950243830680847;10;3;128;128
93;1;0.0001;concept3;0.14074132;None;0.095618896;0.8592586517333984;10;3;128;128
93;2;0.0001;concept1;0.024022527;None;0.038511574;0.9759774804115295;10;3;128;128
94;0;0.0001;concept2;0.004995291;None;0.022802338;0.9950047135353088;10;3;128;128
94;1;0.0001;concept3;0.13991599;None;0.095114626;0.8600839972496033;10;3;128;128
94;2;0.0001;concept1;0.023951529;None;0.038488317;0.976048469543457;10;3;128;128
95;0;0.0001;concept2;0.004964527;None;0.022721322;0.9950354695320129;10;3;128;128
95;1;0.0001;concept3;0.14014755;None;0.095131606;0.8598524332046509;10;3;128;128
95;2;0.0001;concept1;0.024021942;None;0.03851972;0.9759780764579773;10;3;128;128
96;0;0.0001;concept2;0.004950775;None;0.022682788;0.995049238204956;10;3;128;128
96;1;0.0001;concept3;0.1387207;None;0.094498284;0.861279308795929;10;3;128;128
96;2;0.0001;concept1;0.024007544;None;0.038510904;0.9759924411773682;10;3;128;128
97;0;0.0001;concept2;0.0049563223;None;0.02269437;0.9950436949729919;10;3;128;128
97;1;0.0001;concept3;0.13864596;None;0.094404384;0.8613540530204773;10;3;128;128
97;2;0.0001;concept1;0.02396874;None;0.038469426;0.9760312438011169;10;3;128;128
98;0;0.0001;concept2;0.0049751424;None;0.022741009;0.9950248599052429;10;3;128;128
98;1;0.0001;concept3;0.13766794;None;0.093948245;0.8623320460319519;10;3;128;128
98;2;0.0001;concept1;0.024038838;None;0.038503557;0.9759611487388611;10;3;128;128
99;0;0.0001;concept2;0.004955013;None;0.022690054;0.995045006275177;10;3;128;128
99;1;0.0001;concept3;0.1378081;None;0.09398582;0.862191915512085;10;3;128;128
99;2;0.0001;concept1;0.023942761;None;0.03845416;0.976057231426239;10;3;128;128
100;0;0.0001;concept3;0.13713975;None;0.09367848;0.8628602623939514;10;3;128;128
100;1;0.0001;concept3;0.13713975;None;0.09367848;0.8628602623939514;10;3;128;128
100;2;0.0001;concept3;0.13713975;None;0.09367848;0.8628602623939514;10;3;128;128
101;0;0.0001;concept3;0.1013768;None;0.07750038;0.8986232280731201;10;3;128;128
101;1;0.0001;concept3;0.1013768;None;0.07750038;0.8986232280731201;10;3;128;128
101;2;0.0001;concept3;0.1013768;None;0.07750038;0.8986232280731201;10;3;128;128
102;0;0.0001;concept3;0.10188874;None;0.07602705;0.8981112837791443;10;3;128;128
102;1;0.0001;concept3;0.10188874;None;0.07602705;0.8981112837791443;10;3;128;128
102;2;0.0001;concept3;0.10188874;None;0.07602705;0.8981112837791443;10;3;128;128
103;0;0.0001;concept3;0.09623993;None;0.07259673;0.9037600755691528;10;3;128;128
103;1;0.0001;concept3;0.09623993;None;0.07259673;0.9037600755691528;10;3;128;128
103;2;0.0001;concept3;0.09623993;None;0.07259673;0.9037600755691528;10;3;128;128
104;0;0.0001;concept3;0.11923834;None;0.08176443;0.8807616233825684;10;3;128;128
104;1;0.0001;concept3;0.11923834;None;0.08176443;0.8807616233825684;10;3;128;128
104;2;0.0001;concept3;0.11923834;None;0.08176443;0.8807616233825684;10;3;128;128
105;0;0.0001;concept3;0.10890755;None;0.07678857;0.8910924196243286;10;3;128;128
105;1;0.0001;concept3;0.10890755;None;0.07678857;0.8910924196243286;10;3;128;128
105;2;0.0001;concept3;0.10890755;None;0.07678857;0.8910924196243286;10;3;128;128
106;0;0.0001;concept3;0.08400479;None;0.06555895;0.9159952402114868;10;3;128;128
106;1;0.0001;concept3;0.08400479;None;0.06555895;0.9159952402114868;10;3;128;128
106;2;0.0001;concept3;0.08400479;None;0.06555895;0.9159952402114868;10;3;128;128
107;0;0.0001;concept3;0.111781396;None;0.07694111;0.8882185816764832;10;3;128;128
107;1;0.0001;concept3;0.111781396;None;0.07694111;0.8882185816764832;10;3;128;128
107;2;0.0001;concept3;0.111781396;None;0.07694111;0.8882185816764832;10;3;128;128
108;0;0.0001;concept3;0.07733919;None;0.058137387;0.9226608276367188;10;3;128;128
108;1;0.0001;concept3;0.07733919;None;0.058137387;0.9226608276367188;10;3;128;128
108;2;0.0001;concept3;0.07733919;None;0.058137387;0.9226608276367188;10;3;128;128
109;0;0.0001;concept3;0.084254056;None;0.066639915;0.9157459735870361;10;3;128;128
109;1;0.0001;concept3;0.084254056;None;0.066639915;0.9157459735870361;10;3;128;128
109;2;0.0001;concept3;0.084254056;None;0.066639915;0.9157459735870361;10;3;128;128
110;0;0.0001;concept3;0.09340587;None;0.07008968;0.9065941572189331;10;3;128;128
110;1;0.0001;concept3;0.09340587;None;0.07008968;0.9065941572189331;10;3;128;128
110;2;0.0001;concept3;0.09340587;None;0.07008968;0.9065941572189331;10;3;128;128
111;0;0.0001;concept3;0.07605801;None;0.06120126;0.923941969871521;10;3;128;128
111;1;0.0001;concept3;0.07605801;None;0.06120126;0.923941969871521;10;3;128;128
111;2;0.0001;concept3;0.07605801;None;0.06120126;0.923941969871521;10;3;128;128
112;0;0.0001;concept3;0.09927699;None;0.071237706;0.9007229804992676;10;3;128;128
112;1;0.0001;concept3;0.09927699;None;0.071237706;0.9007229804992676;10;3;128;128
112;2;0.0001;concept3;0.09927699;None;0.071237706;0.9007229804992676;10;3;128;128
113;0;0.0001;concept3;0.07203176;None;0.055559874;0.9279682636260986;10;3;128;128
113;1;0.0001;concept3;0.07203176;None;0.055559874;0.9279682636260986;10;3;128;128
113;2;0.0001;concept3;0.07203176;None;0.055559874;0.9279682636260986;10;3;128;128
114;0;0.0001;concept3;0.08959312;None;0.069098905;0.9104068875312805;10;3;128;128
114;1;0.0001;concept3;0.08959312;None;0.069098905;0.9104068875312805;10;3;128;128
114;2;0.0001;concept3;0.08959312;None;0.069098905;0.9104068875312805;10;3;128;128
115;0;0.0001;concept3;0.07342355;None;0.05971822;0.9265764355659485;10;3;128;128
115;1;0.0001;concept3;0.07342355;None;0.05971822;0.9265764355659485;10;3;128;128
115;2;0.0001;concept3;0.07342355;None;0.05971822;0.9265764355659485;10;3;128;128
116;0;0.0001;concept3;0.095121644;None;0.06924531;0.9048783779144287;10;3;128;128
116;1;0.0001;concept3;0.095121644;None;0.06924531;0.9048783779144287;10;3;128;128
116;2;0.0001;concept3;0.095121644;None;0.06924531;0.9048783779144287;10;3;128;128
117;0;0.0001;concept3;0.072668836;None;0.05883558;0.9273311495780945;10;3;128;128
117;1;0.0001;concept3;0.072668836;None;0.05883558;0.9273311495780945;10;3;128;128
117;2;0.0001;concept3;0.072668836;None;0.05883558;0.9273311495780945;10;3;128;128
118;0;0.0001;concept3;0.08155934;None;0.06330659;0.9184406399726868;10;3;128;128
118;1;0.0001;concept3;0.08155934;None;0.06330659;0.9184406399726868;10;3;128;128
118;2;0.0001;concept3;0.08155934;None;0.06330659;0.9184406399726868;10;3;128;128
119;0;0.0001;concept3;0.081547596;None;0.063855894;0.9184523820877075;10;3;128;128
119;1;0.0001;concept3;0.081547596;None;0.063855894;0.9184523820877075;10;3;128;128
119;2;0.0001;concept3;0.081547596;None;0.063855894;0.9184523820877075;10;3;128;128
120;0;0.0001;concept3;0.0916503;None;0.06837949;0.9083496928215027;10;3;128;128
120;1;0.0001;concept3;0.0916503;None;0.06837949;0.9083496928215027;10;3;128;128
120;2;0.0001;concept3;0.0916503;None;0.06837949;0.9083496928215027;10;3;128;128
121;0;0.0001;concept3;0.10629913;None;0.07449863;0.8937008380889893;10;3;128;128
121;1;0.0001;concept3;0.10629913;None;0.07449863;0.8937008380889893;10;3;128;128
121;2;0.0001;concept3;0.10629913;None;0.07449863;0.8937008380889893;10;3;128;128
122;0;0.0001;concept3;0.07246785;None;0.05812502;0.9275321364402771;10;3;128;128
122;1;0.0001;concept3;0.07246785;None;0.05812502;0.9275321364402771;10;3;128;128
122;2;0.0001;concept3;0.07246785;None;0.05812502;0.9275321364402771;10;3;128;128
123;0;0.0001;concept3;0.106547624;None;0.0734562;0.8934524059295654;10;3;128;128
123;1;0.0001;concept3;0.106547624;None;0.0734562;0.8934524059295654;10;3;128;128
123;2;0.0001;concept3;0.106547624;None;0.0734562;0.8934524059295654;10;3;128;128
124;0;0.0001;concept3;0.07039066;None;0.056263924;0.9296093583106995;10;3;128;128
124;1;0.0001;concept3;0.07039066;None;0.056263924;0.9296093583106995;10;3;128;128
124;2;0.0001;concept3;0.07039066;None;0.056263924;0.9296093583106995;10;3;128;128
125;0;0.0001;concept3;0.12241336;None;0.08083727;0.8775866031646729;10;3;128;128
125;1;0.0001;concept3;0.12241336;None;0.08083727;0.8775866031646729;10;3;128;128
125;2;0.0001;concept3;0.12241336;None;0.08083727;0.8775866031646729;10;3;128;128
126;0;0.0001;concept3;0.123743445;None;0.080766335;0.87625652551651;10;3;128;128
126;1;0.0001;concept3;0.123743445;None;0.080766335;0.87625652551651;10;3;128;128
126;2;0.0001;concept3;0.123743445;None;0.080766335;0.87625652551651;10;3;128;128
127;0;0.0001;concept3;0.08731568;None;0.067598835;0.9126843214035034;10;3;128;128
127;1;0.0001;concept3;0.08731568;None;0.067598835;0.9126843214035034;10;3;128;128
127;2;0.0001;concept3;0.08731568;None;0.067598835;0.9126843214035034;10;3;128;128
128;0;0.0001;concept3;0.0685545;None;0.05549076;0.9314454793930054;10;3;128;128
128;1;0.0001;concept3;0.0685545;None;0.05549076;0.9314454793930054;10;3;128;128
128;2;0.0001;concept3;0.0685545;None;0.05549076;0.9314454793930054;10;3;128;128
129;0;0.0001;concept3;0.07516993;None;0.05957362;0.9248300790786743;10;3;128;128
129;1;0.0001;concept3;0.07516993;None;0.05957362;0.9248300790786743;10;3;128;128
129;2;0.0001;concept3;0.07516993;None;0.05957362;0.9248300790786743;10;3;128;128
130;0;0.0001;concept3;0.09773529;None;0.069667526;0.9022647142410278;10;3;128;128
130;1;0.0001;concept3;0.09773529;None;0.069667526;0.9022647142410278;10;3;128;128
130;2;0.0001;concept3;0.09773529;None;0.069667526;0.9022647142410278;10;3;128;128
131;0;0.0001;concept3;0.06943215;None;0.05222623;0.9305678606033325;10;3;128;128
131;1;0.0001;concept3;0.06943215;None;0.05222623;0.9305678606033325;10;3;128;128
131;2;0.0001;concept3;0.06943215;None;0.05222623;0.9305678606033325;10;3;128;128
132;0;0.0001;concept3;0.09460642;None;0.07010402;0.9053936004638672;10;3;128;128
132;1;0.0001;concept3;0.09460642;None;0.07010402;0.9053936004638672;10;3;128;128
132;2;0.0001;concept3;0.09460642;None;0.07010402;0.9053936004638672;10;3;128;128
133;0;0.0001;concept3;0.081578374;None;0.06310516;0.9184216260910034;10;3;128;128
133;1;0.0001;concept3;0.081578374;None;0.06310516;0.9184216260910034;10;3;128;128
133;2;0.0001;concept3;0.081578374;None;0.06310516;0.9184216260910034;10;3;128;128
134;0;0.0001;concept3;0.09170635;None;0.06748145;0.9082936644554138;10;3;128;128
134;1;0.0001;concept3;0.09170635;None;0.06748145;0.9082936644554138;10;3;128;128
134;2;0.0001;concept3;0.09170635;None;0.06748145;0.9082936644554138;10;3;128;128
135;0;0.0001;concept3;0.11767968;None;0.07808452;0.8823203444480896;10;3;128;128
135;1;0.0001;concept3;0.11767968;None;0.07808452;0.8823203444480896;10;3;128;128
135;2;0.0001;concept3;0.11767968;None;0.07808452;0.8823203444480896;10;3;128;128
136;0;0.0001;concept3;0.08867656;None;0.06772124;0.9113234281539917;10;3;128;128
136;1;0.0001;concept3;0.08867656;None;0.06772124;0.9113234281539917;10;3;128;128
136;2;0.0001;concept3;0.08867656;None;0.06772124;0.9113234281539917;10;3;128;128
137;0;0.0001;concept3;0.06852995;None;0.05497712;0.9314700365066528;10;3;128;128
137;1;0.0001;concept3;0.06852995;None;0.05497712;0.9314700365066528;10;3;128;128
137;2;0.0001;concept3;0.06852995;None;0.05497712;0.9314700365066528;10;3;128;128
138;0;0.0001;concept3;0.06853127;None;0.0548228;0.9314687252044678;10;3;128;128
138;1;0.0001;concept3;0.06853127;None;0.0548228;0.9314687252044678;10;3;128;128
138;2;0.0001;concept3;0.06853127;None;0.0548228;0.9314687252044678;10;3;128;128
139;0;0.0001;concept3;0.06974816;None;0.05591643;0.9302518367767334;10;3;128;128
139;1;0.0001;concept3;0.06974816;None;0.05591643;0.9302518367767334;10;3;128;128
139;2;0.0001;concept3;0.06974816;None;0.05591643;0.9302518367767334;10;3;128;128
140;0;0.0001;concept3;0.0992073;None;0.070411235;0.9007927179336548;10;3;128;128
140;1;0.0001;concept3;0.0992073;None;0.070411235;0.9007927179336548;10;3;128;128
140;2;0.0001;concept3;0.0992073;None;0.070411235;0.9007927179336548;10;3;128;128
141;0;0.0001;concept3;0.07014778;None;0.05402425;0.9298522472381592;10;3;128;128
141;1;0.0001;concept3;0.07014778;None;0.05402425;0.9298522472381592;10;3;128;128
141;2;0.0001;concept3;0.07014778;None;0.05402425;0.9298522472381592;10;3;128;128
142;0;0.0001;concept3;0.103133515;None;0.07325521;0.896866500377655;10;3;128;128
142;1;0.0001;concept3;0.103133515;None;0.07325521;0.896866500377655;10;3;128;128
142;2;0.0001;concept3;0.103133515;None;0.07325521;0.896866500377655;10;3;128;128
143;0;0.0001;concept3;0.103596665;None;0.07229654;0.8964033126831055;10;3;128;128
143;1;0.0001;concept3;0.103596665;None;0.07229654;0.8964033126831055;10;3;128;128
143;2;0.0001;concept3;0.103596665;None;0.07229654;0.8964033126831055;10;3;128;128
144;0;0.0001;concept3;0.0708748;None;0.05434595;0.929125189781189;10;3;128;128
144;1;0.0001;concept3;0.0708748;None;0.05434595;0.929125189781189;10;3;128;128
144;2;0.0001;concept3;0.0708748;None;0.05434595;0.929125189781189;10;3;128;128
145;0;0.0001;concept3;0.10593474;None;0.074487194;0.894065260887146;10;3;128;128
145;1;0.0001;concept3;0.10593474;None;0.074487194;0.894065260887146;10;3;128;128
145;2;0.0001;concept3;0.10593474;None;0.074487194;0.894065260887146;10;3;128;128
146;0;0.0001;concept3;0.10413281;None;0.07399672;0.8958671689033508;10;3;128;128
146;1;0.0001;concept3;0.10413281;None;0.07399672;0.8958671689033508;10;3;128;128
146;2;0.0001;concept3;0.10413281;None;0.07399672;0.8958671689033508;10;3;128;128
147;0;0.0001;concept3;0.08294662;None;0.062369328;0.9170534014701843;10;3;128;128
147;1;0.0001;concept3;0.08294662;None;0.062369328;0.9170534014701843;10;3;128;128
147;2;0.0001;concept3;0.08294662;None;0.062369328;0.9170534014701843;10;3;128;128
148;0;0.0001;concept3;0.07798968;None;0.06066411;0.9220103025436401;10;3;128;128
148;1;0.0001;concept3;0.07798968;None;0.06066411;0.9220103025436401;10;3;128;128
148;2;0.0001;concept3;0.07798968;None;0.06066411;0.9220103025436401;10;3;128;128
149;0;0.0001;concept3;0.082015134;None;0.06255866;0.9179848432540894;10;3;128;128
149;1;0.0001;concept3;0.082015134;None;0.06255866;0.9179848432540894;10;3;128;128
149;2;0.0001;concept3;0.082015134;None;0.06255866;0.9179848432540894;10;3;128;128
150;0;0.0001;concept1;0.034254383;None;0.048817415;0.9657456278800964;10;3;128;128
150;1;0.0001;concept2;0.005084526;None;0.023667194;0.9949154853820801;10;3;128;128
150;2;0.0001;concept3;0.075150855;None;0.058772333;0.9248491525650024;10;3;128;128
151;0;0.0001;concept1;0.02963447;None;0.04378815;0.9703655242919922;10;3;128;128
151;1;0.0001;concept2;0.004874923;None;0.022883197;0.9951250553131104;10;3;128;128
151;2;0.0001;concept3;0.06958516;None;0.05597872;0.9304148554801941;10;3;128;128
152;0;0.0001;concept1;0.027969645;None;0.04203941;0.9720303416252136;10;3;128;128
152;1;0.0001;concept2;0.0044595827;None;0.021884263;0.99554044008255;10;3;128;128
152;2;0.0001;concept3;0.07066893;None;0.057827674;0.9293310642242432;10;3;128;128
153;0;0.0001;concept1;0.02710893;None;0.041113816;0.972891092300415;10;3;128;128
153;1;0.0001;concept2;0.0043145726;None;0.021516465;0.9956853985786438;10;3;128;128
153;2;0.0001;concept3;0.07402244;None;0.062254038;0.9259775876998901;10;3;128;128
154;0;0.0001;concept1;0.026502125;None;0.040539425;0.9734978675842285;10;3;128;128
154;1;0.0001;concept2;0.004280249;None;0.021379506;0.9957197308540344;10;3;128;128
154;2;0.0001;concept3;0.089503534;None;0.07137991;0.9104964733123779;10;3;128;128
155;0;0.0001;concept1;0.025910294;None;0.040116075;0.9740896821022034;10;3;128;128
155;1;0.0001;concept2;0.004288508;None;0.021353899;0.9957115054130554;10;3;128;128
155;2;0.0001;concept3;0.08902306;None;0.071510576;0.9109769463539124;10;3;128;128
156;0;0.0001;concept1;0.025499236;None;0.039804894;0.9745007753372192;10;3;128;128
156;1;0.0001;concept2;0.004295299;None;0.021328364;0.995704710483551;10;3;128;128
156;2;0.0001;concept3;0.09409421;None;0.07437978;0.9059057831764221;10;3;128;128
157;0;0.0001;concept1;0.025034266;None;0.03943111;0.9749657511711121;10;3;128;128
157;1;0.0001;concept2;0.0043107453;None;0.021325508;0.9956892728805542;10;3;128;128
157;2;0.0001;concept3;0.09559899;None;0.07543504;0.9044010043144226;10;3;128;128
158;0;0.0001;concept1;0.024669537;None;0.039132114;0.9753304719924927;10;3;128;128
158;1;0.0001;concept2;0.004322289;None;0.0213157;0.9956777095794678;10;3;128;128
158;2;0.0001;concept3;0.09604664;None;0.07570624;0.9039533734321594;10;3;128;128
159;0;0.0001;concept1;0.024458624;None;0.038967747;0.975541353225708;10;3;128;128
159;1;0.0001;concept2;0.0043278188;None;0.021298725;0.9956721663475037;10;3;128;128
159;2;0.0001;concept3;0.097251676;None;0.07611377;0.9027483463287354;10;3;128;128
160;0;0.0001;concept1;0.024278706;None;0.038836293;0.9757212996482849;10;3;128;128
160;1;0.0001;concept2;0.0043344256;None;0.021287274;0.9956655502319336;10;3;128;128
160;2;0.0001;concept3;0.097684264;None;0.07616869;0.9023157358169556;10;3;128;128
161;0;0.0001;concept1;0.024215259;None;0.03876316;0.9757847189903259;10;3;128;128
161;1;0.0001;concept2;0.00433297;None;0.021261489;0.995667040348053;10;3;128;128
161;2;0.0001;concept3;0.09830954;None;0.07634683;0.9016904830932617;10;3;128;128
162;0;0.0001;concept1;0.02407409;None;0.038648818;0.9759259223937988;10;3;128;128
162;1;0.0001;concept2;0.0043202317;None;0.021211335;0.9956797957420349;10;3;128;128
162;2;0.0001;concept3;0.09905017;None;0.076497994;0.9009498357772827;10;3;128;128
163;0;0.0001;concept1;0.02390087;None;0.038517814;0.9760991334915161;10;3;128;128
163;1;0.0001;concept2;0.004311275;None;0.021174386;0.9956887364387512;10;3;128;128
163;2;0.0001;concept3;0.09915726;None;0.076368816;0.9008427262306213;10;3;128;128
164;0;0.0001;concept1;0.023911146;None;0.038521368;0.9760888814926147;10;3;128;128
164;1;0.0001;concept2;0.004289176;None;0.021106647;0.9957108497619629;10;3;128;128
164;2;0.0001;concept3;0.09952551;None;0.07634724;0.900474488735199;10;3;128;128
165;0;0.0001;concept1;0.023905728;None;0.03852935;0.9760942459106445;10;3;128;128
165;1;0.0001;concept2;0.0042847926;None;0.0210868;0.9957152009010315;10;3;128;128
165;2;0.0001;concept3;0.100145265;None;0.07638854;0.8998547196388245;10;3;128;128
166;0;0.0001;concept1;0.023909308;None;0.038550973;0.976090669631958;10;3;128;128
166;1;0.0001;concept2;0.0042532794;None;0.020999849;0.9957467317581177;10;3;128;128
166;2;0.0001;concept3;0.10142598;None;0.07688639;0.8985739946365356;10;3;128;128
167;0;0.0001;concept1;0.023936074;None;0.03860205;0.9760639071464539;10;3;128;128
167;1;0.0001;concept2;0.0042272117;None;0.02092747;0.9957727789878845;10;3;128;128
167;2;0.0001;concept3;0.101659276;None;0.07684278;0.8983407020568848;10;3;128;128
168;0;0.0001;concept1;0.02398445;None;0.038654447;0.976015567779541;10;3;128;128
168;1;0.0001;concept2;0.0042162463;None;0.02089818;0.9957837462425232;10;3;128;128
168;2;0.0001;concept3;0.10244676;None;0.07709379;0.8975532650947571;10;3;128;128
169;0;0.0001;concept1;0.024044007;None;0.038712442;0.9759560227394104;10;3;128;128
169;1;0.0001;concept2;0.004184334;None;0.020810587;0.9958156943321228;10;3;128;128
169;2;0.0001;concept3;0.10143507;None;0.076600045;0.8985649347305298;10;3;128;128
170;0;0.0001;concept1;0.024272062;None;0.038857836;0.975727915763855;10;3;128;128
170;1;0.0001;concept2;0.0041756374;None;0.020787174;0.9958243370056152;10;3;128;128
170;2;0.0001;concept3;0.10075698;None;0.07622893;0.8992429971694946;10;3;128;128
171;0;0.0001;concept1;0.024393031;None;0.03893975;0.9756069779396057;10;3;128;128
171;1;0.0001;concept2;0.0041598007;None;0.020746542;0.9958401918411255;10;3;128;128
171;2;0.0001;concept3;0.10033054;None;0.07617148;0.8996694684028625;10;3;128;128
172;0;0.0001;concept1;0.024516327;None;0.03904674;0.9754836559295654;10;3;128;128
172;1;0.0001;concept2;0.004149979;None;0.020720875;0.9958500266075134;10;3;128;128
172;2;0.0001;concept3;0.0989715;None;0.07556681;0.9010285139083862;10;3;128;128
173;0;0.0001;concept1;0.02460708;None;0.03912492;0.9753929376602173;10;3;128;128
173;1;0.0001;concept2;0.0041406737;None;0.020699989;0.9958593249320984;10;3;128;128
173;2;0.0001;concept3;0.09953512;None;0.07575331;0.9004648923873901;10;3;128;128
174;0;0.0001;concept1;0.024674041;None;0.039196193;0.9753259420394897;10;3;128;128
174;1;0.0001;concept2;0.004142543;None;0.020709183;0.9958574771881104;10;3;128;128
174;2;0.0001;concept3;0.100224465;None;0.07600801;0.899775505065918;10;3;128;128
175;0;0.0001;concept1;0.024794042;None;0.039312314;0.9752059578895569;10;3;128;128
175;1;0.0001;concept2;0.004143842;None;0.020715289;0.9958561658859253;10;3;128;128
175;2;0.0001;concept3;0.10012333;None;0.07599922;0.8998766541481018;10;3;128;128
176;0;0.0001;concept1;0.024882155;None;0.0394024;0.9751178622245789;10;3;128;128
176;1;0.0001;concept2;0.00414289;None;0.020719532;0.9958571195602417;10;3;128;128
176;2;0.0001;concept3;0.09987199;None;0.0759618;0.9001280069351196;10;3;128;128
177;0;0.0001;concept1;0.02513178;None;0.039569672;0.9748682379722595;10;3;128;128
177;1;0.0001;concept2;0.0041422416;None;0.020726006;0.9958577752113342;10;3;128;128
177;2;0.0001;concept3;0.09927548;None;0.075678624;0.9007245302200317;10;3;128;128
178;0;0.0001;concept1;0.025313724;None;0.0396657;0.9746862649917603;10;3;128;128
178;1;0.0001;concept2;0.0041392534;None;0.02072912;0.995860755443573;10;3;128;128
178;2;0.0001;concept3;0.09703057;None;0.074514;0.9029694199562073;10;3;128;128
179;0;0.0001;concept1;0.025492912;None;0.039791603;0.9745070934295654;10;3;128;128
179;1;0.0001;concept2;0.004147373;None;0.020755338;0.9958526492118835;10;3;128;128
179;2;0.0001;concept3;0.09421041;None;0.07279705;0.9057896137237549;10;3;128;128
180;0;0.0001;concept1;0.025649253;None;0.03987327;0.9743507504463196;10;3;128;128
180;1;0.0001;concept2;0.0041533136;None;0.020776514;0.995846688747406;10;3;128;128
180;2;0.0001;concept3;0.089471035;None;0.06918889;0.9105289578437805;10;3;128;128
181;0;0.0001;concept1;0.025704857;None;0.039951432;0.9742951393127441;10;3;128;128
181;1;0.0001;concept2;0.004160696;None;0.02079629;0.9958392977714539;10;3;128;128
181;2;0.0001;concept3;0.08900636;None;0.06814757;0.9109936356544495;10;3;128;128
182;0;0.0001;concept1;0.025920475;None;0.04008035;0.9740795493125916;10;3;128;128
182;1;0.0001;concept2;0.004165708;None;0.020809822;0.9958342909812927;10;3;128;128
182;2;0.0001;concept3;0.0887653;None;0.06763078;0.9112346768379211;10;3;128;128
183;0;0.0001;concept1;0.025944136;None;0.04010589;0.9740558862686157;10;3;128;128
183;1;0.0001;concept2;0.004171345;None;0.020824533;0.9958286285400391;10;3;128;128
183;2;0.0001;concept3;0.08872247;None;0.06736445;0.9112775325775146;10;3;128;128
184;0;0.0001;concept1;0.026104795;None;0.040212248;0.9738951921463013;10;3;128;128
184;1;0.0001;concept2;0.0041783825;None;0.02083868;0.9958215951919556;10;3;128;128
184;2;0.0001;concept3;0.08880258;None;0.06748855;0.9111974239349365;10;3;128;128
185;0;0.0001;concept1;0.02611068;None;0.04022293;0.9738892912864685;10;3;128;128
185;1;0.0001;concept2;0.0041777333;None;0.020834679;0.9958222508430481;10;3;128;128
185;2;0.0001;concept3;0.08920344;None;0.06819619;0.910796582698822;10;3;128;128
186;0;0.0001;concept1;0.026067857;None;0.040238496;0.973932147026062;10;3;128;128
186;1;0.0001;concept2;0.0041780435;None;0.020836962;0.9958219528198242;10;3;128;128
186;2;0.0001;concept3;0.09287364;None;0.07128157;0.9071263670921326;10;3;128;128
187;0;0.0001;concept1;0.026003337;None;0.040251642;0.973996639251709;10;3;128;128
187;1;0.0001;concept2;0.0041557616;None;0.02077507;0.9958442449569702;10;3;128;128
187;2;0.0001;concept3;0.08560713;None;0.066078566;0.91439288854599;10;3;128;128
188;0;0.0001;concept1;0.0259136;None;0.040227953;0.9740864038467407;10;3;128;128
188;1;0.0001;concept2;0.004171154;None;0.020812672;0.9958288669586182;10;3;128;128
188;2;0.0001;concept3;0.08967326;None;0.06935376;0.9103267192840576;10;3;128;128
189;0;0.0001;concept1;0.025963714;None;0.040284984;0.9740362763404846;10;3;128;128
189;1;0.0001;concept2;0.004151871;None;0.020757996;0.9958481192588806;10;3;128;128
189;2;0.0001;concept3;0.087356076;None;0.06718665;0.9126439094543457;10;3;128;128
190;0;0.0001;concept1;0.025817405;None;0.04028954;0.9741826057434082;10;3;128;128
190;1;0.0001;concept2;0.004168949;None;0.020799212;0.9958310723304749;10;3;128;128
190;2;0.0001;concept3;0.095758066;None;0.0720193;0.9042419195175171;10;3;128;128
191;0;0.0001;concept1;0.025661323;None;0.04029028;0.9743386507034302;10;3;128;128
191;1;0.0001;concept2;0.004149447;None;0.020746032;0.9958505630493164;10;3;128;128
191;2;0.0001;concept3;0.0867534;None;0.066546336;0.9132465720176697;10;3;128;128
192;0;0.0001;concept1;0.025785072;None;0.040329956;0.9742149114608765;10;3;128;128
192;1;0.0001;concept2;0.0041791718;None;0.020817766;0.9958208203315735;10;3;128;128
192;2;0.0001;concept3;0.084845;None;0.06517693;0.9151549935340881;10;3;128;128
193;0;0.0001;concept1;0.025739256;None;0.040356897;0.9742607474327087;10;3;128;128
193;1;0.0001;concept2;0.00417236;None;0.020789895;0.9958276152610779;10;3;128;128
193;2;0.0001;concept3;0.084434;None;0.06447292;0.9155659675598145;10;3;128;128
194;0;0.0001;concept1;0.025778597;None;0.04040221;0.974221408367157;10;3;128;128
194;1;0.0001;concept2;0.004182687;None;0.020807054;0.9958173036575317;10;3;128;128
194;2;0.0001;concept3;0.08387858;None;0.064036936;0.9161214232444763;10;3;128;128
195;0;0.0001;concept1;0.025841095;None;0.040470913;0.9741588830947876;10;3;128;128
195;1;0.0001;concept2;0.004182692;None;0.020800875;0.9958173036575317;10;3;128;128
195;2;0.0001;concept3;0.08408895;None;0.06395105;0.915911078453064;10;3;128;128
196;0;0.0001;concept1;0.025867676;None;0.040538132;0.9741322994232178;10;3;128;128
196;1;0.0001;concept2;0.0041919905;None;0.020823095;0.9958080053329468;10;3;128;128
196;2;0.0001;concept3;0.08420468;None;0.06403244;0.9157953262329102;10;3;128;128
197;0;0.0001;concept1;0.025751261;None;0.040491447;0.9742487668991089;10;3;128;128
197;1;0.0001;concept2;0.004187173;None;0.020808825;0.9958128333091736;10;3;128;128
197;2;0.0001;concept3;0.08427124;None;0.06431094;0.915728747844696;10;3;128;128
198;0;0.0001;concept1;0.025842061;None;0.04058045;0.9741579294204712;10;3;128;128
198;1;0.0001;concept2;0.0041858302;None;0.020808324;0.9958141446113586;10;3;128;128
198;2;0.0001;concept3;0.08443647;None;0.06452178;0.9155635237693787;10;3;128;128
199;0;0.0001;concept1;0.025813552;None;0.04058785;0.9741864204406738;10;3;128;128
199;1;0.0001;concept2;0.004174935;None;0.020780094;0.9958250522613525;10;3;128;128
199;2;0.0001;concept3;0.084500395;None;0.06445882;0.9154996275901794;10;3;128;128
