0;0;0.0001;concept1;0.1058417349586651;None;0.11922553775810012;0.8941582650413349;10;20;128;128
0;1;0.0001;concept2;0.6805886880677758;None;0.1788765611243442;0.31941131193222416;10;20;128;128
0;2;0.0001;concept3;0.49907461429613453;None;0.10530624437824317;0.5009253857038656;10;20;128;128
1;0;0.0001;concept1;0.09010420968777147;None;0.1101718417994668;0.9098957903122286;10;20;128;128
1;1;0.0001;concept2;1.1869892560458464;None;0.2343906946481783;-0.18698925604584637;10;20;128;128
1;2;0.0001;concept3;0.510312946358629;None;0.10951034561489124;0.489687053641371;10;20;128;128
2;0;0.0001;concept1;0.06637732157021554;None;0.0933260681836751;0.9336226784297844;10;20;128;128
2;1;0.0001;concept2;0.1657890760579199;None;0.08190834899208864;0.8342109239420801;10;20;128;128
2;2;0.0001;concept3;0.11028001900372546;None;0.050945428928525396;0.8897199809962746;10;20;128;128
3;0;0.0001;concept1;0.057166731619643314;None;0.08520947485390996;0.9428332683803566;10;20;128;128
3;1;0.0001;concept2;0.07875217654474931;None;0.05739143572455815;0.9212478234552507;10;20;128;128
3;2;0.0001;concept3;0.0881164830158309;None;0.04604574881535494;0.9118835169841691;10;20;128;128
4;0;0.0001;concept1;0.05246857384108744;None;0.08068207037535548;0.9475314261589125;10;20;128;128
4;1;0.0001;concept2;0.06158914714974116;None;0.05091536746602083;0.9384108528502588;10;20;128;128
4;2;0.0001;concept3;0.07099103660492945;None;0.04142218979631189;0.9290089633950706;10;20;128;128
5;0;0.0001;concept1;0.04926299652438304;None;0.0773202604301184;0.950737003475617;10;20;128;128
5;1;0.0001;concept2;0.05419836663662955;None;0.04756275787388532;0.9458016333633704;10;20;128;128
5;2;0.0001;concept3;0.06520916498964935;None;0.039697052265417275;0.9347908350103507;10;20;128;128
6;0;0.0001;concept1;0.04687575510056739;None;0.07473504779497546;0.9531242448994326;10;20;128;128
6;1;0.0001;concept2;0.04941787620599396;None;0.04528446567943097;0.9505821237940061;10;20;128;128
6;2;0.0001;concept3;0.06104309749893695;None;0.03839963146847866;0.938956902501063;10;20;128;128
7;0;0.0001;concept1;0.04514276776932108;None;0.07274431036206994;0.9548572322306789;10;20;128;128
7;1;0.0001;concept2;0.04582754799359221;None;0.04355435484215331;0.9541724520064078;10;20;128;128
7;2;0.0001;concept3;0.05732616769732379;None;0.03713671747003107;0.9426738323026762;10;20;128;128
8;0;0.0001;concept1;0.04375040785479358;None;0.07109304928888775;0.9562495921452064;10;20;128;128
8;1;0.0001;concept2;0.042851872393821794;None;0.042097634162037864;0.9571481276061782;10;20;128;128
8;2;0.0001;concept3;0.05450914273234283;None;0.03622117573219562;0.9454908572676571;10;20;128;128
9;0;0.0001;concept1;0.04261822104178191;None;0.06971061963555221;0.9573817789582181;10;20;128;128
9;1;0.0001;concept2;0.040219095145759505;None;0.040763104433533884;0.9597809048542405;10;20;128;128
9;2;0.0001;concept3;0.051754926650929685;None;0.03530838517377714;0.9482450733490703;10;20;128;128
10;0;0.0001;concept1;0.04156080950349117;None;0.06842751770250263;0.9584391904965088;10;20;128;128
10;1;0.0001;concept2;0.03793793652919993;None;0.0395747815772781;0.9620620634708;10;20;128;128
10;2;0.0001;concept3;0.04851747890597199;None;0.034082100189201686;0.951482521094028;10;20;128;128
11;0;0.0001;concept1;0.040710615624404825;None;0.06737310245156304;0.9592893843755952;10;20;128;128
11;1;0.0001;concept2;0.03598874527823098;None;0.03852524062321903;0.964011254721769;10;20;128;128
11;2;0.0001;concept3;0.046191720006279906;None;0.03324123159023283;0.9538082799937201;10;20;128;128
12;0;0.0001;concept1;0.03985526217808851;None;0.06624963449353637;0.9601447378219115;10;20;128;128
12;1;0.0001;concept2;0.0343764630703531;None;0.03763667527307106;0.9656235369296469;10;20;128;128
12;2;0.0001;concept3;0.044236386572626685;None;0.03250660356229959;0.9557636134273734;10;20;128;128
13;0;0.0001;concept1;0.039271325914057034;None;0.065441644937895;0.960728674085943;10;20;128;128
13;1;0.0001;concept2;0.03293400874987478;None;0.036829150543785875;0.9670659912501253;10;20;128;128
13;2;0.0001;concept3;0.04209010019505956;None;0.03163988198974399;0.9579098998049405;10;20;128;128
14;0;0.0001;concept1;0.03876701539220141;None;0.06475063933271738;0.9612329846077986;10;20;128;128
14;1;0.0001;concept2;0.03168118164317876;None;0.0361075266405667;0.9683188183568212;10;20;128;128
14;2;0.0001;concept3;0.04022073559633312;None;0.030845610224214646;0.9597792644036669;10;20;128;128
15;0;0.0001;concept1;0.038312234953447336;None;0.06411831502610099;0.9616877650465526;10;20;128;128
15;1;0.0001;concept2;0.030590386786975156;None;0.035464535652631336;0.9694096132130249;10;20;128;128
15;2;0.0001;concept3;0.03890352344409382;None;0.030374409749823767;0.9610964765559061;10;20;128;128
16;0;0.0001;concept1;0.037891230237082046;None;0.06352662929019894;0.9621087697629179;10;20;128;128
16;1;0.0001;concept2;0.029644120847531385;None;0.03490693637570384;0.9703558791524686;10;20;128;128
16;2;0.0001;concept3;0.03730599325274893;None;0.029678732868819266;0.962694006747251;10;20;128;128
17;0;0.0001;concept1;0.037528215498863;None;0.06299373795737116;0.962471784501137;10;20;128;128
17;1;0.0001;concept2;0.028773893889734215;None;0.034386764713224764;0.9712261061102658;10;20;128;128
17;2;0.0001;concept3;0.03647376381809571;None;0.029383896466432295;0.9635262361819042;10;20;128;128
18;0;0.0001;concept1;0.03717241858101043;None;0.06248684084114564;0.9628275814189896;10;20;128;128
18;1;0.0001;concept2;0.027947751405736417;None;0.033883584898962406;0.9720522485942635;10;20;128;128
18;2;0.0001;concept3;0.035282514598188715;None;0.028861109519441937;0.9647174854018112;10;20;128;128
19;0;0.0001;concept1;0.03687933548583864;None;0.06204666462467027;0.9631206645141613;10;20;128;128
19;1;0.0001;concept2;0.027281957071615934;None;0.03346319618983709;0.972718042928384;10;20;128;128
19;2;0.0001;concept3;0.03426544742838456;None;0.028436034904285576;0.9657345525716154;10;20;128;128
20;0;0.0001;concept1;0.03657622044524634;None;0.06160178955635433;0.9634237795547537;10;20;128;128
20;1;0.0001;concept2;0.026683014780642767;None;0.03308620420745147;0.9733169852193573;10;20;128;128
20;2;0.0001;concept3;0.033343642544282924;None;0.028057123145884533;0.9666563574557171;10;20;128;128
21;0;0.0001;concept1;0.036409864352217956;None;0.061271976429446554;0.9635901356477821;10;20;128;128
21;1;0.0001;concept2;0.026140837446914967;None;0.03273340741525404;0.973859162553085;10;20;128;128
21;2;0.0001;concept3;0.032441634457770555;None;0.0276368062190179;0.9675583655422294;10;20;128;128
22;0;0.0001;concept1;0.036149825100302097;None;0.060889719903672195;0.9638501748996979;10;20;128;128
22;1;0.0001;concept2;0.025628683980761003;None;0.032400545118645666;0.974371316019239;10;20;128;128
22;2;0.0001;concept3;0.03165975451631421;None;0.02728263876047996;0.9683402454836858;10;20;128;128
23;0;0.0001;concept1;0.03594133357849867;None;0.06056134926265542;0.9640586664215013;10;20;128;128
23;1;0.0001;concept2;0.025146650521077625;None;0.032085704712363564;0.9748533494789223;10;20;128;128
23;2;0.0001;concept3;0.030905057433288852;None;0.026942135377541785;0.9690949425667111;10;20;128;128
24;0;0.0001;concept1;0.035774802208187496;None;0.06026635044337827;0.9642251977918125;10;20;128;128
24;1;0.0001;concept2;0.024725620097223146;None;0.0318070443494255;0.9752743799027769;10;20;128;128
24;2;0.0001;concept3;0.030217609754998202;None;0.026621781461418307;0.9697823902450018;10;20;128;128
25;0;0.0001;concept1;0.03555206403300179;None;0.05993554194523116;0.9644479359669982;10;20;128;128
25;1;0.0001;concept2;0.02431693656916666;None;0.03153187538918883;0.9756830634308333;10;20;128;128
25;2;0.0001;concept3;0.02958760610903703;None;0.026308863447300258;0.970412393890963;10;20;128;128
26;0;0.0001;concept1;0.035386838828385475;None;0.05967327805561871;0.9646131611716146;10;20;128;128
26;1;0.0001;concept2;0.023917862359176287;None;0.031262770505355905;0.9760821376408237;10;20;128;128
26;2;0.0001;concept3;0.02898038439439235;None;0.026017277828415578;0.9710196156056077;10;20;128;128
27;0;0.0001;concept1;0.035243865734421356;None;0.05941225076129651;0.9647561342655786;10;20;128;128
27;1;0.0001;concept2;0.023553491015754064;None;0.031015055310759966;0.9764465089842459;10;20;128;128
27;2;0.0001;concept3;0.028412926511101763;None;0.025749890572629323;0.9715870734888983;10;20;128;128
28;0;0.0001;concept1;0.035076004889667195;None;0.0591459916311944;0.9649239951103328;10;20;128;128
28;1;0.0001;concept2;0.023224865984062912;None;0.030790760381993194;0.9767751340159371;10;20;128;128
28;2;0.0001;concept3;0.027874295850608972;None;0.025436700568465916;0.972125704149391;10;20;128;128
29;0;0.0001;concept1;0.034915097343228674;None;0.05889474655009788;0.9650849026567714;10;20;128;128
29;1;0.0001;concept2;0.022896485727080876;None;0.030564456067734176;0.9771035142729191;10;20;128;128
29;2;0.0001;concept3;0.027588708127389477;None;0.0254242433897681;0.9724112918726106;10;20;128;128
30;0;0.0001;concept1;0.03473581516306028;None;0.05862904562761552;0.9652641848369398;10;20;128;128
30;1;0.0001;concept2;0.022589913426084383;None;0.030351747633899393;0.9774100865739156;10;20;128;128
30;2;0.0001;concept3;0.027056601624324408;None;0.02513011176403251;0.9729433983756756;10;20;128;128
31;0;0.0001;concept1;0.03458423515154016;None;0.05838884870849772;0.9654157648484598;10;20;128;128
31;1;0.0001;concept2;0.02231001455105066;None;0.030151787007777348;0.9776899854489494;10;20;128;128
31;2;0.0001;concept3;0.026551030731840265;None;0.02487260994967598;0.9734489692681597;10;20;128;128
32;0;0.0001;concept1;0.034463482441664486;None;0.05819094599948622;0.9655365175583355;10;20;128;128
32;1;0.0001;concept2;0.022024319952868573;None;0.02994740366732833;0.9779756800471314;10;20;128;128
32;2;0.0001;concept3;0.02606997683803562;None;0.024658437721993585;0.9739300231619644;10;20;128;128
33;0;0.0001;concept1;0.034351939101264446;None;0.05799755280467346;0.9656480608987356;10;20;128;128
33;1;0.0001;concept2;0.02177558445147386;None;0.02976690689422253;0.9782244155485261;10;20;128;128
33;2;0.0001;concept3;0.02570860735189754;None;0.02450501093826426;0.9742913926481025;10;20;128;128
34;0;0.0001;concept1;0.03421601780604376;None;0.0577998533631873;0.9657839821939562;10;20;128;128
34;1;0.0001;concept2;0.02156279826037514;None;0.029611248725649325;0.9784372017396249;10;20;128;128
34;2;0.0001;concept3;0.02536145948061032;None;0.024358241708329738;0.9746385405193897;10;20;128;128
35;0;0.0001;concept1;0.03410362959291976;None;0.057609132897445625;0.9658963704070802;10;20;128;128
35;1;0.0001;concept2;0.021330696759326292;None;0.029440347891210573;0.9786693032406737;10;20;128;128
35;2;0.0001;concept3;0.025027276369455276;None;0.024209397921780555;0.9749727236305448;10;20;128;128
36;0;0.0001;concept1;0.034028167919529555;None;0.05745735009415761;0.9659718320804704;10;20;128;128
36;1;0.0001;concept2;0.02110401239470983;None;0.029272471860752474;0.9788959876052902;10;20;128;128
36;2;0.0001;concept3;0.02470735913866635;None;0.02406980866522462;0.9752926408613336;10;20;128;128
37;0;0.0001;concept1;0.03389391185725416;None;0.05727245430005404;0.9661060881427458;10;20;128;128
37;1;0.0001;concept2;0.020895642849135202;None;0.02911737891091778;0.9791043571508647;10;20;128;128
37;2;0.0001;concept3;0.02439544300378691;None;0.0239355257168084;0.9756045569962131;10;20;128;128
38;0;0.0001;concept1;0.033785514904874886;None;0.057113024987366416;0.9662144850951251;10;20;128;128
38;1;0.0001;concept2;0.02068480921219284;None;0.028957830740760818;0.9793151907878072;10;20;128;128
38;2;0.0001;concept3;0.024116124051406396;None;0.023812851019516645;0.9758838759485936;10;20;128;128
39;0;0.0001;concept1;0.033695619168051825;None;0.05696400774868008;0.9663043808319481;10;20;128;128
39;1;0.0001;concept2;0.020486840802516584;None;0.028807806611553657;0.9795131591974834;10;20;128;128
39;2;0.0001;concept3;0.023803162857249528;None;0.02366810375401541;0.9761968371427505;10;20;128;128
40;0;0.0001;concept1;0.033602859399149;None;0.05681204072378819;0.966397140600851;10;20;128;128
40;1;0.0001;concept2;0.02029628635077307;None;0.02866017925966181;0.9797037136492269;10;20;128;128
40;2;0.0001;concept3;0.023569475376065272;None;0.023565037903486494;0.9764305246239348;10;20;128;128
41;0;0.0001;concept1;0.033543037803814194;None;0.056695055300446814;0.9664569621961858;10;20;128;128
41;1;0.0001;concept2;0.020115141526639867;None;0.028520725404703188;0.9798848584733602;10;20;128;128
41;2;0.0001;concept3;0.023295473198662695;None;0.02344038509846002;0.9767045268013373;10;20;128;128
42;0;0.0001;concept1;0.03345240535860536;None;0.05655856980187586;0.9665475946413946;10;20;128;128
42;1;0.0001;concept2;0.019931096172022957;None;0.028379335064055832;0.9800689038279771;10;20;128;128
42;2;0.0001;concept3;0.023076375880642576;None;0.02334325707645639;0.9769236241193574;10;20;128;128
43;0;0.0001;concept1;0.03339557242013395;None;0.05644965863658662;0.9666044275798661;10;20;128;128
43;1;0.0001;concept2;0.019757789645806472;None;0.028245611706499626;0.9802422103541936;10;20;128;128
43;2;0.0001;concept3;0.022843039378830636;None;0.023238425928896838;0.9771569606211694;10;20;128;128
44;0;0.0001;concept1;0.03331448605888774;None;0.05631948233435692;0.9666855139411122;10;20;128;128
44;1;0.0001;concept2;0.019596998649656343;None;0.02811898743580571;0.9804030013503436;10;20;128;128
44;2;0.0001;concept3;0.022653249591739814;None;0.023146498498998885;0.9773467504082601;10;20;128;128
45;0;0.0001;concept1;0.03324501487488345;None;0.05619679499045844;0.9667549851251166;10;20;128;128
45;1;0.0001;concept2;0.01943473841675291;None;0.02798927562684845;0.9805652615832471;10;20;128;128
45;2;0.0001;concept3;0.02245591366082721;None;0.023051372608853263;0.9775440863391728;10;20;128;128
46;0;0.0001;concept1;0.03318262080318236;None;0.05609041963386808;0.9668173791968177;10;20;128;128
46;1;0.0001;concept2;0.019269434289815802;None;0.02786109786205177;0.9807305657101842;10;20;128;128
46;2;0.0001;concept3;0.022254916663853003;None;0.022953866444923428;0.977745083336147;10;20;128;128
47;0;0.0001;concept1;0.033101645347192725;None;0.055967263493309785;0.9668983546528073;10;20;128;128
47;1;0.0001;concept2;0.019102308237001552;None;0.027732320463034074;0.9808976917629985;10;20;128;128
47;2;0.0001;concept3;0.022076446227014237;None;0.02286365860687251;0.9779235537729858;10;20;128;128
48;0;0.0001;concept1;0.03305903060533786;None;0.05588403702693027;0.9669409693946621;10;20;128;128
48;1;0.0001;concept2;0.018955701353214005;None;0.027617313199615492;0.981044298646786;10;20;128;128
48;2;0.0001;concept3;0.021891715663411932;None;0.022774333454430255;0.978108284336588;10;20;128;128
49;0;0.0001;concept1;0.03296667331052288;None;0.05575420523234531;0.9670333266894772;10;20;128;128
49;1;0.0001;concept2;0.01881206976413076;None;0.027506173763005504;0.9811879302358693;10;20;128;128
49;2;0.0001;concept3;0.02171638363196721;None;0.02268822891932724;0.9782836163680328;10;20;128;128
50;0;0.0001;concept1;0.0362232892119144;None;0.048617401756853466;0.9637767107880856;10;20;128;128
50;1;0.0001;concept2;0.00679991546945521;None;0.036434798382326355;0.9932000845305448;10;20;128;128
50;2;0.0001;concept3;0.006128798200003928;None;0.04136040145279528;0.9938712017999961;10;20;128;128
51;0;0.0001;concept1;0.03619318607352771;None;0.04849265399669134;0.9638068139264723;10;20;128;128
51;1;0.0001;concept2;0.006735891756635853;None;0.03624987937841742;0.9932641082433642;10;20;128;128
51;2;0.0001;concept3;0.00611073456735277;None;0.041341634069430463;0.9938892654326472;10;20;128;128
52;0;0.0001;concept1;0.03613437196834017;None;0.048387333816556286;0.9638656280316599;10;20;128;128
52;1;0.0001;concept2;0.006671478885903853;None;0.03606009431406255;0.9933285211140962;10;20;128;128
52;2;0.0001;concept3;0.006075626908251489;None;0.04125038635903749;0.9939243730917485;10;20;128;128
53;0;0.0001;concept1;0.03605367238069226;None;0.048267191269123266;0.9639463276193078;10;20;128;128
53;1;0.0001;concept2;0.006612311483912557;None;0.03589051621709052;0.9933876885160875;10;20;128;128
53;2;0.0001;concept3;0.006031789128563776;None;0.041119962574744096;0.9939682108714363;10;20;128;128
54;0;0.0001;concept1;0.03597026635931708;None;0.04815482491056318;0.9640297336406829;10;20;128;128
54;1;0.0001;concept2;0.006556310668588252;None;0.03572520195744535;0.9934436893314117;10;20;128;128
54;2;0.0001;concept3;0.006017374020154535;None;0.041102291583716026;0.9939826259798454;10;20;128;128
55;0;0.0001;concept1;0.0358872278718149;None;0.04806957340306542;0.9641127721281851;10;20;128;128
55;1;0.0001;concept2;0.006498719584807407;None;0.03555436677936379;0.9935012804151926;10;20;128;128
55;2;0.0001;concept3;0.006010649251623455;None;0.041112871083021925;0.9939893507483766;10;20;128;128
56;0;0.0001;concept1;0.0359031251072723;None;0.04797311361147443;0.9640968748927277;10;20;128;128
56;1;0.0001;concept2;0.0064438328611770455;None;0.03539207793989183;0.993556167138823;10;20;128;128
56;2;0.0001;concept3;0.005994742323538734;None;0.0410865522928663;0.9940052576764613;10;20;128;128
57;0;0.0001;concept1;0.03583851901336956;None;0.047891505954218955;0.9641614809866305;10;20;128;128
57;1;0.0001;concept2;0.006389315390944332;None;0.03522848944756597;0.9936106846090557;10;20;128;128
57;2;0.0001;concept3;0.005965799582519707;None;0.041006038426399244;0.9940342004174803;10;20;128;128
58;0;0.0001;concept1;0.03577375129473384;None;0.0478107439486322;0.9642262487052662;10;20;128;128
58;1;0.0001;concept2;0.006339414639726686;None;0.03507740560520623;0.9936605853602734;10;20;128;128
58;2;0.0001;concept3;0.005946998964873252;None;0.04095987383168883;0.9940530010351267;10;20;128;128
59;0;0.0001;concept1;0.035705706581948486;None;0.04770889786124625;0.9642942934180515;10;20;128;128
59;1;0.0001;concept2;0.006290891584149169;None;0.03492805059627482;0.9937091084158508;10;20;128;128
59;2;0.0001;concept3;0.005933276534496926;None;0.04093044333086718;0.9940667234655031;10;20;128;128
60;0;0.0001;concept1;0.03564919898325805;None;0.047627454372138674;0.964350801016742;10;20;128;128
60;1;0.0001;concept2;0.0062433444863880545;None;0.03478311070963365;0.9937566555136119;10;20;128;128
60;2;0.0001;concept3;0.005926721611680482;None;0.04092872749778757;0.9940732783883195;10;20;128;128
61;0;0.0001;concept1;0.03562895325889728;None;0.0475454983590857;0.9643710467411027;10;20;128;128
61;1;0.0001;concept2;0.006196575836423575;None;0.034638775137355145;0.9938034241635765;10;20;128;128
61;2;0.0001;concept3;0.0059031211762486146;None;0.040856627206163246;0.9940968788237514;10;20;128;128
62;0;0.0001;concept1;0.03554975705249443;None;0.04745061724483862;0.9644502429475056;10;20;128;128
62;1;0.0001;concept2;0.006150452665514533;None;0.03449896681261491;0.9938495473344855;10;20;128;128
62;2;0.0001;concept3;0.005904630007309739;None;0.04088360546324504;0.9940953699926902;10;20;128;128
63;0;0.0001;concept1;0.03555835946791652;None;0.047369792341963236;0.9644416405320835;10;20;128;128
63;1;0.0001;concept2;0.00610710096551559;None;0.03436801628026537;0.9938928990344844;10;20;128;128
63;2;0.0001;concept3;0.005873235014066133;None;0.04078093407695888;0.9941267649859339;10;20;128;128
64;0;0.0001;concept1;0.03544337438226933;None;0.04728190186949684;0.9645566256177307;10;20;128;128
64;1;0.0001;concept2;0.006065617799473531;None;0.03424060332622133;0.9939343822005264;10;20;128;128
64;2;0.0001;concept3;0.005869133108947717;None;0.04077920995419258;0.9941308668910522;10;20;128;128
65;0;0.0001;concept1;0.03536092582106713;None;0.04718035320644538;0.9646390741789329;10;20;128;128
65;1;0.0001;concept2;0.006025954051359085;None;0.03411826034459617;0.9939740459486409;10;20;128;128
65;2;0.0001;concept3;0.00584002857681367;None;0.04068776032491145;0.9941599714231864;10;20;128;128
66;0;0.0001;concept1;0.03542844973284119;None;0.04712736199717232;0.9645715502671588;10;20;128;128
66;1;0.0001;concept2;0.005988335510546778;None;0.034000228925463914;0.9940116644894532;10;20;128;128
66;2;0.0001;concept3;0.005840144359679174;None;0.0407043854338016;0.9941598556403208;10;20;128;128
67;0;0.0001;concept1;0.03529199237759104;None;0.047041500682498204;0.9647080076224089;10;20;128;128
67;1;0.0001;concept2;0.005951039827469939;None;0.03388319563094966;0.9940489601725301;10;20;128;128
67;2;0.0001;concept3;0.005823679379073782;None;0.04065809173941165;0.9941763206209262;10;20;128;128
68;0;0.0001;concept1;0.03532490619933729;None;0.0469928896153121;0.9646750938006627;10;20;128;128
68;1;0.0001;concept2;0.005914839202771927;None;0.03376836047715713;0.9940851607972281;10;20;128;128
68;2;0.0001;concept3;0.005804738560306383;None;0.04060032442782975;0.9941952614396936;10;20;128;128
69;0;0.0001;concept1;0.035245977683682816;None;0.04692176145406493;0.9647540223163171;10;20;128;128
69;1;0.0001;concept2;0.005875909689640652;None;0.03364551720874483;0.9941240903103593;10;20;128;128
69;2;0.0001;concept3;0.005796121415043383;None;0.04058501089772678;0.9942038785849566;10;20;128;128
70;0;0.0001;concept1;0.03531089539280497;None;0.046895239402963834;0.964689104607195;10;20;128;128
70;1;0.0001;concept2;0.005839103860623828;None;0.03352572424315963;0.9941608961393762;10;20;128;128
70;2;0.0001;concept3;0.005777293012372316;None;0.040526067913520196;0.9942227069876277;10;20;128;128
71;0;0.0001;concept1;0.03525017942198754;None;0.04681539003590803;0.9647498205780125;10;20;128;128
71;1;0.0001;concept2;0.0058052153351302056;None;0.03341634425941972;0.9941947846648698;10;20;128;128
71;2;0.0001;concept3;0.005770619361300318;None;0.04051515224506921;0.9942293806386997;10;20;128;128
72;0;0.0001;concept1;0.03525481117811132;None;0.046775047417958064;0.9647451888218886;10;20;128;128
72;1;0.0001;concept2;0.005772101218968551;None;0.03331071646196163;0.9942278987810315;10;20;128;128
72;2;0.0001;concept3;0.005762582128392496;None;0.04049643795227139;0.9942374178716075;10;20;128;128
73;0;0.0001;concept1;0.03514764588093222;None;0.04668830828102197;0.9648523541190678;10;20;128;128
73;1;0.0001;concept2;0.005737838587755355;None;0.03320269173378329;0.9942621614122447;10;20;128;128
73;2;0.0001;concept3;0.005750918936283491;None;0.0404616378780061;0.9942490810637165;10;20;128;128
74;0;0.0001;concept1;0.03513040115297758;None;0.0466155689973696;0.9648695988470224;10;20;128;128
74;1;0.0001;concept2;0.0057053339656803785;None;0.033099368671506015;0.9942946660343196;10;20;128;128
74;2;0.0001;concept3;0.005735198043994694;None;0.0404027202403293;0.9942648019560053;10;20;128;128
75;0;0.0001;concept1;0.03508250211612254;None;0.0465476717796087;0.9649174978838775;10;20;128;128
75;1;0.0001;concept2;0.005673433811150678;None;0.03299602144200026;0.9943265661888493;10;20;128;128
75;2;0.0001;concept3;0.005725334089007011;None;0.04037314935325712;0.994274665910993;10;20;128;128
76;0;0.0001;concept1;0.03502145908041557;None;0.046482512594089566;0.9649785409195845;10;20;128;128
76;1;0.0001;concept2;0.005644270437216503;None;0.03289988456485842;0.9943557295627835;10;20;128;128
76;2;0.0001;concept3;0.005713644331046436;None;0.04033617837665308;0.9942863556689535;10;20;128;128
77;0;0.0001;concept1;0.0349735364111269;None;0.04641887219895179;0.9650264635888731;10;20;128;128
77;1;0.0001;concept2;0.005613781937130511;None;0.03280055957508209;0.9943862180628695;10;20;128;128
77;2;0.0001;concept3;0.0057217610795253625;None;0.04038284256721182;0.9942782389204746;10;20;128;128
78;0;0.0001;concept1;0.034969550805653365;None;0.046377331198711326;0.9650304491943467;10;20;128;128
78;1;0.0001;concept2;0.005584960887858879;None;0.032707816031540375;0.9944150391121411;10;20;128;128
78;2;0.0001;concept3;0.005715413032885751;None;0.04036626504274873;0.9942845869671143;10;20;128;128
79;0;0.0001;concept1;0.03497335114278678;None;0.04633386221743452;0.9650266488572132;10;20;128;128
79;1;0.0001;concept2;0.005557333631312789;None;0.03261740400839332;0.9944426663686872;10;20;128;128
79;2;0.0001;concept3;0.005710617190009511;None;0.040353132015173133;0.9942893828099905;10;20;128;128
80;0;0.0001;concept1;0.03493648044213047;None;0.0462782844028698;0.9650635195578695;10;20;128;128
80;1;0.0001;concept2;0.005524715538930147;None;0.03251287594955062;0.9944752844610698;10;20;128;128
80;2;0.0001;concept3;0.005712888025726446;None;0.04036534328241477;0.9942871119742736;10;20;128;128
81;0;0.0001;concept1;0.0348296250690683;None;0.04621986403471845;0.9651703749309317;10;20;128;128
81;1;0.0001;concept2;0.005497613393552278;None;0.03242440754469911;0.9945023866064477;10;20;128;128
81;2;0.0001;concept3;0.005709548715381071;None;0.040360670438851706;0.9942904512846189;10;20;128;128
82;0;0.0001;concept1;0.03476169882867523;None;0.04615325840074738;0.9652383011713248;10;20;128;128
82;1;0.0001;concept2;0.00547220593129123;None;0.03233926931946388;0.9945277940687087;10;20;128;128
82;2;0.0001;concept3;0.005681407227268514;None;0.040246422230806045;0.9943185927727315;10;20;128;128
83;0;0.0001;concept1;0.03465385278163294;None;0.046087591067087354;0.9653461472183671;10;20;128;128
83;1;0.0001;concept2;0.005446055760158565;None;0.032252109683244205;0.9945539442398414;10;20;128;128
83;2;0.0001;concept3;0.005679762855037884;None;0.04024207210596506;0.9943202371449621;10;20;128;128
84;0;0.0001;concept1;0.03472638419156645;None;0.04606410717117134;0.9652736158084335;10;20;128;128
84;1;0.0001;concept2;0.005421250637323591;None;0.03216895131142358;0.9945787493626764;10;20;128;128
84;2;0.0001;concept3;0.005686821022576759;None;0.04027401493043726;0.9943131789774232;10;20;128;128
85;0;0.0001;concept1;0.034647892264585076;None;0.046003439690169116;0.9653521077354149;10;20;128;128
85;1;0.0001;concept2;0.0053971105376058775;None;0.03208660177129855;0.9946028894623942;10;20;128;128
85;2;0.0001;concept3;0.005675035454818876;None;0.04022683721613745;0.9943249645451812;10;20;128;128
86;0;0.0001;concept1;0.03462075986019949;None;0.04595084504504165;0.9653792401398005;10;20;128;128
86;1;0.0001;concept2;0.0053727845052199885;None;0.03200374175940118;0.9946272154947801;10;20;128;128
86;2;0.0001;concept3;0.005687829559874367;None;0.04028241634504105;0.9943121704401257;10;20;128;128
87;0;0.0001;concept1;0.03459981621103889;None;0.04590392942075897;0.9654001837889611;10;20;128;128
87;1;0.0001;concept2;0.005348172795029788;None;0.03192096969373064;0.9946518272049703;10;20;128;128
87;2;0.0001;concept3;0.0056486363306686984;None;0.040122157673567485;0.9943513636693313;10;20;128;128
88;0;0.0001;concept1;0.034534909939039425;None;0.04584934998363498;0.9654650900609606;10;20;128;128
88;1;0.0001;concept2;0.005324656293202885;None;0.03184063377352844;0.9946753437067971;10;20;128;128
88;2;0.0001;concept3;0.005653029406337006;None;0.04014294415438346;0.994346970593663;10;20;128;128
89;0;0.0001;concept1;0.034524315519137;None;0.04580322436753018;0.965475684480863;10;20;128;128
89;1;0.0001;concept2;0.005300019244654999;None;0.031756221040787305;0.994699980755345;10;20;128;128
89;2;0.0001;concept3;0.005644400797067673;None;0.040109085183054415;0.9943555992029324;10;20;128;128
90;0;0.0001;concept1;0.034497588422198286;None;0.045746842736105194;0.9655024115778017;10;20;128;128
90;1;0.0001;concept2;0.005277952422912205;None;0.03167924120096073;0.9947220475770878;10;20;128;128
90;2;0.0001;concept3;0.0056519754180689484;None;0.04014484709463161;0.9943480245819311;10;20;128;128
91;0;0.0001;concept1;0.03448100881224969;None;0.045707151945405956;0.9655189911877503;10;20;128;128
91;1;0.0001;concept2;0.005254627692998694;None;0.031599419986119856;0.9947453723070013;10;20;128;128
91;2;0.0001;concept3;0.005636192800525346;None;0.04008484861793955;0.9943638071994747;10;20;128;128
92;0;0.0001;concept1;0.034485718218295006;None;0.04566750291011551;0.965514281781705;10;20;128;128
92;1;0.0001;concept2;0.005233427540144293;None;0.03152779971270836;0.9947665724598557;10;20;128;128
92;2;0.0001;concept3;0.00562824538951603;None;0.040057635943553264;0.994371754610484;10;20;128;128
93;0;0.0001;concept1;0.034447424543659434;None;0.04562387529220175;0.9655525754563405;10;20;128;128
93;1;0.0001;concept2;0.005212393083534506;None;0.031457321989442066;0.9947876069164655;10;20;128;128
93;2;0.0001;concept3;0.005634836066589063;None;0.040084389139704885;0.9943651639334109;10;20;128;128
94;0;0.0001;concept1;0.03443909917674882;None;0.04557484710027425;0.9655609008232512;10;20;128;128
94;1;0.0001;concept2;0.005192030431777971;None;0.03138704819387235;0.994807969568222;10;20;128;128
94;2;0.0001;concept3;0.005633058898836587;None;0.040084885383106394;0.9943669411011634;10;20;128;128
95;0;0.0001;concept1;0.03438654751692524;None;0.04553494092177269;0.9656134524830747;10;20;128;128
95;1;0.0001;concept2;0.005171773636068485;None;0.031317936752367326;0.9948282263639315;10;20;128;128
95;2;0.0001;concept3;0.005638231629715412;None;0.040114725339592525;0.9943617683702846;10;20;128;128
96;0;0.0001;concept1;0.03438991921840268;None;0.0455063156182755;0.9656100807815973;10;20;128;128
96;1;0.0001;concept2;0.005151801516763609;None;0.03124953531950589;0.9948481984832364;10;20;128;128
96;2;0.0001;concept3;0.005638835425676058;None;0.0401216214141416;0.994361164574324;10;20;128;128
97;0;0.0001;concept1;0.03437563895975431;None;0.045452797872484116;0.9656243610402457;10;20;128;128
97;1;0.0001;concept2;0.00513261055927629;None;0.031181994323313263;0.9948673894407237;10;20;128;128
97;2;0.0001;concept3;0.005609706975448823;None;0.04001031677631531;0.9943902930245512;10;20;128;128
98;0;0.0001;concept1;0.034238704511491594;None;0.045415090065233185;0.9657612954885084;10;20;128;128
98;1;0.0001;concept2;0.005114010881297018;None;0.031117152214545866;0.994885989118703;10;20;128;128
98;2;0.0001;concept3;0.005621606143964408;None;0.04006713857598544;0.9943783938560355;10;20;128;128
99;0;0.0001;concept1;0.034199593389682766;None;0.04537330389250847;0.9658004066103172;10;20;128;128
99;1;0.0001;concept2;0.005095678227368872;None;0.031054318080915983;0.9949043217726311;10;20;128;128
99;2;0.0001;concept3;0.005619485526618164;None;0.040060519129094065;0.9943805144733818;10;20;128;128
100;0;0.0001;concept1;0.05245145670889116;None;0.055451070213268984;0.9475485432911088;10;20;128;128
100;1;0.0001;concept2;0.01029516329236662;None;0.017573027713486115;0.9897048367076334;10;20;128;128
100;2;0.0001;concept3;0.1321836374187418;None;0.14811459359810503;0.8678163625812582;10;20;128;128
101;0;0.0001;concept1;0.051281531819980665;None;0.05348499432808025;0.9487184681800194;10;20;128;128
101;1;0.0001;concept2;0.010940326689948248;None;0.018182822076972846;0.9890596733100517;10;20;128;128
101;2;0.0001;concept3;0.13265727031081362;None;0.14851919385352386;0.8673427296891864;10;20;128;128
102;0;0.0001;concept1;0.05144567513562164;None;0.053712694490002884;0.9485543248643784;10;20;128;128
102;1;0.0001;concept2;0.011012461404725095;None;0.01826378742623705;0.9889875385952749;10;20;128;128
102;2;0.0001;concept3;0.13236200076125024;None;0.14816423780203453;0.8676379992387497;10;20;128;128
103;0;0.0001;concept1;0.05220827603851427;None;0.05530334114867851;0.9477917239614857;10;20;128;128
103;1;0.0001;concept2;0.01170464516296938;None;0.018931598068668423;0.9882953548370306;10;20;128;128
103;2;0.0001;concept3;0.1320493369200596;None;0.14827686767208637;0.8679506630799404;10;20;128;128
104;0;0.0001;concept1;0.052159196237655796;None;0.05533901431647797;0.9478408037623443;10;20;128;128
104;1;0.0001;concept2;0.011735855939503805;None;0.018971555561651268;0.9882641440604962;10;20;128;128
104;2;0.0001;concept3;0.13265518542605778;None;0.14844180247765343;0.8673448145739422;10;20;128;128
105;0;0.0001;concept1;0.052025375383665126;None;0.0552108043016317;0.9479746246163349;10;20;128;128
105;1;0.0001;concept2;0.011623323062521519;None;0.018875848507773286;0.9883766769374784;10;20;128;128
105;2;0.0001;concept3;0.13223203561639876;None;0.14824005447174218;0.8677679643836013;10;20;128;128
106;0;0.0001;concept1;0.05226884413992859;None;0.05533266233695383;0.9477311558600714;10;20;128;128
106;1;0.0001;concept2;0.009750896408775998;None;0.0171160769444247;0.990249103591224;10;20;128;128
106;2;0.0001;concept3;0.13191316815527535;None;0.14830207673536067;0.8680868318447247;10;20;128;128
107;0;0.0001;concept1;0.052103272501241575;None;0.05526472261660732;0.9478967274987584;10;20;128;128
107;1;0.0001;concept2;0.009647901293446002;None;0.017026865090827337;0.990352098706554;10;20;128;128
107;2;0.0001;concept3;0.13171595440164993;None;0.14824896320518213;0.86828404559835;10;20;128;128
108;0;0.0001;concept1;0.0512320339574796;None;0.05355486119805436;0.9487679660425204;10;20;128;128
108;1;0.0001;concept2;0.00860960690501177;None;0.01605762769275335;0.9913903930949882;10;20;128;128
108;2;0.0001;concept3;0.13147554231754852;None;0.14813316229260987;0.8685244576824516;10;20;128;128
109;0;0.0001;concept1;0.05132849800786784;None;0.053711790495629685;0.9486715019921321;10;20;128;128
109;1;0.0001;concept2;0.008476713873327484;None;0.015949679999738686;0.9915232861266725;10;20;128;128
109;2;0.0001;concept3;0.1318107702114545;None;0.14809807996641425;0.8681892297885455;10;20;128;128
110;0;0.0001;concept1;0.051333147884812115;None;0.05365425979340173;0.9486668521151879;10;20;128;128
110;1;0.0001;concept2;0.009303244663828515;None;0.0167229588420409;0.9906967553361715;10;20;128;128
110;2;0.0001;concept3;0.1313188629626978;None;0.14815520733948523;0.8686811370373022;10;20;128;128
111;0;0.0001;concept1;0.0522839491428278;None;0.055296515551126545;0.9477160508571723;10;20;128;128
111;1;0.0001;concept2;0.009224911338245836;None;0.01665708472548047;0.9907750886617541;10;20;128;128
111;2;0.0001;concept3;0.13157461910399532;None;0.14820761432475174;0.8684253808960047;10;20;128;128
112;0;0.0001;concept1;0.05234780374915023;None;0.05531602206786302;0.9476521962508497;10;20;128;128
112;1;0.0001;concept2;0.009145021445143267;None;0.016587844049001054;0.9908549785548567;10;20;128;128
112;2;0.0001;concept3;0.13206581287931898;None;0.148244913532179;0.867934187120681;10;20;128;128
113;0;0.0001;concept1;0.051060323210058246;None;0.053307589473598566;0.9489396767899417;10;20;128;128
113;1;0.0001;concept2;0.008226217667352856;None;0.015751065536163296;0.9917737823326471;10;20;128;128
113;2;0.0001;concept3;0.13125214444007277;None;0.1481265381056822;0.8687478555599273;10;20;128;128
114;0;0.0001;concept1;0.052153578594670486;None;0.05519552925879139;0.9478464214053295;10;20;128;128
114;1;0.0001;concept2;0.008811309515511939;None;0.016277472977109794;0.9911886904844881;10;20;128;128
114;2;0.0001;concept3;0.13219588487979347;None;0.14832005644036012;0.8678041151202065;10;20;128;128
115;0;0.0001;concept1;0.052109168961708904;None;0.05520019755761583;0.9478908310382911;10;20;128;128
115;1;0.0001;concept2;0.007961364079675225;None;0.015550761105732822;0.9920386359203248;10;20;128;128
115;2;0.0001;concept3;0.13198172796450283;None;0.14795806270225761;0.8680182720354972;10;20;128;128
116;0;0.0001;concept1;0.05086454912773908;None;0.052579685034976925;0.9491354508722609;10;20;128;128
116;1;0.0001;concept2;0.01135508597938177;None;0.018711674569211804;0.9886449140206183;10;20;128;128
116;2;0.0001;concept3;0.13154826309926304;None;0.14789673493655078;0.868451736900737;10;20;128;128
117;0;0.0001;concept1;0.051930046112560004;None;0.055126300422426874;0.94806995388744;10;20;128;128
117;1;0.0001;concept2;0.007825954702870959;None;0.015447220379474144;0.992174045297129;10;20;128;128
117;2;0.0001;concept3;0.13197659274403467;None;0.14809963134802998;0.8680234072559654;10;20;128;128
118;0;0.0001;concept1;0.051394206477885646;None;0.05375304451016277;0.9486057935221144;10;20;128;128
118;1;0.0001;concept2;0.011500242275505434;None;0.018859588106206065;0.9884997577244946;10;20;128;128
118;2;0.0001;concept3;0.13105275720088505;None;0.14778288922104582;0.868947242799115;10;20;128;128
119;0;0.0001;concept1;0.05121596513811945;None;0.05354919119706524;0.9487840348618806;10;20;128;128
119;1;0.0001;concept2;0.011934360615021861;None;0.019263225452931295;0.9880656393849782;10;20;128;128
119;2;0.0001;concept3;0.1317220175364894;None;0.1478273615078256;0.8682779824635106;10;20;128;128
120;0;0.0001;concept1;0.051124935954937334;None;0.05347286182976886;0.9488750640450627;10;20;128;128
120;1;0.0001;concept2;0.011887372688787961;None;0.01922710616413378;0.9881126273112121;10;20;128;128
120;2;0.0001;concept3;0.1310748337667279;None;0.14781441664842865;0.8689251662332721;10;20;128;128
121;0;0.0001;concept1;0.051177197547827076;None;0.05361336157086358;0.948822802452173;10;20;128;128
121;1;0.0001;concept2;0.012571467990605944;None;0.019849367619379263;0.9874285320093941;10;20;128;128
121;2;0.0001;concept3;0.13133214823535347;None;0.1477538717822992;0.8686678517646466;10;20;128;128
122;0;0.0001;concept1;0.05118341275446876;None;0.05359117293196998;0.9488165872455312;10;20;128;128
122;1;0.0001;concept2;0.008216377081603927;None;0.015750727919472542;0.9917836229183961;10;20;128;128
122;2;0.0001;concept3;0.13128518736170194;None;0.14732668119390802;0.8687148126382981;10;20;128;128
123;0;0.0001;concept1;0.05187434867786428;None;0.05519359098980579;0.9481256513221358;10;20;128;128
123;1;0.0001;concept2;0.008393868775383966;None;0.01592669658373146;0.991606131224616;10;20;128;128
123;2;0.0001;concept3;0.13109340212566684;None;0.14773183124333367;0.8689065978743332;10;20;128;128
124;0;0.0001;concept1;0.051860031743726547;None;0.05501914759777085;0.9481399682562734;10;20;128;128
124;1;0.0001;concept2;0.015152262240654583;None;0.022170323454269;0.9848477377593454;10;20;128;128
124;2;0.0001;concept3;0.13053376876724798;None;0.14730932057259802;0.869466231232752;10;20;128;128
125;0;0.0001;concept1;0.05178676294752377;None;0.05500216888851908;0.9482132370524763;10;20;128;128
125;1;0.0001;concept2;0.01541366883257622;None;0.02241142849999038;0.9845863311674238;10;20;128;128
125;2;0.0001;concept3;0.1310409328598509;None;0.14726050720753503;0.868959067140149;10;20;128;128
126;0;0.0001;concept1;0.051753226390674104;None;0.054971472542626375;0.9482467736093259;10;20;128;128
126;1;0.0001;concept2;0.015345689641352564;None;0.022359852277305955;0.9846543103586475;10;20;128;128
126;2;0.0001;concept3;0.131285307736084;None;0.14762114761670758;0.868714692263916;10;20;128;128
127;0;0.0001;concept1;0.0517870283525581;None;0.05498620491470934;0.9482129716474419;10;20;128;128
127;1;0.0001;concept2;0.007739748314434466;None;0.015359773821748201;0.9922602516855655;10;20;128;128
127;2;0.0001;concept3;0.1308773481447148;None;0.14736912537983773;0.8691226518552853;10;20;128;128
128;0;0.0001;concept1;0.05395878480286012;None;0.05752649038494342;0.9460412151971399;10;20;128;128
128;1;0.0001;concept2;0.007071102674067865;None;0.014945600697560886;0.9929288973259321;10;20;128;128
128;2;0.0001;concept3;0.1306752222798144;None;0.14724077381680892;0.8693247777201856;10;20;128;128
129;0;0.0001;concept1;0.0519009079369414;None;0.05511523411449709;0.9480990920630586;10;20;128;128
129;1;0.0001;concept2;0.01710315435047807;None;0.023887246738157702;0.982896845649522;10;20;128;128
129;2;0.0001;concept3;0.13074389430402197;None;0.1470363220054565;0.869256105695978;10;20;128;128
130;0;0.0001;concept1;0.051700260855765526;None;0.05498959029536687;0.9482997391442345;10;20;128;128
130;1;0.0001;concept2;0.016558173022137797;None;0.023435317567336834;0.9834418269778622;10;20;128;128
130;2;0.0001;concept3;0.13078132973667972;None;0.14728565818095088;0.8692186702633202;10;20;128;128
131;0;0.0001;concept1;0.050728831236646336;None;0.053282204231207705;0.9492711687633537;10;20;128;128
131;1;0.0001;concept2;0.00796897120940214;None;0.015560501391238353;0.9920310287905979;10;20;128;128
131;2;0.0001;concept3;0.13035256410327406;None;0.14713260744588053;0.8696474358967259;10;20;128;128
132;0;0.0001;concept1;0.05168968869555522;None;0.05497385564801799;0.9483103113044448;10;20;128;128
132;1;0.0001;concept2;0.016647058541023517;None;0.023534947639441306;0.9833529414589764;10;20;128;128
132;2;0.0001;concept3;0.13034074099172385;None;0.14705068030442903;0.8696592590082761;10;20;128;128
133;0;0.0001;concept1;0.05071313776300566;None;0.053210764394141616;0.9492868622369943;10;20;128;128
133;1;0.0001;concept2;0.00691394418417169;None;0.014913095679346578;0.9930860558158283;10;20;128;128
133;2;0.0001;concept3;0.13018743643272404;None;0.14694862747528653;0.869812563567276;10;20;128;128
134;0;0.0001;concept1;0.05248648104415199;None;0.056164573741267064;0.947513518955848;10;20;128;128
134;1;0.0001;concept2;0.013402965718851696;None;0.02069198907403221;0.9865970342811483;10;20;128;128
134;2;0.0001;concept3;0.1300158417620176;None;0.14700814167778886;0.8699841582379824;10;20;128;128
135;0;0.0001;concept1;0.05169367317604578;None;0.05496409550944997;0.9483063268239542;10;20;128;128
135;1;0.0001;concept2;0.009113214138359147;None;0.01670230454142683;0.9908867858616408;10;20;128;128
135;2;0.0001;concept3;0.13026423962423697;None;0.14679519700322075;0.8697357603757631;10;20;128;128
136;0;0.0001;concept1;0.05071346900661034;None;0.05333174681792941;0.9492865309933897;10;20;128;128
136;1;0.0001;concept2;0.018048294003359503;None;0.024764347836515557;0.9819517059966405;10;20;128;128
136;2;0.0001;concept3;0.1304077286891535;None;0.14694302552685798;0.8695922713108465;10;20;128;128
137;0;0.0001;concept1;0.050537009554537306;None;0.053114164961357985;0.9494629904454627;10;20;128;128
137;1;0.0001;concept2;0.01822307574445624;None;0.024916693209137756;0.9817769242555437;10;20;128;128
137;2;0.0001;concept3;0.13043564006724243;None;0.14681694866289022;0.8695643599327576;10;20;128;128
138;0;0.0001;concept1;0.05092290143082345;None;0.05347796930920646;0.9490770985691765;10;20;128;128
138;1;0.0001;concept2;0.018431094858043787;None;0.025094768348706793;0.9815689051419562;10;20;128;128
138;2;0.0001;concept3;0.13067557098759197;None;0.14696415774531413;0.869324429012408;10;20;128;128
139;0;0.0001;concept1;0.051349610000473625;None;0.05479513302126236;0.9486503899995263;10;20;128;128
139;1;0.0001;concept2;0.011875059714942102;None;0.01931578038522773;0.9881249402850579;10;20;128;128
139;2;0.0001;concept3;0.12990316066696247;None;0.14649690256445214;0.8700968393330375;10;20;128;128
140;0;0.0001;concept1;0.05085986875070908;None;0.05348392392659849;0.9491401312492909;10;20;128;128
140;1;0.0001;concept2;0.01867269608735085;None;0.025313440625860745;0.9813273039126491;10;20;128;128
140;2;0.0001;concept3;0.13064218957332668;None;0.14695460013711867;0.8693578104266733;10;20;128;128
141;0;0.0001;concept1;0.05152835038700921;None;0.05488850386672374;0.9484716496129908;10;20;128;128
141;1;0.0001;concept2;0.018805927229389164;None;0.025423978176287356;0.9811940727706109;10;20;128;128
141;2;0.0001;concept3;0.13056043900049832;None;0.14666112332487793;0.8694395609995017;10;20;128;128
142;0;0.0001;concept1;0.05127812843705222;None;0.05470314787728722;0.9487218715629477;10;20;128;128
142;1;0.0001;concept2;0.01895502153462723;None;0.025554573080583117;0.9810449784653728;10;20;128;128
142;2;0.0001;concept3;0.13007205377999564;None;0.146663937892772;0.8699279462200044;10;20;128;128
143;0;0.0001;concept1;0.05160414762640423;None;0.05494870161138247;0.9483958523735958;10;20;128;128
143;1;0.0001;concept2;0.019022350701056675;None;0.025619637712195383;0.9809776492989434;10;20;128;128
143;2;0.0001;concept3;0.12956109132967353;None;0.1463049391322229;0.8704389086703265;10;20;128;128
144;0;0.0001;concept1;0.05067113257468073;None;0.05341151888914082;0.9493288674253193;10;20;128;128
144;1;0.0001;concept2;0.019018242095577488;None;0.025617355906998956;0.9809817579044225;10;20;128;128
144;2;0.0001;concept3;0.13001677535203007;None;0.1465969366427713;0.86998322464797;10;20;128;128
145;0;0.0001;concept1;0.05148532253829018;None;0.05484736778687399;0.9485146774617098;10;20;128;128
145;1;0.0001;concept2;0.018839041926074006;None;0.025480567893661203;0.981160958073926;10;20;128;128
145;2;0.0001;concept3;0.12949512315466125;None;0.14637636227644843;0.8705048768453387;10;20;128;128
146;0;0.0001;concept1;0.050820854288571624;None;0.05338615624723611;0.9491791457114284;10;20;128;128
146;1;0.0001;concept2;0.007150866970251472;None;0.014869816130303148;0.9928491330297485;10;20;128;128
146;2;0.0001;concept3;0.13048176458586477;None;0.1466367564868286;0.8695182354141352;10;20;128;128
147;0;0.0001;concept1;0.05148904868723493;None;0.05482740210023071;0.9485109513127651;10;20;128;128
147;1;0.0001;concept2;0.00671212401331838;None;0.014932195908837;0.9932878759866817;10;20;128;128
147;2;0.0001;concept3;0.12915619260770078;None;0.1461553443939786;0.8708438073922993;10;20;128;128
148;0;0.0001;concept1;0.05071032343988272;None;0.05335563185917626;0.9492896765601173;10;20;128;128
148;1;0.0001;concept2;0.006709157969435127;None;0.014941131294761217;0.9932908420305648;10;20;128;128
148;2;0.0001;concept3;0.1291015229236754;None;0.1461634037750328;0.8708984770763246;10;20;128;128
149;0;0.0001;concept1;0.05074669902499899;None;0.05335055244140204;0.949253300975001;10;20;128;128
149;1;0.0001;concept2;0.006705114787143623;None;0.014913418142044912;0.9932948852128564;10;20;128;128
149;2;0.0001;concept3;0.1298655732258309;None;0.14628966216009293;0.8701344267741691;10;20;128;128
150;0;0.0001;concept1;0.04125496339843439;None;0.05042254593440709;0.9587450366015656;10;20;128;128
150;1;0.0001;concept2;0.002314058932240197;None;0.017184936348483826;0.9976859410677598;10;20;128;128
150;2;0.0001;concept3;0.5258775313531128;None;0.08209390648068572;0.47412246864688723;10;20;128;128
151;0;0.0001;concept1;0.04124483909986742;None;0.0504075112173806;0.9587551609001326;10;20;128;128
151;1;0.0001;concept2;0.0023117308901717164;None;0.017176661222212692;0.9976882691098283;10;20;128;128
151;2;0.0001;concept3;0.5246203683418283;None;0.08196867827646176;0.47537963165817165;10;20;128;128
152;0;0.0001;concept1;0.04124463191801217;None;0.05037207415284444;0.9587553680819878;10;20;128;128
152;1;0.0001;concept2;0.0023086554614772806;None;0.017161701782101097;0.9976913445385227;10;20;128;128
152;2;0.0001;concept3;0.5242262007294903;None;0.08192993912898919;0.47577379927050956;10;20;128;128
153;0;0.0001;concept1;0.04119901523354782;None;0.050350543000072634;0.9588009847664521;10;20;128;128
153;1;0.0001;concept2;0.0023055051314446024;None;0.017148583768628753;0.9976944948685554;10;20;128;128
153;2;0.0001;concept3;0.5236170277482683;None;0.08185546581166485;0.47638297225173165;10;20;128;128
154;0;0.0001;concept1;0.04115768676480489;None;0.05032224208753958;0.9588423132351951;10;20;128;128
154;1;0.0001;concept2;0.002303154665260128;None;0.017138415462842418;0.9976968453347399;10;20;128;128
154;2;0.0001;concept3;0.5219212729708671;None;0.08170478926757643;0.4780787270291329;10;20;128;128
155;0;0.0001;concept1;0.04115050781318915;None;0.05031340193974761;0.9588494921868108;10;20;128;128
155;1;0.0001;concept2;0.00230081340048254;None;0.01712767937601929;0.9976991865995175;10;20;128;128
155;2;0.0001;concept3;0.5209238503434012;None;0.0815957478588291;0.47907614965659884;10;20;128;128
156;0;0.0001;concept1;0.04107186010791631;None;0.05027192433167988;0.9589281398920837;10;20;128;128
156;1;0.0001;concept2;0.0022985814750511734;None;0.017118171682146462;0.9977014185249489;10;20;128;128
156;2;0.0001;concept3;0.5201341682525489;None;0.08150253558471349;0.4798658317474511;10;20;128;128
157;0;0.0001;concept1;0.04102303513106929;None;0.05023121227212072;0.9589769648689307;10;20;128;128
157;1;0.0001;concept2;0.0022961517874902464;None;0.017107591316220947;0.9977038482125098;10;20;128;128
157;2;0.0001;concept3;0.5194164695591064;None;0.08141562252251891;0.4805835304408935;10;20;128;128
158;0;0.0001;concept1;0.04106234652447677;None;0.05025225566012787;0.9589376534755232;10;20;128;128
158;1;0.0001;concept2;0.002293719033523496;None;0.017096981983762;0.9977062809664765;10;20;128;128
158;2;0.0001;concept3;0.5186667755737524;None;0.08133279542798431;0.4813332244262475;10;20;128;128
159;0;0.0001;concept1;0.040982209379624226;None;0.05018191830566002;0.9590177906203757;10;20;128;128
159;1;0.0001;concept2;0.0022918823224531973;None;0.017091149896200423;0.9977081176775469;10;20;128;128
159;2;0.0001;concept3;0.517478548632501;None;0.0812092600033014;0.48252145136749913;10;20;128;128
160;0;0.0001;concept1;0.040883309205031186;None;0.050158929705059425;0.9591166907949689;10;20;128;128
160;1;0.0001;concept2;0.002289639353265736;None;0.0170816623075056;0.9977103606467342;10;20;128;128
160;2;0.0001;concept3;0.5167801460323899;None;0.08114379861890972;0.48321985396761014;10;20;128;128
161;0;0.0001;concept1;0.04110730864398698;None;0.050295369054437905;0.9588926913560131;10;20;128;128
161;1;0.0001;concept2;0.00228793719129256;None;0.01707518085896494;0.9977120628087074;10;20;128;128
161;2;0.0001;concept3;0.5162997349436442;None;0.08110332217755518;0.48370026505635577;10;20;128;128
162;0;0.0001;concept1;0.04098937014712236;None;0.05024703236469599;0.9590106298528777;10;20;128;128
162;1;0.0001;concept2;0.0022857369670034496;None;0.017066295095695693;0.9977142630329966;10;20;128;128
162;2;0.0001;concept3;0.5160533401425246;None;0.08104855843272611;0.4839466598574753;10;20;128;128
163;0;0.0001;concept1;0.04087610123441756;None;0.050097558084181856;0.9591238987655825;10;20;128;128
163;1;0.0001;concept2;0.0022839208056905807;None;0.017058873475835047;0.9977160791943094;10;20;128;128
163;2;0.0001;concept3;0.5152669379414849;None;0.0809692416308875;0.4847330620585151;10;20;128;128
164;0;0.0001;concept1;0.04091200867195694;None;0.05008873639909769;0.959087991328043;10;20;128;128
164;1;0.0001;concept2;0.0022798464251495712;None;0.017036816822546427;0.9977201535748504;10;20;128;128
164;2;0.0001;concept3;0.5137589860680855;None;0.08080568471572154;0.48624101393191455;10;20;128;128
165;0;0.0001;concept1;0.040927197228134315;None;0.050093260583232525;0.9590728027718657;10;20;128;128
165;1;0.0001;concept2;0.0022790764307894203;None;0.01703607776701305;0.9977209235692106;10;20;128;128
165;2;0.0001;concept3;0.5127026758356499;None;0.08069635681369146;0.4872973241643501;10;20;128;128
166;0;0.0001;concept1;0.04096330399091215;None;0.050083243169845006;0.9590366960090878;10;20;128;128
166;1;0.0001;concept2;0.002277120171466099;None;0.017027248535777747;0.9977228798285339;10;20;128;128
166;2;0.0001;concept3;0.5127348236235805;None;0.08068242735567284;0.48726517637641953;10;20;128;128
167;0;0.0001;concept1;0.04088136555890486;None;0.050044861973787796;0.9591186344410951;10;20;128;128
167;1;0.0001;concept2;0.0022752049923084254;None;0.01701842591855572;0.9977247950076916;10;20;128;128
167;2;0.0001;concept3;0.5126198937463917;None;0.08065866442244538;0.4873801062536083;10;20;128;128
168;0;0.0001;concept1;0.04089616845700993;None;0.05002895563111115;0.9591038315429901;10;20;128;128
168;1;0.0001;concept2;0.0022737997995942155;None;0.01701302007925859;0.9977262002004058;10;20;128;128
168;2;0.0001;concept3;0.5122619605292411;None;0.08062185534895015;0.4877380394707589;10;20;128;128
169;0;0.0001;concept1;0.04088435034778136;None;0.05000924828303404;0.9591156496522186;10;20;128;128
169;1;0.0001;concept2;0.002271455680555247;None;0.017002785277747345;0.9977285443194448;10;20;128;128
169;2;0.0001;concept3;0.5115213930776723;None;0.08055113091103547;0.4884786069223277;10;20;128;128
170;0;0.0001;concept1;0.040795240067021454;None;0.049971998202288447;0.9592047599329785;10;20;128;128
170;1;0.0001;concept2;0.002270273408296671;None;0.01700013108132994;0.9977297265917033;10;20;128;128
170;2;0.0001;concept3;0.5103242504224071;None;0.08043680921647685;0.48967574957759286;10;20;128;128
171;0;0.0001;concept1;0.0407302476238899;None;0.04996929271102367;0.9592697523761101;10;20;128;128
171;1;0.0001;concept2;0.0022686117635292366;None;0.01699532219584646;0.9977313882364708;10;20;128;128
171;2;0.0001;concept3;0.5092270389534478;None;0.08034524655176063;0.4907729610465522;10;20;128;128
172;0;0.0001;concept1;0.040729677609901475;None;0.04993345683690513;0.9592703223900986;10;20;128;128
172;1;0.0001;concept2;0.0022666172300876285;None;0.016986308334074853;0.9977333827699124;10;20;128;128
172;2;0.0001;concept3;0.5092483241884024;None;0.08034147214410337;0.4907516758115976;10;20;128;128
173;0;0.0001;concept1;0.04067160381978061;None;0.0498963658429816;0.9593283961802194;10;20;128;128
173;1;0.0001;concept2;0.0022639967080151312;None;0.016972724438041275;0.9977360032919849;10;20;128;128
173;2;0.0001;concept3;0.5078557543084741;None;0.08022307437588357;0.49214424569152593;10;20;128;128
174;0;0.0001;concept1;0.04062825573510759;None;0.04988947965271765;0.9593717442648925;10;20;128;128
174;1;0.0001;concept2;0.0022636367227887003;None;0.01697565849967437;0.9977363632772113;10;20;128;128
174;2;0.0001;concept3;0.5076279705993609;None;0.08020269538639145;0.49237202940063907;10;20;128;128
175;0;0.0001;concept1;0.040603447047204484;None;0.04986451881583615;0.9593965529527955;10;20;128;128
175;1;0.0001;concept2;0.0022619748162112626;None;0.016967031778146745;0.9977380251837887;10;20;128;128
175;2;0.0001;concept3;0.5069805781166528;None;0.08014628572438412;0.49301942188334724;10;20;128;128
176;0;0.0001;concept1;0.04050295607803585;None;0.04982203544359468;0.9594970439219641;10;20;128;128
176;1;0.0001;concept2;0.002260230402365527;None;0.01695846757682423;0.9977397695976344;10;20;128;128
176;2;0.0001;concept3;0.5062165343274846;None;0.08008235037536611;0.4937834656725154;10;20;128;128
177;0;0.0001;concept1;0.04060941651959217;None;0.049837646586947726;0.9593905834804078;10;20;128;128
177;1;0.0001;concept2;0.0022595216737264245;None;0.016958293720728913;0.9977404783262735;10;20;128;128
177;2;0.0001;concept3;0.5044794146731323;None;0.07993092055470863;0.4955205853268677;10;20;128;128
178;0;0.0001;concept1;0.04060021671876413;None;0.04981197130211607;0.9593997832812359;10;20;128;128
178;1;0.0001;concept2;0.0022574039363091867;None;0.016948090552691936;0.9977425960636909;10;20;128;128
178;2;0.0001;concept3;0.5033877853721336;None;0.07983861085558465;0.4966122146278663;10;20;128;128
179;0;0.0001;concept1;0.04053150826730056;None;0.049783801227530566;0.9594684917326994;10;20;128;128
179;1;0.0001;concept2;0.0022540621210187634;None;0.01692835630704486;0.9977459378789812;10;20;128;128
179;2;0.0001;concept3;0.502933892249034;None;0.07979689825282915;0.49706610775096605;10;20;128;128
180;0;0.0001;concept1;0.04055536905312069;None;0.049771794006628255;0.9594446309468793;10;20;128;128
180;1;0.0001;concept2;0.0022522604313581006;None;0.016920832909609967;0.9977477395686419;10;20;128;128
180;2;0.0001;concept3;0.5020836857594714;None;0.07972032494435759;0.4979163142405286;10;20;128;128
181;0;0.0001;concept1;0.04053793893128563;None;0.04977768221306883;0.9594620610687143;10;20;128;128
181;1;0.0001;concept2;0.0022503007601690946;None;0.016911148884720728;0.9977496992398309;10;20;128;128
181;2;0.0001;concept3;0.5013031005281264;None;0.07964708695768447;0.49869689947187357;10;20;128;128
182;0;0.0001;concept1;0.04052597262832605;None;0.049764800633134695;0.959474027371674;10;20;128;128
182;1;0.0001;concept2;0.0022483285320108633;None;0.01690211638992246;0.9977516714679892;10;20;128;128
182;2;0.0001;concept3;0.5003571801014556;None;0.07957874242166177;0.4996428198985444;10;20;128;128
183;0;0.0001;concept1;0.04049101313713671;None;0.049740912056598384;0.9595089868628633;10;20;128;128
183;1;0.0001;concept2;0.0022465125034083896;None;0.016893834962559105;0.9977534874965917;10;20;128;128
183;2;0.0001;concept3;0.5000356428495656;None;0.0795422680537804;0.4999643571504343;10;20;128;128
184;0;0.0001;concept1;0.04048340043861884;None;0.04971397501897129;0.9595165995613811;10;20;128;128
184;1;0.0001;concept2;0.002244632884843858;None;0.016884370508687078;0.9977553671151561;10;20;128;128
184;2;0.0001;concept3;0.4982498126340753;None;0.0793852863267571;0.5017501873659247;10;20;128;128
185;0;0.0001;concept1;0.04045820130124345;None;0.04968943536460155;0.9595417986987566;10;20;128;128
185;1;0.0001;concept2;0.002243178912034715;None;0.016878089016702735;0.9977568210879653;10;20;128;128
185;2;0.0001;concept3;0.4973849207646087;None;0.0793013854362454;0.5026150792353913;10;20;128;128
186;0;0.0001;concept1;0.0404587208116365;None;0.049687082830972396;0.9595412791883635;10;20;128;128
186;1;0.0001;concept2;0.002241035721611735;None;0.016866402297039697;0.9977589642783883;10;20;128;128
186;2;0.0001;concept3;0.5007971731391743;None;0.07952335473761571;0.49920282686082573;10;20;128;128
187;0;0.0001;concept1;0.04046252595157577;None;0.04968063095123491;0.9595374740484243;10;20;128;128
187;1;0.0001;concept2;0.002240301656707139;None;0.01686521073632034;0.9977596983432928;10;20;128;128
187;2;0.0001;concept3;0.4998484408426745;None;0.07944373482173021;0.5001515591573255;10;20;128;128
188;0;0.0001;concept1;0.04052353077052477;None;0.04969797841573985;0.9594764692294753;10;20;128;128
188;1;0.0001;concept2;0.0022380264669024743;None;0.016853235496329607;0.9977619735330975;10;20;128;128
188;2;0.0001;concept3;0.49903919277736425;None;0.07936968074457616;0.5009608072226358;10;20;128;128
189;0;0.0001;concept1;0.04046046712254868;None;0.049665759496571656;0.9595395328774513;10;20;128;128
189;1;0.0001;concept2;0.0022368110916835414;None;0.016849025705324285;0.9977631889083165;10;20;128;128
189;2;0.0001;concept3;0.4984726233346809;None;0.0793147524709124;0.5015273766653191;10;20;128;128
190;0;0.0001;concept1;0.040410632605410744;None;0.0496259381892591;0.9595893673945892;10;20;128;128
190;1;0.0001;concept2;0.0022360460332117157;None;0.01684572330715808;0.9977639539667883;10;20;128;128
190;2;0.0001;concept3;0.4975463741032628;None;0.07923356074764949;0.5024536258967371;10;20;128;128
191;0;0.0001;concept1;0.04031747195627098;None;0.04959175323167628;0.959682528043729;10;20;128;128
191;1;0.0001;concept2;0.002234818627790157;None;0.016840625431965316;0.9977651813722098;10;20;128;128
191;2;0.0001;concept3;0.49708610339642034;None;0.07919251171202799;0.5029138966035797;10;20;128;128
192;0;0.0001;concept1;0.040321150147910205;None;0.04958515522568526;0.9596788498520898;10;20;128;128
192;1;0.0001;concept2;0.002233294395712794;None;0.016834633569756056;0.9977667056042872;10;20;128;128
192;2;0.0001;concept3;0.4958704219614527;None;0.07908792195082824;0.5041295780385473;10;20;128;128
193;0;0.0001;concept1;0.040350578566627375;None;0.049575947350798934;0.9596494214333726;10;20;128;128
193;1;0.0001;concept2;0.002231935643390692;None;0.016828373527087902;0.9977680643566094;10;20;128;128
193;2;0.0001;concept3;0.4946405602887649;None;0.07896802395239895;0.5053594397112351;10;20;128;128
194;0;0.0001;concept1;0.04049121689840719;None;0.04962538125508048;0.9595087831015928;10;20;128;128
194;1;0.0001;concept2;0.0022303059143271766;None;0.01682128656918738;0.9977696940856728;10;20;128;128
194;2;0.0001;concept3;0.49392576253108755;None;0.07890567946608082;0.5060742374689124;10;20;128;128
195;0;0.0001;concept1;0.04038074125658403;None;0.049584288072734246;0.959619258743416;10;20;128;128
195;1;0.0001;concept2;0.0022294892146789576;None;0.016819975778432927;0.9977705107853211;10;20;128;128
195;2;0.0001;concept3;0.49314869678349876;None;0.07883530621031677;0.5068513032165012;10;20;128;128
196;0;0.0001;concept1;0.04041227877715642;None;0.049575137208548205;0.9595877212228436;10;20;128;128
196;1;0.0001;concept2;0.0022281274643729723;None;0.016814602717616665;0.997771872535627;10;20;128;128
196;2;0.0001;concept3;0.49193363600167545;None;0.07873341956458464;0.5080663639983245;10;20;128;128
197;0;0.0001;concept1;0.04023217097780939;None;0.049482109707390684;0.9597678290221906;10;20;128;128
197;1;0.0001;concept2;0.0022268221881887504;None;0.016809644284314633;0.9977731778118113;10;20;128;128
197;2;0.0001;concept3;0.4915240878836667;None;0.078701343451272;0.5084759121163334;10;20;128;128
198;0;0.0001;concept1;0.040245735368643676;None;0.04953100814361949;0.9597542646313564;10;20;128;128
198;1;0.0001;concept2;0.0022252544106706926;None;0.016802513396564616;0.9977747455893293;10;20;128;128
198;2;0.0001;concept3;0.49073650202532626;None;0.07863263695065917;0.5092634979746737;10;20;128;128
199;0;0.0001;concept1;0.04020452113658456;None;0.04950637441398845;0.9597954788634154;10;20;128;128
199;1;0.0001;concept2;0.0022235858877840188;None;0.016795099649513326;0.997776414112216;10;20;128;128
199;2;0.0001;concept3;0.4894754845496156;None;0.07852657791044731;0.5105245154503844;10;20;128;128
