0;0;0.0001;concept1;0.09064063627215439;None;0.10812836291294572;0.9093593637278456;10;20;128;128
0;1;0.0001;concept2;0.7595718562635735;None;0.18552700919906703;0.24042814373642651;10;20;128;128
0;2;0.0001;concept3;0.46267978280399724;None;0.10703165321682014;0.5373202171960028;10;20;128;128
1;0;0.0001;concept1;0.19398122107955093;None;0.1598484635100329;0.806018778920449;10;20;128;128
1;1;0.0001;concept2;1.1377311974555695;None;0.22322100917691376;-0.13773119745556972;10;20;128;128
1;2;0.0001;concept3;0.5319815918185999;None;0.11801532022968139;0.46801840818140006;10;20;128;128
2;0;0.0001;concept1;0.11355159223216853;None;0.12118818112447893;0.8864484077678315;10;20;128;128
2;1;0.0001;concept2;0.38057710705332315;None;0.12071288248869647;0.6194228929466769;10;20;128;128
2;2;0.0001;concept3;0.12241277924962402;None;0.052158786755536146;0.877587220750376;10;20;128;128
3;0;0.0001;concept1;0.09433927257040996;None;0.1109528699210887;0.90566072742959;10;20;128;128
3;1;0.0001;concept2;0.2068858067425947;None;0.0859820147411329;0.7931141932574053;10;20;128;128
3;2;0.0001;concept3;0.09680022390796557;None;0.04786626134293761;0.9031997760920344;10;20;128;128
4;0;0.0001;concept1;0.08649023252526084;None;0.10635621124526355;0.9135097674747392;10;20;128;128
4;1;0.0001;concept2;0.1437349558932267;None;0.0715447267626001;0.8562650441067733;10;20;128;128
4;2;0.0001;concept3;0.09011685920203402;None;0.04667756981775817;0.909883140797966;10;20;128;128
5;0;0.0001;concept1;0.07489159820906734;None;0.09888425273002127;0.9251084017909327;10;20;128;128
5;1;0.0001;concept2;0.08545080287276202;None;0.056590310328712264;0.9145491971272379;10;20;128;128
5;2;0.0001;concept3;0.0828805551773394;None;0.04545450461592169;0.9171194448226606;10;20;128;128
6;0;0.0001;concept1;0.07157317386207684;None;0.09663224510028665;0.9284268261379232;10;20;128;128
6;1;0.0001;concept2;0.07761712468015039;None;0.05419515270568851;0.9223828753198496;10;20;128;128
6;2;0.0001;concept3;0.07907297895912394;None;0.04457603406008964;0.9209270210408761;10;20;128;128
7;0;0.0001;concept1;0.06619712497276972;None;0.09286470294238308;0.9338028750272303;10;20;128;128
7;1;0.0001;concept2;0.06803525817995593;None;0.0509187984384489;0.9319647418200441;10;20;128;128
7;2;0.0001;concept3;0.07471200190223587;None;0.04356363831497435;0.9252879980977642;10;20;128;128
8;0;0.0001;concept1;0.06419801360408438;None;0.09138302198925286;0.9358019863959156;10;20;128;128
8;1;0.0001;concept2;0.06490115991939364;None;0.049758504403324716;0.9350988400806064;10;20;128;128
8;2;0.0001;concept3;0.07166793329001112;None;0.04271905299990207;0.9283320667099889;10;20;128;128
9;0;0.0001;concept1;0.06045388692105811;None;0.08846530010643984;0.9395461130789419;10;20;128;128
9;1;0.0001;concept2;0.05971901015719616;None;0.04785071458851784;0.9402809898428038;10;20;128;128
9;2;0.0001;concept3;0.0669439394226011;None;0.041283321526199214;0.9330560605773989;10;20;128;128
10;0;0.0001;concept1;0.05898521230651599;None;0.08726931157430896;0.941014787693484;10;20;128;128
10;1;0.0001;concept2;0.05773068394151168;None;0.047065610653158854;0.9422693160584883;10;20;128;128
10;2;0.0001;concept3;0.06535518014035892;None;0.040749223671431245;0.9346448198596411;10;20;128;128
11;0;0.0001;concept1;0.05624291694012348;None;0.08496242880908668;0.9437570830598765;10;20;128;128
11;1;0.0001;concept2;0.053897270205927335;None;0.04558854979426919;0.9461027297940726;10;20;128;128
11;2;0.0001;concept3;0.05961748213316436;None;0.0389584714716957;0.9403825178668357;10;20;128;128
12;0;0.0001;concept1;0.05530292684623915;None;0.0841079821420112;0.9446970731537608;10;20;128;128
12;1;0.0001;concept2;0.052420458963522834;None;0.04496914816698811;0.9475795410364771;10;20;128;128
12;2;0.0001;concept3;0.05765622129890785;None;0.03828385195731601;0.9423437787010922;10;20;128;128
13;0;0.0001;concept1;0.053332294476031626;None;0.08235007904331547;0.9466677055239684;10;20;128;128
13;1;0.0001;concept2;0.049651915235271744;None;0.04379879772009011;0.9503480847647283;10;20;128;128
13;2;0.0001;concept3;0.05370353937401026;None;0.0369609594043734;0.9462964606259897;10;20;128;128
14;0;0.0001;concept1;0.05253498029201832;None;0.08160944201773486;0.9474650197079817;10;20;128;128
14;1;0.0001;concept2;0.04848749857252216;None;0.04327667986404718;0.9515125014274779;10;20;128;128
14;2;0.0001;concept3;0.051965919394388646;None;0.03636074256273322;0.9480340806056113;10;20;128;128
15;0;0.0001;concept1;0.05082953889904525;None;0.08002614709990548;0.9491704611009547;10;20;128;128
15;1;0.0001;concept2;0.04618273728467714;None;0.04224558546396036;0.9538172627153229;10;20;128;128
15;2;0.0001;concept3;0.048525681039109016;None;0.03511780790556332;0.951474318960891;10;20;128;128
16;0;0.0001;concept1;0.050184077480313415;None;0.07938815210502459;0.9498159225196866;10;20;128;128
16;1;0.0001;concept2;0.04526456825272175;None;0.041813723161622775;0.9547354317472783;10;20;128;128
16;2;0.0001;concept3;0.04707788682166104;None;0.03457492602515805;0.952922113178339;10;20;128;128
17;0;0.0001;concept1;0.04885892008187162;None;0.07807686552867706;0.9511410799181284;10;20;128;128
17;1;0.0001;concept2;0.04346483168515204;None;0.04096321377609674;0.956535168314848;10;20;128;128
17;2;0.0001;concept3;0.0443557242719326;None;0.03354480347543259;0.9556442757280674;10;20;128;128
18;0;0.0001;concept1;0.04836205304348856;None;0.07755848966015529;0.9516379469565115;10;20;128;128
18;1;0.0001;concept2;0.04268609492972733;None;0.04058235125785041;0.9573139050702727;10;20;128;128
18;2;0.0001;concept3;0.0431482644293615;None;0.03308089568873214;0.9568517355706385;10;20;128;128
19;0;0.0001;concept1;0.04715816147603693;None;0.0763597126713649;0.9528418385239631;10;20;128;128
19;1;0.0001;concept2;0.04107020032095597;None;0.039788736275033855;0.958929799679044;10;20;128;128
19;2;0.0001;concept3;0.04080573190028151;None;0.03213144434599129;0.9591942680997185;10;20;128;128
20;0;0.0001;concept1;0.046716527360499395;None;0.07589476801078922;0.9532834726395006;10;20;128;128
20;1;0.0001;concept2;0.04043237894109889;None;0.03947317150635191;0.9595676210589011;10;20;128;128
20;2;0.0001;concept3;0.03980335410713222;None;0.03172986196028376;0.9601966458928678;10;20;128;128
21;0;0.0001;concept1;0.04572066098062735;None;0.07487158668926479;0.9542793390193727;10;20;128;128
21;1;0.0001;concept2;0.03910898819508276;None;0.03881204163386075;0.9608910118049172;10;20;128;128
21;2;0.0001;concept3;0.03777920110482671;None;0.030871638250571095;0.9622207988951733;10;20;128;128
22;0;0.0001;concept1;0.0453755417049856;None;0.07448468307835514;0.9546244582950144;10;20;128;128
22;1;0.0001;concept2;0.038543055031557485;None;0.03852478676098847;0.9614569449684425;10;20;128;128
22;2;0.0001;concept3;0.0369416150370847;None;0.03050802565170298;0.9630583849629153;10;20;128;128
23;0;0.0001;concept1;0.04439656979605409;None;0.07346411818606421;0.9556034302039459;10;20;128;128
23;1;0.0001;concept2;0.03732040449407063;None;0.03789355277256938;0.9626795955059294;10;20;128;128
23;2;0.0001;concept3;0.03511875459945221;None;0.029693761636411787;0.9648812454005478;10;20;128;128
24;0;0.0001;concept1;0.044042007411978515;None;0.07308279513944063;0.9559579925880215;10;20;128;128
24;1;0.0001;concept2;0.03681765806488761;None;0.03762949075769673;0.9631823419351124;10;20;128;128
24;2;0.0001;concept3;0.03434183840603259;None;0.029337375525977226;0.9656581615939674;10;20;128;128
25;0;0.0001;concept1;0.04319052569708716;None;0.07222980905175143;0.9568094743029129;10;20;128;128
25;1;0.0001;concept2;0.03578349964694014;None;0.0370774313003546;0.9642165003530598;10;20;128;128
25;2;0.0001;concept3;0.0328015417563961;None;0.02862678518513511;0.967198458243604;10;20;128;128
26;0;0.0001;concept1;0.042882621819659336;None;0.07189047646934837;0.9571173781803407;10;20;128;128
26;1;0.0001;concept2;0.03535742842202079;None;0.03685521511933495;0.9646425715779792;10;20;128;128
26;2;0.0001;concept3;0.032186620665365956;None;0.02834310784273463;0.9678133793346341;10;20;128;128
27;0;0.0001;concept1;0.04226458884898862;None;0.0711825427351877;0.9577354111510114;10;20;128;128
27;1;0.0001;concept2;0.03447238042752993;None;0.03641872572967432;0.96552761957247;10;20;128;128
27;2;0.0001;concept3;0.03080401273105203;None;0.027672548096079944;0.969195987268948;10;20;128;128
28;0;0.0001;concept1;0.042012382897667996;None;0.07088941905570918;0.957987617102332;10;20;128;128
28;1;0.0001;concept2;0.03414904329560326;None;0.036277143369834584;0.9658509567043967;10;20;128;128
28;2;0.0001;concept3;0.030330178295884764;None;0.027450408403298734;0.9696698217041152;10;20;128;128
29;0;0.0001;concept1;0.04146334066291152;None;0.07023989268047957;0.9585366593370885;10;20;128;128
29;1;0.0001;concept2;0.033524189399892185;None;0.0360526993472008;0.9664758106001078;10;20;128;128
29;2;0.0001;concept3;0.029275500065257393;None;0.026948220309001104;0.9707244999347426;10;20;128;128
30;0;0.0001;concept1;0.04123406991916731;None;0.06997410174851808;0.9587659300808327;10;20;128;128
30;1;0.0001;concept2;0.033344134038934534;None;0.036031582322744664;0.9666558659610655;10;20;128;128
30;2;0.0001;concept3;0.02884136098613345;None;0.026740272196282847;0.9711586390138666;10;20;128;128
31;0;0.0001;concept1;0.04071960319454903;None;0.06936124434355471;0.959280396805451;10;20;128;128
31;1;0.0001;concept2;0.03326370274865978;None;0.0362625276483286;0.9667362972513402;10;20;128;128
31;2;0.0001;concept3;0.027960474554760275;None;0.02631739605424327;0.9720395254452397;10;20;128;128
32;0;0.0001;concept1;0.040506384686389375;None;0.06909848805741063;0.9594936153136107;10;20;128;128
32;1;0.0001;concept2;0.03317459025665055;None;0.03630359563704356;0.9668254097433494;10;20;128;128
32;2;0.0001;concept3;0.02768554026129199;None;0.026198963568295264;0.972314459738708;10;20;128;128
33;0;0.0001;concept1;0.040035261965314005;None;0.06853791420245221;0.959964738034686;10;20;128;128
33;1;0.0001;concept2;0.03281833024144582;None;0.03624785127693197;0.9671816697585541;10;20;128;128
33;2;0.0001;concept3;0.026977379936450722;None;0.025871993544008095;0.9730226200635492;10;20;128;128
34;0;0.0001;concept1;0.03988162962075877;None;0.06833864704404284;0.9601183703792412;10;20;128;128
34;1;0.0001;concept2;0.0327176634548716;None;0.03626607051512984;0.9672823365451284;10;20;128;128
34;2;0.0001;concept3;0.02673760541680259;None;0.02575846788941784;0.9732623945831974;10;20;128;128
35;0;0.0001;concept1;0.03940444301616735;None;0.06778530785482836;0.9605955569838327;10;20;128;128
35;1;0.0001;concept2;0.031645394000769295;None;0.03555535853445365;0.9683546059992307;10;20;128;128
35;2;0.0001;concept3;0.02608087320524141;None;0.02542863182307893;0.9739191267947586;10;20;128;128
36;0;0.0001;concept1;0.039264794343934824;None;0.06758568977160764;0.9607352056560652;10;20;128;128
36;1;0.0001;concept2;0.031100555687579818;None;0.035150555912207865;0.9688994443124201;10;20;128;128
36;2;0.0001;concept3;0.025830608111250902;None;0.025299428666107265;0.9741693918887491;10;20;128;128
37;0;0.0001;concept1;0.03881976564709134;None;0.06707614412730432;0.9611802343529087;10;20;128;128
37;1;0.0001;concept2;0.02946183436162867;None;0.03364419700181599;0.9705381656383714;10;20;128;128
37;2;0.0001;concept3;0.02526164734964952;None;0.02500287369503137;0.9747383526503505;10;20;128;128
38;0;0.0001;concept1;0.03863348777658297;None;0.06685874708104067;0.9613665122234171;10;20;128;128
38;1;0.0001;concept2;0.02936884738841337;None;0.032960610007798735;0.9706311526115866;10;20;128;128
38;2;0.0001;concept3;0.02501420399109807;None;0.02488311233998881;0.9749857960089019;10;20;128;128
39;0;0.0001;concept1;0.03830091727970762;None;0.06643264094732303;0.9616990827202924;10;20;128;128
39;1;0.0001;concept2;0.031050176043859724;None;0.03325762129911441;0.9689498239561403;10;20;128;128
39;2;0.0001;concept3;0.024418893209538706;None;0.024574163375637663;0.9755811067904613;10;20;128;128
40;0;0.0001;concept1;0.03814333730961621;None;0.06625397779375203;0.9618566626903838;10;20;128;128
40;1;0.0001;concept2;0.030325435113325992;None;0.033036534086634296;0.969674564886674;10;20;128;128
40;2;0.0001;concept3;0.02399627273077514;None;0.024335349692483067;0.9760037272692249;10;20;128;128
41;0;0.0001;concept1;0.03779000448549135;None;0.06582719112029707;0.9622099955145087;10;20;128;128
41;1;0.0001;concept2;0.029142092872207377;None;0.03281428614395115;0.9708579071277926;10;20;128;128
41;2;0.0001;concept3;0.023529491077073948;None;0.024087294672201696;0.9764705089229261;10;20;128;128
42;0;0.0001;concept1;0.037685332018278395;None;0.06567450712406511;0.9623146679817216;10;20;128;128
42;1;0.0001;concept2;0.02892914165767189;None;0.03279643730419213;0.9710708583423281;10;20;128;128
42;2;0.0001;concept3;0.023271508951497485;None;0.023943210419336166;0.9767284910485026;10;20;128;128
43;0;0.0001;concept1;0.03738907088368109;None;0.06529673035047232;0.962610929116319;10;20;128;128
43;1;0.0001;concept2;0.028516829998482394;None;0.032746907551727;0.9714831700015176;10;20;128;128
43;2;0.0001;concept3;0.022948078775129974;None;0.02377784414400016;0.9770519212248701;10;20;128;128
44;0;0.0001;concept1;0.03726385742528275;None;0.0651351813118187;0.9627361425747173;10;20;128;128
44;1;0.0001;concept2;0.028381938394353587;None;0.032720545923352634;0.9716180616056465;10;20;128;128
44;2;0.0001;concept3;0.02262073419803378;None;0.023587104895329735;0.9773792658019662;10;20;128;128
45;0;0.0001;concept1;0.036983159887266734;None;0.06478847698195954;0.9630168401127333;10;20;128;128
45;1;0.0001;concept2;0.02807086295613763;None;0.03261675060079385;0.9719291370438624;10;20;128;128
45;2;0.0001;concept3;0.022165671476322236;None;0.023338916784125505;0.9778343285236778;10;20;128;128
46;0;0.0001;concept1;0.03686444296481256;None;0.0646364631606739;0.9631355570351874;10;20;128;128
46;1;0.0001;concept2;0.027947081020149055;None;0.032570467539458935;0.9720529189798509;10;20;128;128
46;2;0.0001;concept3;0.022124664042459993;None;0.02332855779977663;0.9778753359575401;10;20;128;128
47;0;0.0001;concept1;0.03659228770477052;None;0.06429382366607472;0.9634077122952295;10;20;128;128
47;1;0.0001;concept2;0.02764899862447759;None;0.03243421548953004;0.9723510013755224;10;20;128;128
47;2;0.0001;concept3;0.021730062480251854;None;0.023105299087319547;0.9782699375197481;10;20;128;128
48;0;0.0001;concept1;0.03650115491614638;None;0.0641696521142933;0.9634988450838536;10;20;128;128
48;1;0.0001;concept2;0.02753409884784538;None;0.032376163059094264;0.9724659011521546;10;20;128;128
48;2;0.0001;concept3;0.021631477014213318;None;0.023050608201558243;0.9783685229857867;10;20;128;128
49;0;0.0001;concept1;0.036247306126519004;None;0.06385012146376678;0.963752693873481;10;20;128;128
49;1;0.0001;concept2;0.027264551273431595;None;0.032247913564909796;0.9727354487265684;10;20;128;128
49;2;0.0001;concept3;0.021490731370588902;None;0.02296613291745984;0.9785092686294111;10;20;128;128
50;0;0.0001;concept1;0.04820249878924934;None;0.0586796835883585;0.9517975012107507;10;20;128;128
50;1;0.0001;concept2;0.005538079898857628;None;0.03276764969447641;0.9944619201011424;10;20;128;128
50;2;0.0001;concept3;0.008863790491746825;None;0.05194430133277711;0.9911362095082532;10;20;128;128
51;0;0.0001;concept1;0.04803687459433914;None;0.058471482297994454;0.9519631254056609;10;20;128;128
51;1;0.0001;concept2;0.00545055035740843;None;0.03251434673845831;0.9945494496425916;10;20;128;128
51;2;0.0001;concept3;0.00879475580981299;None;0.05176577488394601;0.991205244190187;10;20;128;128
52;0;0.0001;concept1;0.048148823474604814;None;0.05848101773868538;0.9518511765253952;10;20;128;128
52;1;0.0001;concept2;0.005408984326895426;None;0.03239675692157289;0.9945910156731046;10;20;128;128
52;2;0.0001;concept3;0.008754745982477963;None;0.05167254197645052;0.9912452540175221;10;20;128;128
53;0;0.0001;concept1;0.04778426840641325;None;0.05816201439478308;0.9522157315935867;10;20;128;128
53;1;0.0001;concept2;0.005329556855601972;None;0.03215913349671574;0.994670443144398;10;20;128;128
53;2;0.0001;concept3;0.008672329038423665;None;0.051423816875900225;0.9913276709615764;10;20;128;128
54;0;0.0001;concept1;0.04763721728789677;None;0.05801310910398938;0.9523627827121033;10;20;128;128
54;1;0.0001;concept2;0.005292429375661934;None;0.03205809501584887;0.994707570624338;10;20;128;128
54;2;0.0001;concept3;0.008612650005236264;None;0.05125668795387708;0.9913873499947637;10;20;128;128
55;0;0.0001;concept1;0.04770140740520812;None;0.05793953346039117;0.9522985925947919;10;20;128;128
55;1;0.0001;concept2;0.005219621731782583;None;0.03185182226475382;0.9947803782682174;10;20;128;128
55;2;0.0001;concept3;0.008560630269041204;None;0.05111143352388957;0.9914393697309588;10;20;128;128
56;0;0.0001;concept1;0.047756902227106136;None;0.05794194488940664;0.9522430977728938;10;20;128;128
56;1;0.0001;concept2;0.0051864109656108185;None;0.03175971873215929;0.9948135890343892;10;20;128;128
56;2;0.0001;concept3;0.008506194696225242;None;0.05095879580724005;0.9914938053037747;10;20;128;128
57;0;0.0001;concept1;0.0474733225410971;None;0.05761806264306319;0.9525266774589028;10;20;128;128
57;1;0.0001;concept2;0.0051217553622559114;None;0.031565366777048985;0.9948782446377441;10;20;128;128
57;2;0.0001;concept3;0.008467980835935083;None;0.050872730268513196;0.991532019164065;10;20;128;128
58;0;0.0001;concept1;0.04709765685421708;None;0.05735039767080994;0.9529023431457829;10;20;128;128
58;1;0.0001;concept2;0.005090658780583552;None;0.03147309153448797;0.9949093412194164;10;20;128;128
58;2;0.0001;concept3;0.00840331129578552;None;0.050695901803522084;0.9915966887042145;10;20;128;128
59;0;0.0001;concept1;0.04675258625351501;None;0.05705931383979967;0.953247413746485;10;20;128;128
59;1;0.0001;concept2;0.005028533987698039;None;0.03127507333849;0.9949714660123019;10;20;128;128
59;2;0.0001;concept3;0.008358598044200527;None;0.05059701532970118;0.9916414019557995;10;20;128;128
60;0;0.0001;concept1;0.04674425074413692;None;0.056992467765957296;0.9532557492558631;10;20;128;128
60;1;0.0001;concept2;0.005000324088584036;None;0.03118701541094794;0.9949996759114159;10;20;128;128
60;2;0.0001;concept3;0.008320605462487633;None;0.05050531101605065;0.9916793945375124;10;20;128;128
61;0;0.0001;concept1;0.04652272455312647;None;0.056745302967325786;0.9534772754468736;10;20;128;128
61;1;0.0001;concept2;0.004944510061883028;None;0.031005307216741995;0.995055489938117;10;20;128;128
61;2;0.0001;concept3;0.008262940754933246;None;0.050341139866430684;0.9917370592450667;10;20;128;128
62;0;0.0001;concept1;0.046549798416526615;None;0.05674407818905323;0.9534502015834734;10;20;128;128
62;1;0.0001;concept2;0.004918288904653922;None;0.030924950057838522;0.995081711095346;10;20;128;128
62;2;0.0001;concept3;0.008232432572715906;None;0.05025840139752211;0.9917675674272841;10;20;128;128
63;0;0.0001;concept1;0.04633565166846836;None;0.05651270780975584;0.9536643483315317;10;20;128;128
63;1;0.0001;concept2;0.0048676390037412755;None;0.03076184485898025;0.9951323609962587;10;20;128;128
63;2;0.0001;concept3;0.008225485523669201;None;0.0501977877163609;0.9917745144763308;10;20;128;128
64;0;0.0001;concept1;0.04622567709751916;None;0.056416015324173306;0.9537743229024809;10;20;128;128
64;1;0.0001;concept2;0.004842209179734319;None;0.03067911931954852;0.9951577908202657;10;20;128;128
64;2;0.0001;concept3;0.008184700806597233;None;0.050082414457637614;0.9918152991934027;10;20;128;128
65;0;0.0001;concept1;0.04592661172931079;None;0.056161638591955526;0.9540733882706892;10;20;128;128
65;1;0.0001;concept2;0.004795601946521122;None;0.030522981837696753;0.9952043980534788;10;20;128;128
65;2;0.0001;concept3;0.00814558733325095;None;0.04995716405753609;0.991854412666749;10;20;128;128
66;0;0.0001;concept1;0.045681181785020626;None;0.05595504986789453;0.9543188182149793;10;20;128;128
66;1;0.0001;concept2;0.004773553568525084;None;0.030449132801782495;0.995226446431475;10;20;128;128
66;2;0.0001;concept3;0.008096493753264947;None;0.04981191627148866;0.9919035062467351;10;20;128;128
67;0;0.0001;concept1;0.045506340216100546;None;0.05577220775858254;0.9544936597838994;10;20;128;128
67;1;0.0001;concept2;0.004731496741680291;None;0.030304267264353965;0.9952685032583197;10;20;128;128
67;2;0.0001;concept3;0.008054805584425907;None;0.0496770291512409;0.991945194415574;10;20;128;128
68;0;0.0001;concept1;0.04515287975671592;None;0.05550487221069477;0.9548471202432841;10;20;128;128
68;1;0.0001;concept2;0.004711046846389654;None;0.03023692787662161;0.9952889531536103;10;20;128;128
68;2;0.0001;concept3;0.008027757202622304;None;0.04960092814100618;0.9919722427973777;10;20;128;128
69;0;0.0001;concept1;0.045387726996583506;None;0.055515014862878735;0.9546122730034164;10;20;128;128
69;1;0.0001;concept2;0.0046709866920133306;None;0.03009827567545532;0.9953290133079866;10;20;128;128
69;2;0.0001;concept3;0.008008675400373698;None;0.04953301606120013;0.9919913245996264;10;20;128;128
70;0;0.0001;concept1;0.04540149491941018;None;0.05546516030654272;0.9545985050805899;10;20;128;128
70;1;0.0001;concept2;0.004652281565461902;None;0.030033722240851417;0.9953477184345381;10;20;128;128
70;2;0.0001;concept3;0.007963140397356879;None;0.04939176134408898;0.9920368596026431;10;20;128;128
71;0;0.0001;concept1;0.045413134081391256;None;0.055413833029283335;0.9545868659186088;10;20;128;128
71;1;0.0001;concept2;0.004613633930787857;None;0.029894599981588107;0.9953863660692122;10;20;128;128
71;2;0.0001;concept3;0.007913964683213336;None;0.049239336274157455;0.9920860353167866;10;20;128;128
72;0;0.0001;concept1;0.04543292083010378;None;0.055353504261428745;0.9545670791698962;10;20;128;128
72;1;0.0001;concept2;0.004596780031418283;None;0.02983432666220519;0.9954032199685817;10;20;128;128
72;2;0.0001;concept3;0.007902198316272308;None;0.049202829997477986;0.9920978016837277;10;20;128;128
73;0;0.0001;concept1;0.04534763130524657;None;0.055231278044893216;0.9546523686947535;10;20;128;128
73;1;0.0001;concept2;0.004563403970715722;None;0.029710393584653598;0.9954365960292842;10;20;128;128
73;2;0.0001;concept3;0.00787432062234759;None;0.04910747371111721;0.9921256793776524;10;20;128;128
74;0;0.0001;concept1;0.04526129670912416;None;0.05513466500996196;0.9547387032908758;10;20;128;128
74;1;0.0001;concept2;0.004544627238907259;None;0.02964259245011708;0.9954553727610927;10;20;128;128
74;2;0.0001;concept3;0.007883784436941942;None;0.04913538789008106;0.9921162155630581;10;20;128;128
75;0;0.0001;concept1;0.04560675874195839;None;0.0552347982071003;0.9543932412580416;10;20;128;128
75;1;0.0001;concept2;0.004512776518499204;None;0.02952226123302571;0.9954872234815008;10;20;128;128
75;2;0.0001;concept3;0.0077780290343188955;None;0.04879554267529573;0.9922219709656811;10;20;128;128
76;0;0.0001;concept1;0.04539287607354677;None;0.055080707238993484;0.9546071239264532;10;20;128;128
76;1;0.0001;concept2;0.004497682395853642;None;0.029465146123852586;0.9955023176041463;10;20;128;128
76;2;0.0001;concept3;0.007785501299470589;None;0.04883417466739433;0.9922144987005294;10;20;128;128
77;0;0.0001;concept1;0.045415770349539246;None;0.054994144225248266;0.9545842296504607;10;20;128;128
77;1;0.0001;concept2;0.004468564660025073;None;0.029355229700755554;0.9955314353399749;10;20;128;128
77;2;0.0001;concept3;0.007789436337591523;None;0.04886301576742846;0.9922105636624085;10;20;128;128
78;0;0.0001;concept1;0.04549273009807134;None;0.055056448408095364;0.9545072699019287;10;20;128;128
78;1;0.0001;concept2;0.0044550593238228235;None;0.029305112018399082;0.9955449406761772;10;20;128;128
78;2;0.0001;concept3;0.0077194148339551575;None;0.048621083293045375;0.9922805851660449;10;20;128;128
79;0;0.0001;concept1;0.045414851680835165;None;0.05491764120960177;0.9545851483191649;10;20;128;128
79;1;0.0001;concept2;0.004426196292887176;None;0.029195508157599474;0.9955738037071128;10;20;128;128
79;2;0.0001;concept3;0.007661236202083171;None;0.04842616002679396;0.9923387637979169;10;20;128;128
80;0;0.0001;concept1;0.04560791772325467;None;0.05492939719855974;0.9543920822767453;10;20;128;128
80;1;0.0001;concept2;0.004413423396712884;None;0.02914565039480723;0.9955865766032871;10;20;128;128
80;2;0.0001;concept3;0.0077613822369736445;None;0.04877760938070095;0.9922386177630264;10;20;128;128
81;0;0.0001;concept1;0.045433031609871936;None;0.05474782301389383;0.9545669683901281;10;20;128;128
81;1;0.0001;concept2;0.004386418330753444;None;0.029042132194345878;0.9956135816692465;10;20;128;128
81;2;0.0001;concept3;0.007787789502215227;None;0.04884835523301338;0.9922122104977847;10;20;128;128
82;0;0.0001;concept1;0.045417452936694004;None;0.05476533317794304;0.954582547063306;10;20;128;128
82;1;0.0001;concept2;0.004374967637167855;None;0.02899886035509358;0.9956250323628322;10;20;128;128
82;2;0.0001;concept3;0.007750766862926595;None;0.04874516860612703;0.9922492331370734;10;20;128;128
83;0;0.0001;concept1;0.04514169400467325;None;0.0544161604596966;0.9548583059953267;10;20;128;128
83;1;0.0001;concept2;0.0043480199337535405;None;0.02889639210042344;0.9956519800662464;10;20;128;128
83;2;0.0001;concept3;0.007812977580784131;None;0.048952888385405326;0.9921870224192159;10;20;128;128
84;0;0.0001;concept1;0.045097065950476856;None;0.054364339328198966;0.9549029340495232;10;20;128;128
84;1;0.0001;concept2;0.004338792954635973;None;0.028860173915709986;0.995661207045364;10;20;128;128
84;2;0.0001;concept3;0.0077836006471649075;None;0.04887293525122598;0.9922163993528351;10;20;128;128
85;0;0.0001;concept1;0.045548123120196536;None;0.054579658638993576;0.9544518768798035;10;20;128;128
85;1;0.0001;concept2;0.004315020570856773;None;0.028766506070021097;0.9956849794291432;10;20;128;128
85;2;0.0001;concept3;0.0078009793617204665;None;0.048945472874618076;0.9921990206382796;10;20;128;128
86;0;0.0001;concept1;0.04575077904281677;None;0.054639501010298255;0.9542492209571832;10;20;128;128
86;1;0.0001;concept2;0.004306728688824493;None;0.02873175902799714;0.9956932713111755;10;20;128;128
86;2;0.0001;concept3;0.007798919172046499;None;0.04894470943104568;0.9922010808279536;10;20;128;128
87;0;0.0001;concept1;0.04540010595834244;None;0.054363810347934985;0.9545998940416576;10;20;128;128
87;1;0.0001;concept2;0.004281561820203381;None;0.02863087144686458;0.9957184381797967;10;20;128;128
87;2;0.0001;concept3;0.007531080716256159;None;0.04810859828223906;0.9924689192837438;10;20;128;128
88;0;0.0001;concept1;0.04580532394270433;None;0.05455048260560191;0.9541946760572957;10;20;128;128
88;1;0.0001;concept2;0.004273519792284344;None;0.028597519932564777;0.9957264802077157;10;20;128;128
88;2;0.0001;concept3;0.007615198863200363;None;0.04840678174634623;0.9923848011367996;10;20;128;128
89;0;0.0001;concept1;0.04567878081663654;None;0.05446340409385419;0.9543212191833634;10;20;128;128
89;1;0.0001;concept2;0.004250438401107401;None;0.02850187659283935;0.9957495615988926;10;20;128;128
89;2;0.0001;concept3;0.007688207054433247;None;0.04865245520598223;0.9923117929455667;10;20;128;128
90;0;0.0001;concept1;0.04545442225063497;None;0.054309876508617794;0.954545577749365;10;20;128;128
90;1;0.0001;concept2;0.004241618667941705;None;0.02846405745109793;0.9957583813320583;10;20;128;128
90;2;0.0001;concept3;0.0075908125636650736;None;0.04835350279216274;0.9924091874363349;10;20;128;128
91;0;0.0001;concept1;0.04582322308005425;None;0.054426649476804645;0.9541767769199457;10;20;128;128
91;1;0.0001;concept2;0.004221520311390773;None;0.028377264018359757;0.9957784796886092;10;20;128;128
91;2;0.0001;concept3;0.007655377982191486;None;0.048573375516266844;0.9923446220178085;10;20;128;128
92;0;0.0001;concept1;0.045793786428815306;None;0.05440397351476927;0.9542062135711847;10;20;128;128
92;1;0.0001;concept2;0.004212970315572322;None;0.028339491009766234;0.9957870296844277;10;20;128;128
92;2;0.0001;concept3;0.007613586227905665;None;0.04845202726268014;0.9923864137720944;10;20;128;128
93;0;0.0001;concept1;0.04532659009208388;None;0.05401361955524606;0.9546734099079162;10;20;128;128
93;1;0.0001;concept2;0.0041920489862922235;None;0.028253582974968963;0.9958079510137078;10;20;128;128
93;2;0.0001;concept3;0.007649944651528813;None;0.048567327702194824;0.9923500553484712;10;20;128;128
94;0;0.0001;concept1;0.04527010918134829;None;0.053978545194195975;0.9547298908186517;10;20;128;128
94;1;0.0001;concept2;0.004185111393885453;None;0.028222489327622082;0.9958148886061146;10;20;128;128
94;2;0.0001;concept3;0.007666020846363783;None;0.04862377305256331;0.9923339791536362;10;20;128;128
95;0;0.0001;concept1;0.044873562221267434;None;0.05366529020666278;0.9551264377787325;10;20;128;128
95;1;0.0001;concept2;0.004166248449662188;None;0.028141028935525125;0.9958337515503378;10;20;128;128
95;2;0.0001;concept3;0.0076664485158235846;None;0.04864274782032049;0.9923335514841765;10;20;128;128
96;0;0.0001;concept1;0.04483957681659119;None;0.053625249585880656;0.9551604231834088;10;20;128;128
96;1;0.0001;concept2;0.004158386307014405;None;0.02810801757064204;0.9958416136929856;10;20;128;128
96;2;0.0001;concept3;0.0076482231928307765;None;0.048589825830611326;0.9923517768071692;10;20;128;128
97;0;0.0001;concept1;0.04515800248713096;None;0.053753306461943554;0.954841997512869;10;20;128;128
97;1;0.0001;concept2;0.00413844086863713;None;0.028028185243121454;0.9958615591313629;10;20;128;128
97;2;0.0001;concept3;0.007663968013837621;None;0.04866486763019228;0.9923360319861624;10;20;128;128
98;0;0.0001;concept1;0.04474671569228182;None;0.053475954864169284;0.9552532843077182;10;20;128;128
98;1;0.0001;concept2;0.004134182095834797;None;0.028007006079396303;0.9958658179041652;10;20;128;128
98;2;0.0001;concept3;0.007160923058153883;None;0.04679077849878186;0.9928390769418461;10;20;128;128
99;0;0.0001;concept1;0.04459169810183212;None;0.05331976129454769;0.9554083018981678;10;20;128;128
99;1;0.0001;concept2;0.00411593865703841;None;0.027933992542464224;0.9958840613429616;10;20;128;128
99;2;0.0001;concept3;0.007258365805110735;None;0.047306707772820304;0.9927416341948893;10;20;128;128
100;0;0.0001;concept1;0.05752607220638139;None;0.060815473839659184;0.9424739277936186;10;20;128;128
100;1;0.0001;concept2;0.020759231908271513;None;0.024550434750309477;0.9792407680917284;10;20;128;128
100;2;0.0001;concept3;0.11398645078015593;None;0.13520639525565947;0.8860135492198441;10;20;128;128
101;0;0.0001;concept1;0.0575982718861315;None;0.06075456212547667;0.9424017281138685;10;20;128;128
101;1;0.0001;concept2;0.020439201977986494;None;0.024354139736502304;0.9795607980220135;10;20;128;128
101;2;0.0001;concept3;0.11388798524028211;None;0.13545137929294715;0.8861120147597179;10;20;128;128
102;0;0.0001;concept1;0.057672907411719605;None;0.06071362484011927;0.9423270925882804;10;20;128;128
102;1;0.0001;concept2;0.02032198569717852;None;0.024280287095705295;0.9796780143028214;10;20;128;128
102;2;0.0001;concept3;0.11404424175310457;None;0.1353521198756116;0.8859557582468954;10;20;128;128
103;0;0.0001;concept1;0.05792088142745171;None;0.060672255863865515;0.9420791185725483;10;20;128;128
103;1;0.0001;concept2;0.02022550438372435;None;0.024217420989176643;0.9797744956162756;10;20;128;128
103;2;0.0001;concept3;0.1314556326181814;None;0.14142996951613085;0.8685443673818186;10;20;128;128
104;0;0.0001;concept1;0.05766928121538662;None;0.06076150259878412;0.9423307187846134;10;20;128;128
104;1;0.0001;concept2;0.02012204997603834;None;0.02415668232868188;0.9798779500239616;10;20;128;128
104;2;0.0001;concept3;0.12406089731502058;None;0.13772969123384848;0.8759391026849794;10;20;128;128
105;0;0.0001;concept1;0.057602964029503295;None;0.060684930456251125;0.9423970359704967;10;20;128;128
105;1;0.0001;concept2;0.019938329212068756;None;0.02404094616374542;0.9800616707879313;10;20;128;128
105;2;0.0001;concept3;0.1304258704695755;None;0.14106917407372224;0.8695741295304245;10;20;128;128
106;0;0.0001;concept1;0.057663677673635484;None;0.0607409936670883;0.9423363223263646;10;20;128;128
106;1;0.0001;concept2;0.019864762303512036;None;0.02399452717468735;0.9801352376964879;10;20;128;128
106;2;0.0001;concept3;0.12813813819204284;None;0.13991359138485912;0.8718618618079572;10;20;128;128
107;0;0.0001;concept1;0.05755828306316638;None;0.06072762273520577;0.9424417169368337;10;20;128;128
107;1;0.0001;concept2;0.019667477054877962;None;0.0238749013661932;0.9803325229451221;10;20;128;128
107;2;0.0001;concept3;0.1303341837970532;None;0.1411333937568376;0.8696658162029468;10;20;128;128
108;0;0.0001;concept1;0.057572649992141046;None;0.06054776545634966;0.9424273500078589;10;20;128;128
108;1;0.0001;concept2;0.019519969444582633;None;0.023790718923550943;0.9804800305554173;10;20;128;128
108;2;0.0001;concept3;0.11544355817011787;None;0.13438935376422553;0.8845564418298821;10;20;128;128
109;0;0.0001;concept1;0.057665784853748375;None;0.06104799342959095;0.9423342151462516;10;20;128;128
109;1;0.0001;concept2;0.019260424626025893;None;0.023637059462191183;0.9807395753739742;10;20;128;128
109;2;0.0001;concept3;0.12827847755034502;None;0.14011607808174265;0.871721522449655;10;20;128;128
110;0;0.0001;concept1;0.057287802269426764;None;0.060827198077363226;0.9427121977305732;10;20;128;128
110;1;0.0001;concept2;0.019090251818612475;None;0.023537855156057316;0.9809097481813875;10;20;128;128
110;2;0.0001;concept3;0.1282700010190257;None;0.14008522470345985;0.8717299989809744;10;20;128;128
111;0;0.0001;concept1;0.0574709872304232;None;0.06044591257166094;0.9425290127695768;10;20;128;128
111;1;0.0001;concept2;0.01886616461859078;None;0.02340631669115596;0.9811338353814092;10;20;128;128
111;2;0.0001;concept3;0.12856585829894077;None;0.1403229813799431;0.8714341417010593;10;20;128;128
112;0;0.0001;concept1;0.057466213482852045;None;0.06045125069211037;0.9425337865171479;10;20;128;128
112;1;0.0001;concept2;0.018646524891274104;None;0.02328412981337909;0.981353475108726;10;20;128;128
112;2;0.0001;concept3;0.1290781903183739;None;0.1406331413057388;0.8709218096816261;10;20;128;128
113;0;0.0001;concept1;0.057349479993802535;None;0.06036039832094122;0.9426505200061974;10;20;128;128
113;1;0.0001;concept2;0.018138635658607086;None;0.02300098190026132;0.9818613643413929;10;20;128;128
113;2;0.0001;concept3;0.12778089974394213;None;0.13975071252037133;0.8722191002560579;10;20;128;128
114;0;0.0001;concept1;0.05743774343259448;None;0.06084501252343665;0.9425622565674056;10;20;128;128
114;1;0.0001;concept2;0.01778355759415649;None;0.022813483374463005;0.9822164424058435;10;20;128;128
114;2;0.0001;concept3;0.11586034805881097;None;0.13426561115424793;0.884139651941189;10;20;128;128
115;0;0.0001;concept1;0.057475605954288696;None;0.06081493699901298;0.9425243940457113;10;20;128;128
115;1;0.0001;concept2;0.017610079632453892;None;0.02270995470854004;0.9823899203675461;10;20;128;128
115;2;0.0001;concept3;0.12581816209305924;None;0.13876486177593028;0.8741818379069408;10;20;128;128
116;0;0.0001;concept1;0.05746206079194324;None;0.06080621200545487;0.9425379392080567;10;20;128;128
116;1;0.0001;concept2;0.017216229795948678;None;0.022500548514905308;0.9827837702040513;10;20;128;128
116;2;0.0001;concept3;0.11607778895005448;None;0.134558844718121;0.8839222110499455;10;20;128;128
117;0;0.0001;concept1;0.05736013790293596;None;0.06070528493477506;0.9426398620970641;10;20;128;128
117;1;0.0001;concept2;0.01689520965236074;None;0.022320220100268892;0.9831047903476393;10;20;128;128
117;2;0.0001;concept3;0.12387929649846346;None;0.1379651149892838;0.8761207035015366;10;20;128;128
118;0;0.0001;concept1;0.057320304005132716;None;0.0606988283666627;0.9426796959948673;10;20;128;128
118;1;0.0001;concept2;0.016361447258262454;None;0.022054374533001863;0.9836385527417375;10;20;128;128
118;2;0.0001;concept3;0.1155434479767438;None;0.13460311773974276;0.8844565520232562;10;20;128;128
119;0;0.0001;concept1;0.05714013311377364;None;0.06061237026118463;0.9428598668862264;10;20;128;128
119;1;0.0001;concept2;0.0156568697451717;None;0.02170310218353109;0.9843431302548283;10;20;128;128
119;2;0.0001;concept3;0.11348410982506826;None;0.13387694068236336;0.8865158901749317;10;20;128;128
120;0;0.0001;concept1;0.057365379445364614;None;0.06069540122841612;0.9426346205546354;10;20;128;128
120;1;0.0001;concept2;0.015319514642111688;None;0.021565963829402773;0.9846804853578883;10;20;128;128
120;2;0.0001;concept3;0.11326862614664684;None;0.13374744441336153;0.8867313738533532;10;20;128;128
121;0;0.0001;concept1;0.057232651070236076;None;0.06075875181074082;0.9427673489297639;10;20;128;128
121;1;0.0001;concept2;0.015059176675781105;None;0.021443994290977965;0.984940823324219;10;20;128;128
121;2;0.0001;concept3;0.11282660982294482;None;0.13383334080048745;0.8871733901770552;10;20;128;128
122;0;0.0001;concept1;0.05726799268604997;None;0.060679184808286366;0.94273200731395;10;20;128;128
122;1;0.0001;concept2;0.01466238090325483;None;0.021308764711312357;0.9853376190967452;10;20;128;128
122;2;0.0001;concept3;0.11324035021476589;None;0.13378433055634978;0.8867596497852341;10;20;128;128
123;0;0.0001;concept1;0.05722349902940209;None;0.060656795096823;0.942776500970598;10;20;128;128
123;1;0.0001;concept2;0.014617665452664321;None;0.02125822997202932;0.9853823345473357;10;20;128;128
123;2;0.0001;concept3;0.11229664315244164;None;0.13430740123857846;0.8877033568475583;10;20;128;128
124;0;0.0001;concept1;0.05723758881961825;None;0.06054037846792717;0.9427624111803817;10;20;128;128
124;1;0.0001;concept2;0.014398253251572296;None;0.02118496059927675;0.9856017467484277;10;20;128;128
124;2;0.0001;concept3;0.11251758343810195;None;0.13395302785774849;0.8874824165618981;10;20;128;128
125;0;0.0001;concept1;0.0570359192585436;None;0.060482708890135385;0.9429640807414564;10;20;128;128
125;1;0.0001;concept2;0.013931599870664382;None;0.021120440364463543;0.9860684001293356;10;20;128;128
125;2;0.0001;concept3;0.12091220649938166;None;0.1372594878566557;0.8790877935006184;10;20;128;128
126;0;0.0001;concept1;0.05714156084671799;None;0.06037005839603287;0.942858439153282;10;20;128;128
126;1;0.0001;concept2;0.013823202271329924;None;0.021150495767127655;0.9861767977286701;10;20;128;128
126;2;0.0001;concept3;0.1164340241063145;None;0.13521926308031842;0.8835659758936855;10;20;128;128
127;0;0.0001;concept1;0.05698943977886622;None;0.06038975686228376;0.9430105602211338;10;20;128;128
127;1;0.0001;concept2;0.013724574908486855;None;0.021109772582381833;0.9862754250915131;10;20;128;128
127;2;0.0001;concept3;0.11181413974782865;None;0.13432175715923994;0.8881858602521714;10;20;128;128
128;0;0.0001;concept1;0.057048546440967816;None;0.06032843834173831;0.9429514535590322;10;20;128;128
128;1;0.0001;concept2;0.013684002995819932;None;0.0211031052244444;0.98631599700418;10;20;128;128
128;2;0.0001;concept3;0.11231932441495866;None;0.13414487091324137;0.8876806755850414;10;20;128;128
129;0;0.0001;concept1;0.057009310214193504;None;0.060425347679017034;0.9429906897858065;10;20;128;128
129;1;0.0001;concept2;0.0136455666318597;None;0.02100357052797029;0.9863544333681403;10;20;128;128
129;2;0.0001;concept3;0.11189005780481706;None;0.13418032941673813;0.8881099421951829;10;20;128;128
130;0;0.0001;concept1;0.05696385567224501;None;0.0605436017803301;0.943036144327755;10;20;128;128
130;1;0.0001;concept2;0.014210455291143382;None;0.020990313371640604;0.9857895447088566;10;20;128;128
130;2;0.0001;concept3;0.11352981365008083;None;0.1338975842161935;0.8864701863499191;10;20;128;128
131;0;0.0001;concept1;0.056944565741668035;None;0.06020836955594602;0.9430554342583319;10;20;128;128
131;1;0.0001;concept2;0.014385617906821635;None;0.021016454958475574;0.9856143820931784;10;20;128;128
131;2;0.0001;concept3;0.1127944948172048;None;0.13410839682429854;0.8872055051827952;10;20;128;128
132;0;0.0001;concept1;0.05692681293899784;None;0.06028385123487199;0.9430731870610022;10;20;128;128
132;1;0.0001;concept2;0.014608542461918948;None;0.02108321438623721;0.9853914575380811;10;20;128;128
132;2;0.0001;concept3;0.11195084602986084;None;0.13394885819662186;0.8880491539701392;10;20;128;128
133;0;0.0001;concept1;0.05688833963480637;None;0.06016014257326523;0.9431116603651937;10;20;128;128
133;1;0.0001;concept2;0.014435847465636347;None;0.021001331583640218;0.9855641525343637;10;20;128;128
133;2;0.0001;concept3;0.11154078447930979;None;0.13417039855361063;0.8884592155206902;10;20;128;128
134;0;0.0001;concept1;0.05659635436766182;None;0.059974239272145284;0.9434036456323381;10;20;128;128
134;1;0.0001;concept2;0.014837003157308308;None;0.021137541624973603;0.9851629968426917;10;20;128;128
134;2;0.0001;concept3;0.11394977409517333;None;0.13428469074260682;0.8860502259048266;10;20;128;128
135;0;0.0001;concept1;0.0565859562219723;None;0.05999481283055751;0.9434140437780277;10;20;128;128
135;1;0.0001;concept2;0.015142318129344284;None;0.02124809310271905;0.9848576818706557;10;20;128;128
135;2;0.0001;concept3;0.11238785389736809;None;0.13407452939534054;0.887612146102632;10;20;128;128
136;0;0.0001;concept1;0.05653542730237047;None;0.0599136650095241;0.9434645726976295;10;20;128;128
136;1;0.0001;concept2;0.015362654199729573;None;0.021352558112278933;0.9846373458002704;10;20;128;128
136;2;0.0001;concept3;0.11201509660258659;None;0.133977585209393;0.8879849033974134;10;20;128;128
137;0;0.0001;concept1;0.0565574027140712;None;0.05988659460353408;0.9434425972859288;10;20;128;128
137;1;0.0001;concept2;0.01560093324985231;None;0.02146558099720801;0.9843990667501477;10;20;128;128
137;2;0.0001;concept3;0.11338552708305892;None;0.1342436403168947;0.8866144729169411;10;20;128;128
138;0;0.0001;concept1;0.056556455109587095;None;0.060084285751819774;0.9434435448904129;10;20;128;128
138;1;0.0001;concept2;0.014868364127623013;None;0.021097928052095007;0.985131635872377;10;20;128;128
138;2;0.0001;concept3;0.11229690746305501;None;0.13400762896707435;0.887703092536945;10;20;128;128
139;0;0.0001;concept1;0.056547146725841414;None;0.06004109544311243;0.9434528532741586;10;20;128;128
139;1;0.0001;concept2;0.015783426358606814;None;0.021553824902146343;0.9842165736413931;10;20;128;128
139;2;0.0001;concept3;0.11157602804882312;None;0.1338300635500575;0.8884239719511768;10;20;128;128
140;0;0.0001;concept1;0.05642976372097215;None;0.0599770371309037;0.9435702362790278;10;20;128;128
140;1;0.0001;concept2;0.01589394636196833;None;0.02161048879691754;0.9841060536380317;10;20;128;128
140;2;0.0001;concept3;0.11098301954262746;None;0.13473976186323283;0.8890169804573725;10;20;128;128
141;0;0.0001;concept1;0.05642990992909129;None;0.05999770929377205;0.9435700900709088;10;20;128;128
141;1;0.0001;concept2;0.016203930981924734;None;0.021779965081306904;0.9837960690180753;10;20;128;128
141;2;0.0001;concept3;0.11048273404191604;None;0.1376924806534825;0.8895172659580839;10;20;128;128
142;0;0.0001;concept1;0.056469800132135824;None;0.06001975297864681;0.9435301998678642;10;20;128;128
142;1;0.0001;concept2;0.016436709544178245;None;0.021925102918668286;0.9835632904558218;10;20;128;128
142;2;0.0001;concept3;0.11094276523327537;None;0.13853194486136655;0.8890572347667246;10;20;128;128
143;0;0.0001;concept1;0.05635986941283182;None;0.059714374880126014;0.9436401305871682;10;20;128;128
143;1;0.0001;concept2;0.016695704193711164;None;0.022082151334362702;0.9833042958062889;10;20;128;128
143;2;0.0001;concept3;0.11085275280754275;None;0.13449124844345636;0.8891472471924573;10;20;128;128
144;0;0.0001;concept1;0.05636653069498309;None;0.05983155644634917;0.9436334693050169;10;20;128;128
144;1;0.0001;concept2;0.016550036768288846;None;0.021994708018057214;0.9834499632317112;10;20;128;128
144;2;0.0001;concept3;0.11103485119452497;None;0.13884298351868438;0.8889651488054751;10;20;128;128
145;0;0.0001;concept1;0.056487608151229454;None;0.060062145547144646;0.9435123918487706;10;20;128;128
145;1;0.0001;concept2;0.016156438325331427;None;0.02175324631992267;0.9838435616746686;10;20;128;128
145;2;0.0001;concept3;0.11067292756551167;None;0.13453785311147567;0.8893270724344884;10;20;128;128
146;0;0.0001;concept1;0.05649576609995237;None;0.0600465643524284;0.9435042339000477;10;20;128;128
146;1;0.0001;concept2;0.01644802331636155;None;0.02193363943631344;0.9835519766836385;10;20;128;128
146;2;0.0001;concept3;0.11045237758907135;None;0.13455577227058307;0.8895476224109287;10;20;128;128
147;0;0.0001;concept1;0.05643649434448049;None;0.060012098571634406;0.9435635056555195;10;20;128;128
147;1;0.0001;concept2;0.016376708414010784;None;0.021891838917868427;0.9836232915859893;10;20;128;128
147;2;0.0001;concept3;0.11083968242018431;None;0.1387382132282429;0.8891603175798157;10;20;128;128
148;0;0.0001;concept1;0.05649946193720115;None;0.06008614243268021;0.9435005380627989;10;20;128;128
148;1;0.0001;concept2;0.016379070311305116;None;0.02189706019886686;0.9836209296886949;10;20;128;128
148;2;0.0001;concept3;0.11294088271264821;None;0.13435205181707724;0.8870591172873518;10;20;128;128
149;0;0.0001;concept1;0.05633631883265808;None;0.060313467741021906;0.9436636811673419;10;20;128;128
149;1;0.0001;concept2;0.016169383122696456;None;0.021771913904219484;0.9838306168773036;10;20;128;128
149;2;0.0001;concept3;0.11351524044952235;None;0.1345111298918168;0.8864847595504777;10;20;128;128
150;0;0.0001;concept1;0.035762234314663424;None;0.05340890082412584;0.9642377656853366;10;20;128;128
150;1;0.0001;concept2;0.003090322134526985;None;0.02066002544488735;0.996909677865473;10;20;128;128
150;2;0.0001;concept3;0.4595665364469017;None;0.08295284371374594;0.5404334635530983;10;20;128;128
151;0;0.0001;concept1;0.03579057259293172;None;0.053373159507560705;0.9642094274070683;10;20;128;128
151;1;0.0001;concept2;0.003081893203190451;None;0.020639402275855447;0.9969181067968096;10;20;128;128
151;2;0.0001;concept3;0.46066211969918314;None;0.08302420495596056;0.5393378803008169;10;20;128;128
152;0;0.0001;concept1;0.03567792134543469;None;0.05331978386763661;0.9643220786545653;10;20;128;128
152;1;0.0001;concept2;0.003077573520133285;None;0.02062542825971599;0.9969224264798667;10;20;128;128
152;2;0.0001;concept3;0.45969071362232644;None;0.08294113991508191;0.5403092863776735;10;20;128;128
153;0;0.0001;concept1;0.03556443764566077;None;0.053250731399476475;0.9644355623543392;10;20;128;128
153;1;0.0001;concept2;0.0030700780173248104;None;0.020607788750304938;0.9969299219826752;10;20;128;128
153;2;0.0001;concept3;0.46031751575194435;None;0.08297536888176386;0.5396824842480556;10;20;128;128
154;0;0.0001;concept1;0.03563756254423124;None;0.053249657501224845;0.9643624374557688;10;20;128;128
154;1;0.0001;concept2;0.00306655265819818;None;0.020596800520227155;0.9969334473418018;10;20;128;128
154;2;0.0001;concept3;0.459321174824985;None;0.08288973066275564;0.540678825175015;10;20;128;128
155;0;0.0001;concept1;0.03558085184543874;None;0.05318120853496348;0.9644191481545612;10;20;128;128
155;1;0.0001;concept2;0.0030590406729711383;None;0.020578105641875573;0.9969409593270289;10;20;128;128
155;2;0.0001;concept3;0.4600969389721742;None;0.08294260795373848;0.5399030610278257;10;20;128;128
156;0;0.0001;concept1;0.03553828103148224;None;0.05314034433523944;0.9644617189685177;10;20;128;128
156;1;0.0001;concept2;0.003055828226919952;None;0.02056812981098753;0.99694417177308;10;20;128;128
156;2;0.0001;concept3;0.4591714745414697;None;0.08287350059329364;0.5408285254585302;10;20;128;128
157;0;0.0001;concept1;0.03548910539954842;None;0.05311276944802546;0.9645108946004516;10;20;128;128
157;1;0.0001;concept2;0.0030489280909579016;None;0.020550487883550118;0.9969510719090421;10;20;128;128
157;2;0.0001;concept3;0.460101087851194;None;0.0829399913112434;0.539898912148806;10;20;128;128
158;0;0.0001;concept1;0.035485255524121725;None;0.053054384005342785;0.9645147444758783;10;20;128;128
158;1;0.0001;concept2;0.0030455118855196423;None;0.020538984500068094;0.9969544881144804;10;20;128;128
158;2;0.0001;concept3;0.45917412368807364;None;0.0828702906454787;0.5408258763119262;10;20;128;128
159;0;0.0001;concept1;0.03534018628777043;None;0.05297246503801559;0.9646598137122295;10;20;128;128
159;1;0.0001;concept2;0.0030382667319810734;None;0.02052062094822263;0.996961733268019;10;20;128;128
159;2;0.0001;concept3;0.4540705544669622;None;0.08248441699670386;0.5459294455330378;10;20;128;128
160;0;0.0001;concept1;0.03533565737940716;None;0.05294763610271851;0.9646643426205929;10;20;128;128
160;1;0.0001;concept2;0.003035419531681849;None;0.020511531011074613;0.9969645804683182;10;20;128;128
160;2;0.0001;concept3;0.4531808792320811;None;0.08241631722032704;0.5468191207679189;10;20;128;128
161;0;0.0001;concept1;0.0354238821329496;None;0.05294060446306087;0.9645761178670504;10;20;128;128
161;1;0.0001;concept2;0.003029185073985081;None;0.020496684428787472;0.9969708149260149;10;20;128;128
161;2;0.0001;concept3;0.4535488011164858;None;0.08243923135230204;0.5464511988835141;10;20;128;128
162;0;0.0001;concept1;0.03536361020675428;None;0.0528997026539862;0.9646363897932457;10;20;128;128
162;1;0.0001;concept2;0.0030257635677268047;None;0.02048586393150884;0.9969742364322732;10;20;128;128
162;2;0.0001;concept3;0.45264082026440544;None;0.08236773239023953;0.5473591797355946;10;20;128;128
163;0;0.0001;concept1;0.035210970674518095;None;0.05280236628676611;0.9647890293254819;10;20;128;128
163;1;0.0001;concept2;0.0030189181067765765;None;0.02046788700074288;0.9969810818932234;10;20;128;128
163;2;0.0001;concept3;0.45330891319900757;None;0.08241553337332087;0.5466910868009924;10;20;128;128
164;0;0.0001;concept1;0.03528250167114599;None;0.05284797823365177;0.964717498328854;10;20;128;128
164;1;0.0001;concept2;0.0030156481846138395;None;0.020457486080820673;0.9969843518153861;10;20;128;128
164;2;0.0001;concept3;0.45238630530461765;None;0.08234296420942774;0.5476136946953823;10;20;128;128
165;0;0.0001;concept1;0.035122154003805625;None;0.052724954036109314;0.9648778459961944;10;20;128;128
165;1;0.0001;concept2;0.0030094915026926193;None;0.020441211554401918;0.9969905084973074;10;20;128;128
165;2;0.0001;concept3;0.4530607228942048;None;0.08239070360164548;0.5469392771057953;10;20;128;128
166;0;0.0001;concept1;0.035096530198016986;None;0.0527186360236798;0.964903469801983;10;20;128;128
166;1;0.0001;concept2;0.00300620884565235;None;0.020430432490716154;0.9969937911543476;10;20;128;128
166;2;0.0001;concept3;0.4522300253318909;None;0.08232545831603318;0.5477699746681091;10;20;128;128
167;0;0.0001;concept1;0.03508912459903143;None;0.052695223977685925;0.9649108754009685;10;20;128;128
167;1;0.0001;concept2;0.003000029435793582;None;0.02041438447647263;0.9969999705642064;10;20;128;128
167;2;0.0001;concept3;0.452852628081192;None;0.08236910788106604;0.547147371918808;10;20;128;128
168;0;0.0001;concept1;0.03513563031631793;None;0.052703724778149066;0.964864369683682;10;20;128;128
168;1;0.0001;concept2;0.0029967088965435628;None;0.02040343835561273;0.9970032911034564;10;20;128;128
168;2;0.0001;concept3;0.4520223529902703;None;0.08230456964426056;0.5479776470097296;10;20;128;128
169;0;0.0001;concept1;0.03500783228363576;None;0.05255399802892017;0.9649921677163642;10;20;128;128
169;1;0.0001;concept2;0.002990986800227994;None;0.02038850852921221;0.997009013199772;10;20;128;128
169;2;0.0001;concept3;0.452811743558353;None;0.08236096631426483;0.547188256441647;10;20;128;128
170;0;0.0001;concept1;0.03512353732859427;None;0.05260149600443651;0.9648764626714057;10;20;128;128
170;1;0.0001;concept2;0.002988203282825893;None;0.02037917644805973;0.9970117967171741;10;20;128;128
170;2;0.0001;concept3;0.4517714674629563;None;0.08228115041643595;0.5482285325370437;10;20;128;128
171;0;0.0001;concept1;0.03509630691803156;None;0.05253067587557122;0.9649036930819684;10;20;128;128
171;1;0.0001;concept2;0.0029824745980460746;None;0.020363466409894813;0.9970175254019539;10;20;128;128
171;2;0.0001;concept3;0.45258960722743435;None;0.08233858852356063;0.5474103927725655;10;20;128;128
172;0;0.0001;concept1;0.03501056980597781;None;0.05250382068373984;0.9649894301940222;10;20;128;128
172;1;0.0001;concept2;0.0029796950489368495;None;0.020354188243618326;0.9970203049510632;10;20;128;128
172;2;0.0001;concept3;0.4517294935255444;None;0.0822735434832533;0.5482705064744555;10;20;128;128
173;0;0.0001;concept1;0.03500408117140274;None;0.05250054867023505;0.9649959188285973;10;20;128;128
173;1;0.0001;concept2;0.0029747684666887935;None;0.020341359340756576;0.9970252315333112;10;20;128;128
173;2;0.0001;concept3;0.45174101025402835;None;0.0822744425160203;0.5482589897459715;10;20;128;128
174;0;0.0001;concept1;0.03495627684690681;None;0.05245984278024139;0.9650437231530932;10;20;128;128
174;1;0.0001;concept2;0.002971911761200098;None;0.020331599823662;0.9970280882387998;10;20;128;128
174;2;0.0001;concept3;0.45097674813401706;None;0.08221724303022386;0.549023251865983;10;20;128;128
175;0;0.0001;concept1;0.03496470348275628;None;0.05241884940406021;0.9650352965172437;10;20;128;128
175;1;0.0001;concept2;0.0029666942622355733;None;0.020318216403349226;0.9970333057377644;10;20;128;128
175;2;0.0001;concept3;0.45166933145311977;None;0.08226621291282168;0.5483306685468802;10;20;128;128
176;0;0.0001;concept1;0.03492796694708409;None;0.05241361000667553;0.9650720330529159;10;20;128;128
176;1;0.0001;concept2;0.002964064524121542;None;0.02031014433439763;0.9970359354758784;10;20;128;128
176;2;0.0001;concept3;0.4508969137445816;None;0.08220780708607892;0.5491030862554185;10;20;128;128
177;0;0.0001;concept1;0.034774549868649834;None;0.05231092550583698;0.9652254501313502;10;20;128;128
177;1;0.0001;concept2;0.0029586147505347472;None;0.02029479883504207;0.9970413852494653;10;20;128;128
177;2;0.0001;concept3;0.45151186500232116;None;0.08224937077694126;0.5484881349976788;10;20;128;128
178;0;0.0001;concept1;0.03485157677334153;None;0.05229981979972417;0.9651484232266585;10;20;128;128
178;1;0.0001;concept2;0.0029557015505468267;None;0.020285017171670767;0.9970442984494532;10;20;128;128
178;2;0.0001;concept3;0.450703761090653;None;0.08219007311726269;0.549296238909347;10;20;128;128
179;0;0.0001;concept1;0.03484028074139182;None;0.052269859469814856;0.9651597192586082;10;20;128;128
179;1;0.0001;concept2;0.0029511660259240544;None;0.02027372527304133;0.997048833974076;10;20;128;128
179;2;0.0001;concept3;0.4513858547334776;None;0.0822375697459416;0.5486141452665223;10;20;128;128
180;0;0.0001;concept1;0.03478640979669379;None;0.05226415813092912;0.9652135902033062;10;20;128;128
180;1;0.0001;concept2;0.002948606861442658;None;0.02026501187238053;0.9970513931385574;10;20;128;128
180;2;0.0001;concept3;0.4504733522438569;None;0.08217006840937961;0.5495266477561431;10;20;128;128
181;0;0.0001;concept1;0.034744597169160354;None;0.05216475373761249;0.9652554028308397;10;20;128;128
181;1;0.0001;concept2;0.002943858946226001;None;0.020252668928810644;0.997056141053774;10;20;128;128
181;2;0.0001;concept3;0.45133038134193554;None;0.08222859183336513;0.5486696186580644;10;20;128;128
182;0;0.0001;concept1;0.034703041172446804;None;0.052148321849836816;0.9652969588275532;10;20;128;128
182;1;0.0001;concept2;0.00294124069935962;None;0.020243477761700237;0.9970587593006404;10;20;128;128
182;2;0.0001;concept3;0.4504764268083995;None;0.08216526224514417;0.5495235731916005;10;20;128;128
183;0;0.0001;concept1;0.034528803223433546;None;0.05205509364205317;0.9654711967765665;10;20;128;128
183;1;0.0001;concept2;0.002936882525160941;None;0.020231793965004356;0.9970631174748391;10;20;128;128
183;2;0.0001;concept3;0.45078690353286166;None;0.08218653429638943;0.5492130964671382;10;20;128;128
184;0;0.0001;concept1;0.0347297529894236;None;0.05209780743082198;0.9652702470105764;10;20;128;128
184;1;0.0001;concept2;0.0029340511570147723;None;0.02022189132919661;0.9970659488429853;10;20;128;128
184;2;0.0001;concept3;0.44994325583425626;None;0.08212283273996673;0.5500567441657437;10;20;128;128
185;0;0.0001;concept1;0.03473133362401856;None;0.05209427602906679;0.9652686663759814;10;20;128;128
185;1;0.0001;concept2;0.002929406938280302;None;0.020209385232853976;0.9970705930617197;10;20;128;128
185;2;0.0001;concept3;0.4504708334488202;None;0.08215853981814604;0.5495291665511797;10;20;128;128
186;0;0.0001;concept1;0.03460689697974964;None;0.05204462350259934;0.9653931030202504;10;20;128;128
186;1;0.0001;concept2;0.0029273562878375774;None;0.02020205885478456;0.9970726437121624;10;20;128;128
186;2;0.0001;concept3;0.4495515202654521;None;0.08208967872885008;0.5504484797345479;10;20;128;128
187;0;0.0001;concept1;0.03459948057796585;None;0.05198346630242413;0.9654005194220342;10;20;128;128
187;1;0.0001;concept2;0.00292298839733812;None;0.02019012743796569;0.9970770116026619;10;20;128;128
187;2;0.0001;concept3;0.4501243143279264;None;0.08212726560910848;0.5498756856720736;10;20;128;128
188;0;0.0001;concept1;0.034533808475538046;None;0.05198458594413627;0.965466191524462;10;20;128;128
188;1;0.0001;concept2;0.0029204871632982367;None;0.02018131914399393;0.9970795128367017;10;20;128;128
188;2;0.0001;concept3;0.44932738615821466;None;0.08206639987465728;0.5506726138417852;10;20;128;128
189;0;0.0001;concept1;0.03449687073225586;None;0.05194270270246559;0.9655031292677442;10;20;128;128
189;1;0.0001;concept2;0.0029167240529818185;None;0.020170933749223328;0.9970832759470182;10;20;128;128
189;2;0.0001;concept3;0.4498833235754234;None;0.08210246611364629;0.5501166764245766;10;20;128;128
190;0;0.0001;concept1;0.0345048283691605;None;0.05194074340081086;0.9654951716308395;10;20;128;128
190;1;0.0001;concept2;0.002914318367220215;None;0.02016246693035655;0.9970856816327798;10;20;128;128
190;2;0.0001;concept3;0.44895808379871327;None;0.08203381125797642;0.5510419162012867;10;20;128;128
191;0;0.0001;concept1;0.034474921651974084;None;0.05188111180494707;0.9655250783480259;10;20;128;128
191;1;0.0001;concept2;0.0029101570091002458;None;0.020150454075832228;0.9970898429908998;10;20;128;128
191;2;0.0001;concept3;0.4496786072552319;None;0.08208095127578582;0.5503213927447681;10;20;128;128
192;0;0.0001;concept1;0.03450121047348111;None;0.05187191008665507;0.9654987895265189;10;20;128;128
192;1;0.0001;concept2;0.0029079065609637126;None;0.020142584822397534;0.9970920934390363;10;20;128;128
192;2;0.0001;concept3;0.44882903447317213;None;0.08201657910816354;0.5511709655268278;10;20;128;128
193;0;0.0001;concept1;0.034439182286282816;None;0.05182389291484336;0.9655608177137172;10;20;128;128
193;1;0.0001;concept2;0.002903972567307304;None;0.02013098710032824;0.9970960274326927;10;20;128;128
193;2;0.0001;concept3;0.4495722813911552;None;0.08206579350810521;0.5504277186088448;10;20;128;128
194;0;0.0001;concept1;0.03438441202063448;None;0.05182113739726983;0.9656155879793655;10;20;128;128
194;1;0.0001;concept2;0.0029016240945067663;None;0.020122509023415208;0.9970983759054932;10;20;128;128
194;2;0.0001;concept3;0.4487061796958688;None;0.08200027447891124;0.5512938203041312;10;20;128;128
195;0;0.0001;concept1;0.034470989830386586;None;0.05181954668234501;0.9655290101696135;10;20;128;128
195;1;0.0001;concept2;0.0028976345319595112;None;0.02011113505412636;0.9971023654680405;10;20;128;128
195;2;0.0001;concept3;0.44917442149561393;None;0.08202884277446987;0.5508255785043861;10;20;128;128
196;0;0.0001;concept1;0.03434034580947126;None;0.051767871429862965;0.9656596541905288;10;20;128;128
196;1;0.0001;concept2;0.0028952854591781027;None;0.02010296669794272;0.997104714540822;10;20;128;128
196;2;0.0001;concept3;0.4483991745703882;None;0.08196955126464711;0.5516008254296119;10;20;128;128
197;0;0.0001;concept1;0.03433115855975135;None;0.05168853781943598;0.9656688414402487;10;20;128;128
197;1;0.0001;concept2;0.0028914571740138693;None;0.020091251075752836;0.9971085428259862;10;20;128;128
197;2;0.0001;concept3;0.4489840198334801;None;0.0820054917835069;0.55101598016652;10;20;128;128
198;0;0.0001;concept1;0.03430449267560811;None;0.051707499535663844;0.9656955073243919;10;20;128;128
198;1;0.0001;concept2;0.0028891019892542005;None;0.02008291070544102;0.9971108980107458;10;20;128;128
198;2;0.0001;concept3;0.44833077315366;None;0.08195437651274932;0.5516692268463401;10;20;128;128
199;0;0.0001;concept1;0.03430236928043615;None;0.051668415232006555;0.9656976307195638;10;20;128;128
199;1;0.0001;concept2;0.0028853460777865845;None;0.020070817088836266;0.9971146539222134;10;20;128;128
199;2;0.0001;concept3;0.4483279379389047;None;0.08194617182050509;0.5516720620610953;10;20;128;128
