0;0;0.0001;concept1;0.11106117001570608;None;0.12023863189745217;0.888938829984294;10;20;128;128
0;1;0.0001;concept2;0.8836596242599939;None;0.20141731344198263;0.116340375740006;10;20;128;128
0;2;0.0001;concept3;0.3945941865337618;None;0.09743399144869236;0.6054058134662382;10;20;128;128
1;0;0.0001;concept1;0.1275873107933365;None;0.1259568461375893;0.8724126892066635;10;20;128;128
1;1;0.0001;concept2;1.0385917150485737;None;0.21225258692959267;-0.03859171504857373;10;20;128;128
1;2;0.0001;concept3;0.5669144000876073;None;0.1203792555251024;0.4330855999123928;10;20;128;128
2;0;0.0001;concept1;0.07563268191291833;None;0.0994459906475511;0.9243673180870816;10;20;128;128
2;1;0.0001;concept2;0.22183798260556578;None;0.09126358706062186;0.7781620173944341;10;20;128;128
2;2;0.0001;concept3;0.11469731742487303;None;0.0526398966058378;0.885302682575127;10;20;128;128
3;0;0.0001;concept1;0.053821707812712415;None;0.0822559265044143;0.9461782921872876;10;20;128;128
3;1;0.0001;concept2;0.05411944768991605;None;0.04635141716702703;0.9458805523100839;10;20;128;128
3;2;0.0001;concept3;0.08241172257651225;None;0.0462007680102148;0.9175882774234878;10;20;128;128
4;0;0.0001;concept1;0.04317990001825441;None;0.0710834705897513;0.9568200999817456;10;20;128;128
4;1;0.0001;concept2;0.03464923738311246;None;0.036929868690863205;0.9653507626168876;10;20;128;128
4;2;0.0001;concept3;0.04793580183148747;None;0.035395397942530375;0.9520641981685125;10;20;128;128
5;0;0.0001;concept1;0.03727247138616416;None;0.06380482054893069;0.9627275286138358;10;20;128;128
5;1;0.0001;concept2;0.021883407972314278;None;0.029026408610632538;0.9781165920276857;10;20;128;128
5;2;0.0001;concept3;0.028417395794101737;None;0.02701862045213849;0.9715826042058983;10;20;128;128
6;0;0.0001;concept1;0.03325141173016241;None;0.0580283280556559;0.9667485882698376;10;20;128;128
6;1;0.0001;concept2;0.015367663954763133;None;0.0237147652366874;0.9846323360452369;10;20;128;128
6;2;0.0001;concept3;0.020276114475271993;None;0.022503233355704033;0.979723885524728;10;20;128;128
7;0;0.0001;concept1;0.03085416757449851;None;0.05388708497607593;0.9691458324255015;10;20;128;128
7;1;0.0001;concept2;0.012286750910551045;None;0.020691788276291135;0.9877132490894489;10;20;128;128
7;2;0.0001;concept3;0.018034758059906224;None;0.021274854136494246;0.9819652419400938;10;20;128;128
8;0;0.0001;concept1;0.029293814241288973;None;0.050959811876240955;0.970706185758711;10;20;128;128
8;1;0.0001;concept2;0.010754702783137431;None;0.01908422794101962;0.9892452972168626;10;20;128;128
8;2;0.0001;concept3;0.018609589893057193;None;0.021792511832700787;0.9813904101069428;10;20;128;128
9;0;0.0001;concept1;0.028071985965365556;None;0.048783861317611074;0.9719280140346345;10;20;128;128
9;1;0.0001;concept2;0.009827967926782206;None;0.01830496856730806;0.9901720320732178;10;20;128;128
9;2;0.0001;concept3;0.020783238096654746;None;0.02292201873698307;0.9792167619033453;10;20;128;128
10;0;0.0001;concept1;0.02724106077507484;None;0.047306913600272935;0.9727589392249252;10;20;128;128
10;1;0.0001;concept2;0.00924897206509301;None;0.01798751389679818;0.990751027934907;10;20;128;128
10;2;0.0001;concept3;0.02239224740048546;None;0.023849225892970283;0.9776077525995145;10;20;128;128
11;0;0.0001;concept1;0.026781861136949664;None;0.04636549841783541;0.9732181388630503;10;20;128;128
11;1;0.0001;concept2;0.009932911949874078;None;0.01770252051959481;0.9900670880501259;10;20;128;128
11;2;0.0001;concept3;0.024001483163079155;None;0.024696604874022667;0.9759985168369208;10;20;128;128
12;0;0.0001;concept1;0.026411670805159267;None;0.04574717731954123;0.9735883291948407;10;20;128;128
12;1;0.0001;concept2;0.009443469757876244;None;0.01742932978286056;0.9905565302421238;10;20;128;128
12;2;0.0001;concept3;0.0252256803230706;None;0.0253718725725869;0.9747743196769294;10;20;128;128
13;0;0.0001;concept1;0.02632459246812066;None;0.04538156349675582;0.9736754075318793;10;20;128;128
13;1;0.0001;concept2;0.009172528595223236;None;0.017159330267441736;0.9908274714047768;10;20;128;128
13;2;0.0001;concept3;0.02610042823925851;None;0.025845269022475987;0.9738995717607415;10;20;128;128
14;0;0.0001;concept1;0.02624800661207883;None;0.045059057835692765;0.9737519933879212;10;20;128;128
14;1;0.0001;concept2;0.009061752421491156;None;0.016991654575333158;0.9909382475785088;10;20;128;128
14;2;0.0001;concept3;0.026781993036773376;None;0.02611519640581793;0.9732180069632266;10;20;128;128
15;0;0.0001;concept1;0.02605651910799832;None;0.04473332916994453;0.9739434808920017;10;20;128;128
15;1;0.0001;concept2;0.008983739319306176;None;0.016914739320080446;0.9910162606806938;10;20;128;128
15;2;0.0001;concept3;0.027063978764505312;None;0.02612573034711203;0.9729360212354947;10;20;128;128
16;0;0.0001;concept1;0.026076864492005903;None;0.04454543731662066;0.9739231355079941;10;20;128;128
16;1;0.0001;concept2;0.008877345653119482;None;0.016855627192619915;0.9911226543468805;10;20;128;128
16;2;0.0001;concept3;0.02702276730374939;None;0.026016980980033053;0.9729772326962506;10;20;128;128
17;0;0.0001;concept1;0.026087602892097418;None;0.04445442232622531;0.9739123971079026;10;20;128;128
17;1;0.0001;concept2;0.00881536288519313;None;0.016826357110108242;0.9911846371148069;10;20;128;128
17;2;0.0001;concept3;0.026809815628725052;None;0.025842383259129006;0.9731901843712749;10;20;128;128
18;0;0.0001;concept1;0.02612151853198944;None;0.0444139186051369;0.9738784814680106;10;20;128;128
18;1;0.0001;concept2;0.008770515884690104;None;0.016817105281553873;0.9912294841153099;10;20;128;128
18;2;0.0001;concept3;0.026957410252682994;None;0.025883438124224025;0.973042589747317;10;20;128;128
19;0;0.0001;concept1;0.026170660550619267;None;0.04442534710751865;0.9738293394493808;10;20;128;128
19;1;0.0001;concept2;0.008749223927358269;None;0.016849146671781723;0.9912507760726418;10;20;128;128
19;2;0.0001;concept3;0.02674110067045689;None;0.025776496550784924;0.9732588993295431;10;20;128;128
20;0;0.0001;concept1;0.02620941593784802;None;0.04447860397723425;0.973790584062152;10;20;128;128
20;1;0.0001;concept2;0.008747353677567257;None;0.01687471019236025;0.9912526463224327;10;20;128;128
20;2;0.0001;concept3;0.026611214581880333;None;0.025685583956174856;0.9733887854181197;10;20;128;128
21;0;0.0001;concept1;0.026180363995285207;None;0.044473073810052895;0.9738196360047148;10;20;128;128
21;1;0.0001;concept2;0.008736960741355496;None;0.01690415632643768;0.9912630392586445;10;20;128;128
21;2;0.0001;concept3;0.026546912929681903;None;0.025625638390028235;0.9734530870703181;10;20;128;128
22;0;0.0001;concept1;0.026106379184848295;None;0.04445377360249944;0.9738936208151517;10;20;128;128
22;1;0.0001;concept2;0.00869286888614899;None;0.01691108534532021;0.991307131113851;10;20;128;128
22;2;0.0001;concept3;0.026406291284347898;None;0.025507881806653424;0.9735937087156521;10;20;128;128
23;0;0.0001;concept1;0.025819536585019696;None;0.04428943823583282;0.9741804634149803;10;20;128;128
23;1;0.0001;concept2;0.008632177879398852;None;0.016898705134939022;0.9913678221206011;10;20;128;128
23;2;0.0001;concept3;0.026289057076356964;None;0.025405413294992404;0.973710942923643;10;20;128;128
24;0;0.0001;concept1;0.02572113095547375;None;0.04423385898220466;0.9742788690445262;10;20;128;128
24;1;0.0001;concept2;0.008594696233322348;None;0.01687007475694843;0.9914053037666777;10;20;128;128
24;2;0.0001;concept3;0.026054370400837978;None;0.025254667423519648;0.973945629599162;10;20;128;128
25;0;0.0001;concept1;0.025527227323907085;None;0.04407744642091186;0.9744727726760929;10;20;128;128
25;1;0.0001;concept2;0.008581194744462499;None;0.016843380084807784;0.9914188052555375;10;20;128;128
25;2;0.0001;concept3;0.025766237259121715;None;0.025070825163096687;0.9742337627408783;10;20;128;128
26;0;0.0001;concept1;0.025362969635130767;None;0.043985477894792575;0.9746370303648693;10;20;128;128
26;1;0.0001;concept2;0.00854833534571082;None;0.016799453367527743;0.9914516646542891;10;20;128;128
26;2;0.0001;concept3;0.02547251393301881;None;0.024850744979396402;0.9745274860669813;10;20;128;128
27;0;0.0001;concept1;0.025257713675765563;None;0.04391612481564637;0.9747422863242344;10;20;128;128
27;1;0.0001;concept2;0.00854890217564939;None;0.016780605865951245;0.9914510978243506;10;20;128;128
27;2;0.0001;concept3;0.025060930955464987;None;0.024570704763144845;0.974939069044535;10;20;128;128
28;0;0.0001;concept1;0.025030881370041533;None;0.04382845779748988;0.9749691186299585;10;20;128;128
28;1;0.0001;concept2;0.008653794072729292;None;0.016831075922516897;0.9913462059272707;10;20;128;128
28;2;0.0001;concept3;0.02446219830468859;None;0.02421304113317004;0.9755378016953115;10;20;128;128
29;0;0.0001;concept1;0.025028073103728055;None;0.043839322959624547;0.974971926896272;10;20;128;128
29;1;0.0001;concept2;0.012374620507583173;None;0.02041326730074223;0.9876253794924168;10;20;128;128
29;2;0.0001;concept3;0.023862557553008402;None;0.023852491888221642;0.9761374424469916;10;20;128;128
30;0;0.0001;concept1;0.025036604242770502;None;0.04380287055328018;0.9749633957572295;10;20;128;128
30;1;0.0001;concept2;0.00803893348010529;None;0.0169028038466324;0.9919610665198947;10;20;128;128
30;2;0.0001;concept3;0.023621539067246594;None;0.02372729813857654;0.9763784609327534;10;20;128;128
31;0;0.0001;concept1;0.024967426405268396;None;0.04373038314104238;0.9750325735947316;10;20;128;128
31;1;0.0001;concept2;0.008487834712582415;None;0.016686664265464723;0.9915121652874176;10;20;128;128
31;2;0.0001;concept3;0.02315169010738298;None;0.023628414451447595;0.9768483098926171;10;20;128;128
32;0;0.0001;concept1;0.024838720287412883;None;0.04354813703041886;0.9751612797125871;10;20;128;128
32;1;0.0001;concept2;0.008314802685096028;None;0.017428753243966394;0.991685197314904;10;20;128;128
32;2;0.0001;concept3;0.021859094722895933;None;0.022685375422940374;0.9781409052771041;10;20;128;128
33;0;0.0001;concept1;0.024774459204797712;None;0.0434681219460674;0.9752255407952023;10;20;128;128
33;1;0.0001;concept2;0.00845809525941047;None;0.016674468039174727;0.9915419047405896;10;20;128;128
33;2;0.0001;concept3;0.0212788491041819;None;0.022442329284764615;0.9787211508958181;10;20;128;128
34;0;0.0001;concept1;0.024543857955136836;None;0.04327039890601056;0.9754561420448632;10;20;128;128
34;1;0.0001;concept2;0.008446905219687497;None;0.016673768966959993;0.9915530947803125;10;20;128;128
34;2;0.0001;concept3;0.020399550877218998;None;0.021744654505952907;0.979600449122781;10;20;128;128
35;0;0.0001;concept1;0.0244785766866749;None;0.04317504434215733;0.9755214233133251;10;20;128;128
35;1;0.0001;concept2;0.008406671586210702;None;0.016654201173137203;0.9915933284137893;10;20;128;128
35;2;0.0001;concept3;0.019786887870810854;None;0.02137749375550675;0.9802131121291892;10;20;128;128
36;0;0.0001;concept1;0.02422609432616592;None;0.04293637294175773;0.975773905673834;10;20;128;128
36;1;0.0001;concept2;0.008413739130361954;None;0.01665777079906103;0.9915862608696381;10;20;128;128
36;2;0.0001;concept3;0.019732168212918396;None;0.021410458494765118;0.9802678317870817;10;20;128;128
37;0;0.0001;concept1;0.024098416219295274;None;0.04279464107249848;0.9759015837807047;10;20;128;128
37;1;0.0001;concept2;0.008366131425633468;None;0.016593093636789243;0.9916338685743665;10;20;128;128
37;2;0.0001;concept3;0.01914297629041742;None;0.020970640832781568;0.9808570237095826;10;20;128;128
38;0;0.0001;concept1;0.024054552336490204;None;0.042758629453254406;0.9759454476635098;10;20;128;128
38;1;0.0001;concept2;0.008398751757478609;None;0.016622982224831617;0.9916012482425214;10;20;128;128
38;2;0.0001;concept3;0.019316491064107464;None;0.021192503178620144;0.9806835089358925;10;20;128;128
39;0;0.0001;concept1;0.023993285441464497;None;0.042646740942553246;0.9760067145585355;10;20;128;128
39;1;0.0001;concept2;0.008387589090389993;None;0.016593351033562742;0.99161241090961;10;20;128;128
39;2;0.0001;concept3;0.018475452474270834;None;0.02060631360588779;0.9815245475257292;10;20;128;128
40;0;0.0001;concept1;0.02387126243050402;None;0.042553285330454424;0.976128737569496;10;20;128;128
40;1;0.0001;concept2;0.008415888991199392;None;0.0166030969511415;0.9915841110088006;10;20;128;128
40;2;0.0001;concept3;0.018397468985114563;None;0.020623243527979142;0.9816025310148855;10;20;128;128
41;0;0.0001;concept1;0.023765574235725152;None;0.04245193379039672;0.9762344257642749;10;20;128;128
41;1;0.0001;concept2;0.008292558514339736;None;0.016438715056108246;0.9917074414856603;10;20;128;128
41;2;0.0001;concept3;0.018246565936979868;None;0.02053482085662748;0.9817534340630202;10;20;128;128
42;0;0.0001;concept1;0.0235361094350295;None;0.04225249800441057;0.9764638905649705;10;20;128;128
42;1;0.0001;concept2;0.008290114673415882;None;0.0164300831954467;0.9917098853265841;10;20;128;128
42;2;0.0001;concept3;0.01796235730282109;None;0.020362242435618082;0.9820376426971789;10;20;128;128
43;0;0.0001;concept1;0.023481045691347756;None;0.04218255066206803;0.9765189543086522;10;20;128;128
43;1;0.0001;concept2;0.008282622967455083;None;0.016420759574380994;0.9917173770325449;10;20;128;128
43;2;0.0001;concept3;0.017743005413732978;None;0.02020407166340788;0.982256994586267;10;20;128;128
44;0;0.0001;concept1;0.023503176153104394;None;0.04219565840273772;0.9764968238468956;10;20;128;128
44;1;0.0001;concept2;0.008279164274067018;None;0.016428180094222585;0.991720835725933;10;20;128;128
44;2;0.0001;concept3;0.01734038457998671;None;0.01991598923896677;0.9826596154200133;10;20;128;128
45;0;0.0001;concept1;0.02345891774225121;None;0.04211523252083805;0.9765410822577488;10;20;128;128
45;1;0.0001;concept2;0.008270298691591262;None;0.01642585607468281;0.9917297013084088;10;20;128;128
45;2;0.0001;concept3;0.01678958651611249;None;0.019496024046655618;0.9832104134838875;10;20;128;128
46;0;0.0001;concept1;0.0233896939675959;None;0.042060217167918135;0.9766103060324041;10;20;128;128
46;1;0.0001;concept2;0.00824841479351608;None;0.016402420753888265;0.9917515852064839;10;20;128;128
46;2;0.0001;concept3;0.01697566727372182;None;0.019607172945147234;0.9830243327262782;10;20;128;128
47;0;0.0001;concept1;0.023360679314343068;None;0.04196843262009167;0.976639320685657;10;20;128;128
47;1;0.0001;concept2;0.008199075564064972;None;0.016346009051663675;0.991800924435935;10;20;128;128
47;2;0.0001;concept3;0.016705382904893953;None;0.01940139533716342;0.983294617095106;10;20;128;128
48;0;0.0001;concept1;0.023342587622171573;None;0.04190287193807773;0.9766574123778284;10;20;128;128
48;1;0.0001;concept2;0.008179454241013514;None;0.01630741803083694;0.9918205457589865;10;20;128;128
48;2;0.0001;concept3;0.016693554121424144;None;0.0193832791208187;0.9833064458785759;10;20;128;128
49;0;0.0001;concept1;0.023185528705961616;None;0.041745164859149676;0.9768144712940384;10;20;128;128
49;1;0.0001;concept2;0.008143179088755769;None;0.01624544168306295;0.9918568209112443;10;20;128;128
49;2;0.0001;concept3;0.016300998329006524;None;0.019119637699411916;0.9836990016709934;10;20;128;128
50;0;0.0001;concept1;0.02734881331655558;None;0.034216752646177954;0.9726511866834444;10;20;128;128
50;1;0.0001;concept2;0.002982509351032535;None;0.02260012142854918;0.9970174906489675;10;20;128;128
50;2;0.0001;concept3;0.0041755130303752505;None;0.03397685431581666;0.9958244869696248;10;20;128;128
51;0;0.0001;concept1;0.027669163799462663;None;0.03445682410885677;0.9723308362005373;10;20;128;128
51;1;0.0001;concept2;0.0027521890081308397;None;0.021696813747414136;0.9972478109918692;10;20;128;128
51;2;0.0001;concept3;0.0040241585111229754;None;0.03352153360283881;0.9959758414888771;10;20;128;128
52;0;0.0001;concept1;0.02786857424051357;None;0.03444393861829989;0.9721314257594864;10;20;128;128
52;1;0.0001;concept2;0.0025898640206324574;None;0.02103430142808024;0.9974101359793676;10;20;128;128
52;2;0.0001;concept3;0.003922796247728826;None;0.033054020711248376;0.9960772037522712;10;20;128;128
53;0;0.0001;concept1;0.026584545017767778;None;0.033407083146880553;0.9734154549822323;10;20;128;128
53;1;0.0001;concept2;0.002503479985977185;None;0.020599745115473606;0.9974965200140228;10;20;128;128
53;2;0.0001;concept3;0.003815037251130937;None;0.03247398649760748;0.996184962748869;10;20;128;128
54;0;0.0001;concept1;0.021188011090872972;None;0.02981258610355208;0.978811988909127;10;20;128;128
54;1;0.0001;concept2;0.0024694001262533846;None;0.020335341799209688;0.9975305998737466;10;20;128;128
54;2;0.0001;concept3;0.003776307919593493;None;0.03228202096312354;0.9962236920804065;10;20;128;128
55;0;0.0001;concept1;0.021110740210938266;None;0.030029777613677932;0.9788892597890617;10;20;128;128
55;1;0.0001;concept2;0.0024552635800943186;None;0.020237118022139625;0.9975447364199057;10;20;128;128
55;2;0.0001;concept3;0.0036756783410426424;None;0.03170566245345284;0.9963243216589573;10;20;128;128
56;0;0.0001;concept1;0.021342798203395224;None;0.030089351541040695;0.9786572017966048;10;20;128;128
56;1;0.0001;concept2;0.0024575903847333367;None;0.020255603923570308;0.9975424096152666;10;20;128;128
56;2;0.0001;concept3;0.0038533505288016034;None;0.03257330600596887;0.9961466494711984;10;20;128;128
57;0;0.0001;concept1;0.02099540860524528;None;0.029908344447504273;0.9790045913947547;10;20;128;128
57;1;0.0001;concept2;0.002453371112471147;None;0.02028049629468373;0.9975466288875289;10;20;128;128
57;2;0.0001;concept3;0.0035674576679977418;None;0.030823740321963316;0.9964325423320023;10;20;128;128
58;0;0.0001;concept1;0.020779908020777386;None;0.029806397086808444;0.9792200919792227;10;20;128;128
58;1;0.0001;concept2;0.002474968149254915;None;0.02039287052648855;0.997525031850745;10;20;128;128
58;2;0.0001;concept3;0.003829241616897649;None;0.03228804285160678;0.9961707583831023;10;20;128;128
59;0;0.0001;concept1;0.020926683754276792;None;0.0298079893047383;0.9790733162457232;10;20;128;128
59;1;0.0001;concept2;0.002480989550494312;None;0.02042814417666626;0.9975190104495056;10;20;128;128
59;2;0.0001;concept3;0.0038228541867162615;None;0.03224811886713761;0.9961771458132838;10;20;128;128
60;0;0.0001;concept1;0.021238357910922448;None;0.029908936026082803;0.9787616420890776;10;20;128;128
60;1;0.0001;concept2;0.002483036179968225;None;0.02046192799661314;0.9975169638200317;10;20;128;128
60;2;0.0001;concept3;0.0036241101478984195;None;0.03126312972000087;0.9963758898521016;10;20;128;128
61;0;0.0001;concept1;0.021474765191588308;None;0.029982975232941862;0.9785252348084117;10;20;128;128
61;1;0.0001;concept2;0.00248702101093595;None;0.020498239422487834;0.9975129789890641;10;20;128;128
61;2;0.0001;concept3;0.00336595059696456;None;0.029672800383889114;0.9966340494030355;10;20;128;128
62;0;0.0001;concept1;0.021197297765606714;None;0.02985395845446401;0.9788027022343933;10;20;128;128
62;1;0.0001;concept2;0.0025153107932989116;None;0.020609571177228517;0.9974846892067011;10;20;128;128
62;2;0.0001;concept3;0.003339777227437715;None;0.029517364532258842;0.9966602227725623;10;20;128;128
63;0;0.0001;concept1;0.021189905323136093;None;0.029828780287525013;0.9788100946768639;10;20;128;128
63;1;0.0001;concept2;0.002532316296202974;None;0.020673804730182453;0.997467683703797;10;20;128;128
63;2;0.0001;concept3;0.003323495285376582;None;0.029375553715331962;0.9966765047146234;10;20;128;128
64;0;0.0001;concept1;0.021293311996452836;None;0.02983894128348535;0.9787066880035472;10;20;128;128
64;1;0.0001;concept2;0.00253885557363607;None;0.020684108931983268;0.9974611444263639;10;20;128;128
64;2;0.0001;concept3;0.003298217729098316;None;0.029378089587381712;0.9967017822709017;10;20;128;128
65;0;0.0001;concept1;0.021434223624803544;None;0.029951777560711434;0.9785657763751965;10;20;128;128
65;1;0.0001;concept2;0.002530736581850239;None;0.02063692242625697;0.9974692634181498;10;20;128;128
65;2;0.0001;concept3;0.0032625639794030916;None;0.028994175219694378;0.996737436020597;10;20;128;128
66;0;0.0001;concept1;0.02152817604086604;None;0.029935874582901867;0.978471823959134;10;20;128;128
66;1;0.0001;concept2;0.002532593919831878;None;0.020612611813950427;0.9974674060801682;10;20;128;128
66;2;0.0001;concept3;0.0032543812267626687;None;0.028823684971941762;0.9967456187732373;10;20;128;128
67;0;0.0001;concept1;0.021502718686406873;None;0.029994695512139423;0.9784972813135931;10;20;128;128
67;1;0.0001;concept2;0.002540116093383608;None;0.020607160791006787;0.9974598839066164;10;20;128;128
67;2;0.0001;concept3;0.0032298534713113658;None;0.028686257692575885;0.9967701465286887;10;20;128;128
68;0;0.0001;concept1;0.021372860298017216;None;0.029953703758685852;0.9786271397019828;10;20;128;128
68;1;0.0001;concept2;0.0025425216684172984;None;0.02059156690649092;0.9974574783315827;10;20;128;128
68;2;0.0001;concept3;0.0032155417709381516;None;0.028548835086317705;0.9967844582290618;10;20;128;128
69;0;0.0001;concept1;0.02160200437043714;None;0.030019696015435755;0.9783979956295629;10;20;128;128
69;1;0.0001;concept2;0.0025370840249008732;None;0.02056694779644684;0.9974629159750992;10;20;128;128
69;2;0.0001;concept3;0.0032479765640536797;None;0.028806675672645478;0.9967520234359463;10;20;128;128
70;0;0.0001;concept1;0.021729086606774774;None;0.030219026789875727;0.9782709133932252;10;20;128;128
70;1;0.0001;concept2;0.002538453002435301;None;0.020564244400269;0.9974615469975647;10;20;128;128
70;2;0.0001;concept3;0.0033922412628321777;None;0.029458631411223495;0.9966077587371678;10;20;128;128
71;0;0.0001;concept1;0.02170644521390578;None;0.030204918247254117;0.9782935547860943;10;20;128;128
71;1;0.0001;concept2;0.002525875319351911;None;0.020485797466589194;0.9974741246806481;10;20;128;128
71;2;0.0001;concept3;0.0032714188339933734;None;0.02853960939647005;0.9967285811660066;10;20;128;128
72;0;0.0001;concept1;0.021526558972377687;None;0.030159274969003325;0.9784734410276223;10;20;128;128
72;1;0.0001;concept2;0.002535591749842339;None;0.020470983348627847;0.9974644082501577;10;20;128;128
72;2;0.0001;concept3;0.0032453174462788587;None;0.028424297335139712;0.9967546825537211;10;20;128;128
73;0;0.0001;concept1;0.021637883729997306;None;0.030285543259478038;0.9783621162700027;10;20;128;128
73;1;0.0001;concept2;0.0025231292697852556;None;0.020377478502011135;0.9974768707302147;10;20;128;128
73;2;0.0001;concept3;0.003328966248798793;None;0.02898991127305465;0.9966710337512013;10;20;128;128
74;0;0.0001;concept1;0.022220408633919345;None;0.030700806741538644;0.9777795913660806;10;20;128;128
74;1;0.0001;concept2;0.002499567876104448;None;0.020240490506198465;0.9975004321238955;10;20;128;128
74;2;0.0001;concept3;0.003467763438764505;None;0.02977935134354814;0.9965322365612355;10;20;128;128
75;0;0.0001;concept1;0.022069584529291243;None;0.030542101302308094;0.9779304154707088;10;20;128;128
75;1;0.0001;concept2;0.002475750988834247;None;0.020108872194960617;0.9975242490111658;10;20;128;128
75;2;0.0001;concept3;0.003211690042716595;None;0.028269807808135587;0.9967883099572834;10;20;128;128
76;0;0.0001;concept1;0.022160109872297547;None;0.03071326885781523;0.9778398901277024;10;20;128;128
76;1;0.0001;concept2;0.002491107782469502;None;0.0201707560863749;0.9975088922175305;10;20;128;128
76;2;0.0001;concept3;0.00323181722617663;None;0.028306102575897198;0.9967681827738234;10;20;128;128
77;0;0.0001;concept1;0.022404334228529485;None;0.030820614694314758;0.9775956657714705;10;20;128;128
77;1;0.0001;concept2;0.0024909065156050454;None;0.020138595275855424;0.997509093484395;10;20;128;128
77;2;0.0001;concept3;0.0031944647429390724;None;0.028145735904841224;0.996805535257061;10;20;128;128
78;0;0.0001;concept1;0.022560633021919272;None;0.03093433601623285;0.9774393669780808;10;20;128;128
78;1;0.0001;concept2;0.0024958941465480504;None;0.02012069357039519;0.997504105853452;10;20;128;128
78;2;0.0001;concept3;0.0032461877041447505;None;0.02831427970164948;0.9967538122958552;10;20;128;128
79;0;0.0001;concept1;0.022554332359369808;None;0.03091681159504012;0.9774456676406302;10;20;128;128
79;1;0.0001;concept2;0.002508210045582946;None;0.020133126673886784;0.997491789954417;10;20;128;128
79;2;0.0001;concept3;0.003263320501629648;None;0.028349207971449568;0.9967366794983703;10;20;128;128
80;0;0.0001;concept1;0.0252001870295369;None;0.032393291263787;0.9747998129704631;10;20;128;128
80;1;0.0001;concept2;0.0025161462285177632;None;0.020115417850268866;0.9974838537714822;10;20;128;128
80;2;0.0001;concept3;0.003254318702241571;None;0.028307989942506006;0.9967456812977584;10;20;128;128
81;0;0.0001;concept1;0.02214274084010347;None;0.030638161862022305;0.9778572591598965;10;20;128;128
81;1;0.0001;concept2;0.0025195979294200047;None;0.020088300089372603;0.99748040207058;10;20;128;128
81;2;0.0001;concept3;0.003241973599455204;None;0.02839189274667365;0.9967580264005448;10;20;128;128
82;0;0.0001;concept1;0.027161328409499072;None;0.03366454334601361;0.972838671590501;10;20;128;128
82;1;0.0001;concept2;0.0025178953520018934;None;0.020012198398890745;0.9974821046479981;10;20;128;128
82;2;0.0001;concept3;0.0032410242228467635;None;0.02830138578480394;0.9967589757771532;10;20;128;128
83;0;0.0001;concept1;0.026397296577001447;None;0.03308643753041272;0.9736027034229986;10;20;128;128
83;1;0.0001;concept2;0.0025213140513122632;None;0.019954735899566544;0.9974786859486877;10;20;128;128
83;2;0.0001;concept3;0.0032410082670362066;None;0.02840210429970212;0.9967589917329638;10;20;128;128
84;0;0.0001;concept1;0.026515224087190137;None;0.03328102706282969;0.9734847759128099;10;20;128;128
84;1;0.0001;concept2;0.002515632291896426;None;0.019868332727472897;0.9974843677081036;10;20;128;128
84;2;0.0001;concept3;0.003224857162127988;None;0.028412261319595577;0.996775142837872;10;20;128;128
85;0;0.0001;concept1;0.027551398313567763;None;0.033867866894544144;0.9724486016864322;10;20;128;128
85;1;0.0001;concept2;0.002515282449776405;None;0.01980424839182422;0.9974847175502236;10;20;128;128
85;2;0.0001;concept3;0.0032440749630086863;None;0.028463881848811615;0.9967559250369913;10;20;128;128
86;0;0.0001;concept1;0.027564836701471588;None;0.03382858544839804;0.9724351632985284;10;20;128;128
86;1;0.0001;concept2;0.0025161520944448727;None;0.019756413804994565;0.9974838479055551;10;20;128;128
86;2;0.0001;concept3;0.0032229986207665856;None;0.028561718315969126;0.9967770013792334;10;20;128;128
87;0;0.0001;concept1;0.02766568978418672;None;0.033974898409771394;0.9723343102158133;10;20;128;128
87;1;0.0001;concept2;0.0025180545725613027;None;0.01970981512739862;0.9974819454274387;10;20;128;128
87;2;0.0001;concept3;0.003220279338865621;None;0.028585981578751425;0.9967797206611344;10;20;128;128
88;0;0.0001;concept1;0.027702735819589187;None;0.033982159643206285;0.9722972641804108;10;20;128;128
88;1;0.0001;concept2;0.0025152990468557154;None;0.019640133837740964;0.9974847009531442;10;20;128;128
88;2;0.0001;concept3;0.003218473750006024;None;0.02865722143950083;0.9967815262499939;10;20;128;128
89;0;0.0001;concept1;0.027895790855437395;None;0.03405570261628734;0.9721042091445626;10;20;128;128
89;1;0.0001;concept2;0.002510210970716983;None;0.019570285657411226;0.997489789029283;10;20;128;128
89;2;0.0001;concept3;0.0032316262528286847;None;0.02882161925516187;0.9967683737471713;10;20;128;128
90;0;0.0001;concept1;0.02806270268686891;None;0.03415742691730942;0.971937297313131;10;20;128;128
90;1;0.0001;concept2;0.0025011931171623663;None;0.01950499516164807;0.9974988068828377;10;20;128;128
90;2;0.0001;concept3;0.0032624181752996697;None;0.029101259726345044;0.9967375818247003;10;20;128;128
91;0;0.0001;concept1;0.028579948247874357;None;0.03448684327665329;0.9714200517521256;10;20;128;128
91;1;0.0001;concept2;0.002491523637190504;None;0.019430286270839533;0.9975084763628095;10;20;128;128
91;2;0.0001;concept3;0.003250613811215217;None;0.029098871971491372;0.9967493861887848;10;20;128;128
92;0;0.0001;concept1;0.02847305926563543;None;0.03446393671834628;0.9715269407343645;10;20;128;128
92;1;0.0001;concept2;0.0024769177508539102;None;0.019349784179321605;0.9975230822491461;10;20;128;128
92;2;0.0001;concept3;0.0032550694524081524;None;0.02918236472061769;0.9967449305475918;10;20;128;128
93;0;0.0001;concept1;0.02876586837663947;None;0.03460880996798735;0.9712341316233606;10;20;128;128
93;1;0.0001;concept2;0.002461799185509405;None;0.019248861959019023;0.9975382008144906;10;20;128;128
93;2;0.0001;concept3;0.0032394673042787044;None;0.02914584401825794;0.9967605326957213;10;20;128;128
94;0;0.0001;concept1;0.02866126808263599;None;0.03462721428220529;0.971338731917364;10;20;128;128
94;1;0.0001;concept2;0.0024479615589222373;None;0.0191480885157599;0.9975520384410778;10;20;128;128
94;2;0.0001;concept3;0.003238129886355028;None;0.029194368105679394;0.9967618701136449;10;20;128;128
95;0;0.0001;concept1;0.028810279836551503;None;0.03474906068792742;0.9711897201634485;10;20;128;128
95;1;0.0001;concept2;0.002433153701331528;None;0.019063760926507488;0.9975668462986684;10;20;128;128
95;2;0.0001;concept3;0.0032407069749852417;None;0.02930510360978305;0.9967592930250148;10;20;128;128
96;0;0.0001;concept1;0.02859402209583546;None;0.034671312427025786;0.9714059779041645;10;20;128;128
96;1;0.0001;concept2;0.0024086493156927767;None;0.018967004054607026;0.9975913506843073;10;20;128;128
96;2;0.0001;concept3;0.003235725339636348;None;0.029400362268828712;0.9967642746603637;10;20;128;128
97;0;0.0001;concept1;0.028890322122622564;None;0.034811979469868526;0.9711096778773775;10;20;128;128
97;1;0.0001;concept2;0.0023923803509203903;None;0.018875306561325713;0.9976076196490796;10;20;128;128
97;2;0.0001;concept3;0.003236359221361824;None;0.02955156656048737;0.9967636407786382;10;20;128;128
98;0;0.0001;concept1;0.029146540057289776;None;0.03497582394302196;0.9708534599427102;10;20;128;128
98;1;0.0001;concept2;0.002372957757051742;None;0.018799948614548395;0.9976270422429483;10;20;128;128
98;2;0.0001;concept3;0.0032187821602355842;None;0.029541933660098725;0.9967812178397644;10;20;128;128
99;0;0.0001;concept1;0.028845273594172785;None;0.03482057531142651;0.9711547264058272;10;20;128;128
99;1;0.0001;concept2;0.002356209101768416;None;0.01873078964835368;0.9976437908982316;10;20;128;128
99;2;0.0001;concept3;0.0031805715485197844;None;0.02941825137207899;0.9968194284514802;10;20;128;128
100;0;0.0001;concept1;0.026588239648616757;None;0.040461462753956796;0.9734117603513832;10;20;128;128
100;1;0.0001;concept2;0.005151083863856977;None;0.012429093156765839;0.994848916136143;10;20;128;128
100;2;0.0001;concept3;0.13432751769884435;None;0.1463885318414227;0.8656724823011557;10;20;128;128
101;0;0.0001;concept1;0.026040718049705272;None;0.04030689155724663;0.9739592819502947;10;20;128;128
101;1;0.0001;concept2;0.005163788557008255;None;0.012472365378604145;0.9948362114429917;10;20;128;128
101;2;0.0001;concept3;0.11878065795156863;None;0.13762820475750906;0.8812193420484313;10;20;128;128
102;0;0.0001;concept1;0.026144858207581945;None;0.04032076855782069;0.973855141792418;10;20;128;128
102;1;0.0001;concept2;0.004762933204429692;None;0.011860764533035358;0.9952370667955703;10;20;128;128
102;2;0.0001;concept3;0.11093644951597811;None;0.12981338897130965;0.8890635504840219;10;20;128;128
103;0;0.0001;concept1;0.027275838918563444;None;0.04020086389867162;0.9727241610814366;10;20;128;128
103;1;0.0001;concept2;0.005182690676330005;None;0.012392018877954727;0.99481730932367;10;20;128;128
103;2;0.0001;concept3;0.11797972877744885;None;0.13984632201526426;0.8820202712225511;10;20;128;128
104;0;0.0001;concept1;0.0276028794801828;None;0.040402439023305016;0.9723971205198172;10;20;128;128
104;1;0.0001;concept2;0.005024104137349826;None;0.012159026551745635;0.9949758958626502;10;20;128;128
104;2;0.0001;concept3;0.1118897356481424;None;0.13547017371714945;0.8881102643518576;10;20;128;128
105;0;0.0001;concept1;0.027246262757213358;None;0.03978690354280215;0.9727537372427867;10;20;128;128
105;1;0.0001;concept2;0.005163731319435942;None;0.012338613394117768;0.9948362686805641;10;20;128;128
105;2;0.0001;concept3;0.11361749900108395;None;0.13864961596581724;0.886382500998916;10;20;128;128
106;0;0.0001;concept1;0.026769397149752953;None;0.03976989172023836;0.9732306028502471;10;20;128;128
106;1;0.0001;concept2;0.005580509559312214;None;0.01288766878516406;0.9944194904406878;10;20;128;128
106;2;0.0001;concept3;0.11347792714411213;None;0.13897440838031339;0.8865220728558879;10;20;128;128
107;0;0.0001;concept1;0.027733754001860317;None;0.04025152944503457;0.9722662459981397;10;20;128;128
107;1;0.0001;concept2;0.005227018116973307;None;0.01237350349969167;0.9947729818830267;10;20;128;128
107;2;0.0001;concept3;0.11163529996599984;None;0.13767035603422675;0.8883647000340001;10;20;128;128
108;0;0.0001;concept1;0.027977766178127028;None;0.04026680560781022;0.9720222338218729;10;20;128;128
108;1;0.0001;concept2;0.0056257697847651505;None;0.0129249938307688;0.9943742302152349;10;20;128;128
108;2;0.0001;concept3;0.1088968851095713;None;0.13651953916979004;0.8911031148904287;10;20;128;128
109;0;0.0001;concept1;0.028838531740026242;None;0.040227485314465614;0.9711614682599737;10;20;128;128
109;1;0.0001;concept2;0.005694507111065629;None;0.013026715702664038;0.9943054928889343;10;20;128;128
109;2;0.0001;concept3;0.10638052401388813;None;0.13484013294667138;0.8936194759861119;10;20;128;128
110;0;0.0001;concept1;0.028517049398348322;None;0.040306372912564774;0.9714829506016517;10;20;128;128
110;1;0.0001;concept2;0.005280572762856047;None;0.012463676354706835;0.9947194272371439;10;20;128;128
110;2;0.0001;concept3;0.10425707765817689;None;0.13238617822005827;0.8957429223418231;10;20;128;128
111;0;0.0001;concept1;0.02815824096431953;None;0.0401670796701686;0.9718417590356805;10;20;128;128
111;1;0.0001;concept2;0.005095289937887525;None;0.012144985403231078;0.9949047100621125;10;20;128;128
111;2;0.0001;concept3;0.10245357884578828;None;0.13046757558733102;0.8975464211542117;10;20;128;128
112;0;0.0001;concept1;0.028452987867566126;None;0.040067040371515046;0.9715470121324339;10;20;128;128
112;1;0.0001;concept2;0.005031007200230896;None;0.01181471309572535;0.9949689927997691;10;20;128;128
112;2;0.0001;concept3;0.103025074032495;None;0.13003305719724156;0.896974925967505;10;20;128;128
113;0;0.0001;concept1;0.02858918977978098;None;0.04012086242339189;0.971410810220219;10;20;128;128
113;1;0.0001;concept2;0.005135536851770859;None;0.011860751060735022;0.9948644631482292;10;20;128;128
113;2;0.0001;concept3;0.10322352660347647;None;0.12900582085622195;0.8967764733965236;10;20;128;128
114;0;0.0001;concept1;0.028401571335633823;None;0.03992333881050783;0.9715984286643662;10;20;128;128
114;1;0.0001;concept2;0.0062473678884860636;None;0.013900529013248923;0.993752632111514;10;20;128;128
114;2;0.0001;concept3;0.10211224383490909;None;0.11989281239267709;0.8978877561650909;10;20;128;128
115;0;0.0001;concept1;0.030429816536933326;None;0.04085833675126747;0.9695701834630667;10;20;128;128
115;1;0.0001;concept2;0.0051767743662487434;None;0.01215589168067965;0.9948232256337513;10;20;128;128
115;2;0.0001;concept3;0.16281056380957962;None;0.17391087310981412;0.8371894361904204;10;20;128;128
116;0;0.0001;concept1;0.02995564019502618;None;0.04018271517816687;0.9700443598049738;10;20;128;128
116;1;0.0001;concept2;0.005044836445920205;None;0.011816579900595063;0.9949551635540798;10;20;128;128
116;2;0.0001;concept3;0.1028959047849884;None;0.12667805477419533;0.8971040952150116;10;20;128;128
117;0;0.0001;concept1;0.02865553555085718;None;0.040232165102775934;0.9713444644491428;10;20;128;128
117;1;0.0001;concept2;0.009544313528536904;None;0.0180059623316905;0.9904556864714631;10;20;128;128
117;2;0.0001;concept3;0.10238499574558074;None;0.12592312593774374;0.8976150042544193;10;20;128;128
118;0;0.0001;concept1;0.03021135999607464;None;0.04102976019945608;0.9697886400039254;10;20;128;128
118;1;0.0001;concept2;0.005095235308236271;None;0.011951871508194975;0.9949047646917637;10;20;128;128
118;2;0.0001;concept3;0.10350792521997348;None;0.12642496097607525;0.8964920747800265;10;20;128;128
119;0;0.0001;concept1;0.028781096646192304;None;0.04017658948408514;0.9712189033538077;10;20;128;128
119;1;0.0001;concept2;0.011100935844181885;None;0.019779064219047238;0.9888990641558181;10;20;128;128
119;2;0.0001;concept3;0.10267881000401535;None;0.12516945861264886;0.8973211899959846;10;20;128;128
120;0;0.0001;concept1;0.030816064910934006;None;0.04082302305763841;0.969183935089066;10;20;128;128
120;1;0.0001;concept2;0.0052174993087658085;None;0.012219099295010865;0.9947825006912342;10;20;128;128
120;2;0.0001;concept3;0.10299163470217329;None;0.1249826975259605;0.8970083652978267;10;20;128;128
121;0;0.0001;concept1;0.02857192152574219;None;0.03978998013889993;0.9714280784742578;10;20;128;128
121;1;0.0001;concept2;0.00960057151971739;None;0.017990315577688973;0.9903994284802826;10;20;128;128
121;2;0.0001;concept3;0.10220032219587302;None;0.12414539913557113;0.897799677804127;10;20;128;128
122;0;0.0001;concept1;0.02915946464711104;None;0.03985405839264386;0.970840535352889;10;20;128;128
122;1;0.0001;concept2;0.005972767870446161;None;0.01331890402654314;0.9940272321295538;10;20;128;128
122;2;0.0001;concept3;0.10209813901617719;None;0.1235627308700532;0.8979018609838229;10;20;128;128
123;0;0.0001;concept1;0.028150780092758492;None;0.039861065505685814;0.9718492199072415;10;20;128;128
123;1;0.0001;concept2;0.010563152436374458;None;0.019063390050410786;0.9894368475636255;10;20;128;128
123;2;0.0001;concept3;0.10250901155261821;None;0.12359182557281946;0.8974909884473818;10;20;128;128
124;0;0.0001;concept1;0.03003204205812177;None;0.040248549315008916;0.9699679579418782;10;20;128;128
124;1;0.0001;concept2;0.006179372066689929;None;0.013588181704538658;0.99382062793331;10;20;128;128
124;2;0.0001;concept3;0.10384589078320569;None;0.12429293621506708;0.8961541092167943;10;20;128;128
125;0;0.0001;concept1;0.02948767942389529;None;0.04018049575765294;0.9705123205761047;10;20;128;128
125;1;0.0001;concept2;0.009103839826010884;None;0.017299547630041368;0.9908961601739891;10;20;128;128
125;2;0.0001;concept3;0.10447991621810292;None;0.12404499582834973;0.8955200837818971;10;20;128;128
126;0;0.0001;concept1;0.02943200120378805;None;0.040398492017760614;0.9705679987962119;10;20;128;128
126;1;0.0001;concept2;0.01086231531566685;None;0.01935345647291443;0.9891376846843332;10;20;128;128
126;2;0.0001;concept3;0.10517054986431637;None;0.12381088216477149;0.8948294501356836;10;20;128;128
127;0;0.0001;concept1;0.02799127717365056;None;0.0400731163239911;0.9720087228263494;10;20;128;128
127;1;0.0001;concept2;0.011181045036514757;None;0.019709437607134173;0.9888189549634853;10;20;128;128
127;2;0.0001;concept3;0.10589283504925276;None;0.12398401686605034;0.8941071649507473;10;20;128;128
128;0;0.0001;concept1;0.027410407918123346;None;0.039567985396816954;0.9725895920818767;10;20;128;128
128;1;0.0001;concept2;0.007863433500841411;None;0.015774124818296327;0.9921365664991586;10;20;128;128
128;2;0.0001;concept3;0.1070129429943124;None;0.12457685491391556;0.8929870570056876;10;20;128;128
129;0;0.0001;concept1;0.02939820575726179;None;0.040163917979282454;0.9706017942427382;10;20;128;128
129;1;0.0001;concept2;0.01136590230673002;None;0.019857784277176924;0.9886340976932699;10;20;128;128
129;2;0.0001;concept3;0.10664978053046066;None;0.12387754432668756;0.8933502194695393;10;20;128;128
130;0;0.0001;concept1;0.028627499613367604;None;0.039864266239093886;0.9713725003866324;10;20;128;128
130;1;0.0001;concept2;0.011192736554899564;None;0.019648567399383737;0.9888072634451004;10;20;128;128
130;2;0.0001;concept3;0.1074111892354103;None;0.12376186930915505;0.8925888107645897;10;20;128;128
131;0;0.0001;concept1;0.027483030915698533;None;0.03939353045380715;0.9725169690843015;10;20;128;128
131;1;0.0001;concept2;0.011258200189450722;None;0.019714451807805906;0.9887417998105493;10;20;128;128
131;2;0.0001;concept3;0.10758445674399279;None;0.1231202704483513;0.8924155432560072;10;20;128;128
132;0;0.0001;concept1;0.027709207212377088;None;0.039400864602892376;0.9722907927876229;10;20;128;128
132;1;0.0001;concept2;0.01112713925141809;None;0.01955145352329422;0.9888728607485819;10;20;128;128
132;2;0.0001;concept3;0.1101754023111115;None;0.12468732593818842;0.8898245976888886;10;20;128;128
133;0;0.0001;concept1;0.026966090796019273;None;0.03930224054551205;0.9730339092039807;10;20;128;128
133;1;0.0001;concept2;0.01153166949350287;None;0.020007687223072133;0.9884683305064972;10;20;128;128
133;2;0.0001;concept3;0.11004456167384942;None;0.12445781824700035;0.8899554383261505;10;20;128;128
134;0;0.0001;concept1;0.026550477790741454;None;0.039269718174899354;0.9734495222092585;10;20;128;128
134;1;0.0001;concept2;0.01145510895085776;None;0.01990746254967893;0.9885448910491422;10;20;128;128
134;2;0.0001;concept3;0.11049199727502167;None;0.12466288101226002;0.8895080027249783;10;20;128;128
135;0;0.0001;concept1;0.028046833814959687;None;0.04028495452173664;0.9719531661850404;10;20;128;128
135;1;0.0001;concept2;0.011674133954320333;None;0.020160066370263414;0.9883258660456796;10;20;128;128
135;2;0.0001;concept3;0.10988492903492725;None;0.12453360488470198;0.8901150709650728;10;20;128;128
136;0;0.0001;concept1;0.026982971201147666;None;0.039047327807897395;0.9730170287988523;10;20;128;128
136;1;0.0001;concept2;0.011147059048168111;None;0.019578391228322542;0.9888529409518318;10;20;128;128
136;2;0.0001;concept3;0.11035768192314828;None;0.12452705371036865;0.8896423180768517;10;20;128;128
137;0;0.0001;concept1;0.027877952030316247;None;0.04021212942733778;0.9721220479696837;10;20;128;128
137;1;0.0001;concept2;0.01135455394332984;None;0.019796993936900553;0.9886454460566702;10;20;128;128
137;2;0.0001;concept3;0.11049184352056046;None;0.12452307959926057;0.8895081564794396;10;20;128;128
138;0;0.0001;concept1;0.028530502657113845;None;0.040454361060703985;0.9714694973428861;10;20;128;128
138;1;0.0001;concept2;0.011354556926656439;None;0.019798635221467027;0.9886454430733436;10;20;128;128
138;2;0.0001;concept3;0.10960706506394145;None;0.1238196857784181;0.8903929349360585;10;20;128;128
139;0;0.0001;concept1;0.026391433368262565;None;0.03925162207225212;0.9736085666317374;10;20;128;128
139;1;0.0001;concept2;0.011540304830635246;None;0.020009663091654518;0.9884596951693647;10;20;128;128
139;2;0.0001;concept3;0.11002601282511544;None;0.1232012518808449;0.8899739871748846;10;20;128;128
140;0;0.0001;concept1;0.02597220351532811;None;0.0387392980368047;0.9740277964846719;10;20;128;128
140;1;0.0001;concept2;0.011970593908881616;None;0.020503300072073724;0.9880294060911183;10;20;128;128
140;2;0.0001;concept3;0.10961400533460089;None;0.122566939041965;0.8903859946653991;10;20;128;128
141;0;0.0001;concept1;0.026336489341843388;None;0.038921133285040786;0.9736635106581566;10;20;128;128
141;1;0.0001;concept2;0.011589569807203513;None;0.02008498085918567;0.9884104301927965;10;20;128;128
141;2;0.0001;concept3;0.10957649156986587;None;0.12212159847005363;0.8904235084301342;10;20;128;128
142;0;0.0001;concept1;0.02717814480128504;None;0.039134955635689896;0.972821855198715;10;20;128;128
142;1;0.0001;concept2;0.011296269453353498;None;0.01977043984530425;0.9887037305466465;10;20;128;128
142;2;0.0001;concept3;0.10993443122307545;None;0.12193449279252182;0.8900655687769246;10;20;128;128
143;0;0.0001;concept1;0.02866395058276011;None;0.039949559076925684;0.9713360494172398;10;20;128;128
143;1;0.0001;concept2;0.009762225590081195;None;0.018033938726681888;0.9902377744099188;10;20;128;128
143;2;0.0001;concept3;0.11117375102731882;None;0.1219996469614541;0.8888262489726811;10;20;128;128
144;0;0.0001;concept1;0.02843015954573048;None;0.039663045331620975;0.9715698404542695;10;20;128;128
144;1;0.0001;concept2;0.010317871057188868;None;0.0187525246384464;0.9896821289428112;10;20;128;128
144;2;0.0001;concept3;0.11247347450609929;None;0.12223106209695456;0.8875265254939007;10;20;128;128
145;0;0.0001;concept1;0.02642589435814429;None;0.03848776830983516;0.9735741056418558;10;20;128;128
145;1;0.0001;concept2;0.010583708705277237;None;0.019111398545744566;0.9894162912947227;10;20;128;128
145;2;0.0001;concept3;0.11292834080966718;None;0.12183944520470025;0.8870716591903328;10;20;128;128
146;0;0.0001;concept1;0.02539474677841709;None;0.038601501312183116;0.9746052532215829;10;20;128;128
146;1;0.0001;concept2;0.01137732565751112;None;0.02007460944894767;0.9886226743424888;10;20;128;128
146;2;0.0001;concept3;0.11362085455008998;None;0.12157905107981493;0.88637914544991;10;20;128;128
147;0;0.0001;concept1;0.025270153646316643;None;0.03878399287476437;0.9747298463536833;10;20;128;128
147;1;0.0001;concept2;0.011637035809708098;None;0.020402430238738237;0.9883629641902919;10;20;128;128
147;2;0.0001;concept3;0.11815776878556893;None;0.12320800291102785;0.8818422312144311;10;20;128;128
148;0;0.0001;concept1;0.028079306068771268;None;0.03954298362243503;0.9719206939312287;10;20;128;128
148;1;0.0001;concept2;0.012966591587827946;None;0.021931959559610872;0.987033408412172;10;20;128;128
148;2;0.0001;concept3;0.11526298283566036;None;0.12212146386231233;0.8847370171643396;10;20;128;128
149;0;0.0001;concept1;0.027812101568355747;None;0.03975373655507938;0.9721878984316442;10;20;128;128
149;1;0.0001;concept2;0.008170582170771162;None;0.016303599083933928;0.9918294178292288;10;20;128;128
149;2;0.0001;concept3;0.11598614434203484;None;0.12216773690361499;0.8840138556579652;10;20;128;128
150;0;0.0001;concept1;0.017954186186399795;None;0.034075850867078275;0.9820458138136002;10;20;128;128
150;1;0.0001;concept2;0.001682793613449751;None;0.013673315151547568;0.9983172063865503;10;20;128;128
150;2;0.0001;concept3;0.3792887054826738;None;0.06762957495296945;0.6207112945173262;10;20;128;128
151;0;0.0001;concept1;0.01771674020245208;None;0.033941289288404765;0.9822832597975479;10;20;128;128
151;1;0.0001;concept2;0.001627644116186558;None;0.013415547027080098;0.9983723558838135;10;20;128;128
151;2;0.0001;concept3;0.33995644006647957;None;0.06590927396489624;0.6600435599335204;10;20;128;128
152;0;0.0001;concept1;0.01795694997834617;None;0.03415827956409688;0.9820430500216538;10;20;128;128
152;1;0.0001;concept2;0.0015904625501308252;None;0.013276990987417874;0.9984095374498692;10;20;128;128
152;2;0.0001;concept3;0.30518802895964364;None;0.06366991934151556;0.6948119710403563;10;20;128;128
153;0;0.0001;concept1;0.01735603651097861;None;0.03367064472940909;0.9826439634890214;10;20;128;128
153;1;0.0001;concept2;0.0015622962768535138;None;0.013168806710092457;0.9984377037231464;10;20;128;128
153;2;0.0001;concept3;0.307096575670469;None;0.06398900284474578;0.692903424329531;10;20;128;128
154;0;0.0001;concept1;0.0178744046104367;None;0.03412694061104844;0.9821255953895633;10;20;128;128
154;1;0.0001;concept2;0.0015314054487554037;None;0.013061115361664296;0.9984685945512446;10;20;128;128
154;2;0.0001;concept3;0.3219002467906523;None;0.06536310883448868;0.6780997532093477;10;20;128;128
155;0;0.0001;concept1;0.017780040016090487;None;0.034041944099178365;0.9822199599839095;10;20;128;128
155;1;0.0001;concept2;0.0015094515247821437;None;0.012962987698642887;0.9984905484752179;10;20;128;128
155;2;0.0001;concept3;0.3429566743394851;None;0.06744543459589353;0.6570433256605148;10;20;128;128
156;0;0.0001;concept1;0.017997245791450064;None;0.03418564940906739;0.98200275420855;10;20;128;128
156;1;0.0001;concept2;0.0014931582768038807;None;0.012877055828063647;0.9985068417231961;10;20;128;128
156;2;0.0001;concept3;0.34908987880955955;None;0.06775407869292953;0.6509101211904404;10;20;128;128
157;0;0.0001;concept1;0.018246374792627605;None;0.034310848516419634;0.9817536252073724;10;20;128;128
157;1;0.0001;concept2;0.0014831026072892749;None;0.01282652834386146;0.9985168973927108;10;20;128;128
157;2;0.0001;concept3;0.35956761668482484;None;0.0682263504890488;0.6404323833151752;10;20;128;128
158;0;0.0001;concept1;0.0183925524276884;None;0.03438262266623722;0.9816074475723116;10;20;128;128
158;1;0.0001;concept2;0.0014762203074993056;None;0.012800270092409777;0.9985237796925007;10;20;128;128
158;2;0.0001;concept3;0.36117117942899235;None;0.0676767925752093;0.6388288205710076;10;20;128;128
159;0;0.0001;concept1;0.01827057707411045;None;0.03422614559868948;0.9817294229258895;10;20;128;128
159;1;0.0001;concept2;0.0014708206951518554;None;0.012795981608870109;0.9985291793048482;10;20;128;128
159;2;0.0001;concept3;0.378720890107641;None;0.06866316223965827;0.6212791098923591;10;20;128;128
160;0;0.0001;concept1;0.01847062907029389;None;0.03432422002140972;0.9815293709297062;10;20;128;128
160;1;0.0001;concept2;0.001469339043481472;None;0.012810129772690413;0.9985306609565185;10;20;128;128
160;2;0.0001;concept3;0.3798921338527262;None;0.0687541092228966;0.6201078661472738;10;20;128;128
161;0;0.0001;concept1;0.01850347871678917;None;0.034312547994699814;0.9814965212832109;10;20;128;128
161;1;0.0001;concept2;0.001468213885648803;None;0.012812482995944367;0.9985317861143512;10;20;128;128
161;2;0.0001;concept3;0.38303796670807383;None;0.06898178080787612;0.6169620332919261;10;20;128;128
162;0;0.0001;concept1;0.018558127859094192;None;0.03438272400653926;0.9814418721409058;10;20;128;128
162;1;0.0001;concept2;0.0014649902307112862;None;0.012810658452818589;0.9985350097692887;10;20;128;128
162;2;0.0001;concept3;0.395291746398863;None;0.06968213058713861;0.604708253601137;10;20;128;128
163;0;0.0001;concept1;0.018543717248524962;None;0.03448736125504839;0.981456282751475;10;20;128;128
163;1;0.0001;concept2;0.0014614092312272985;None;0.012804998905661518;0.9985385907687727;10;20;128;128
163;2;0.0001;concept3;0.4002933754738727;None;0.06981780217534812;0.5997066245261273;10;20;128;128
164;0;0.0001;concept1;0.018398003119889147;None;0.03447577313389883;0.9816019968801108;10;20;128;128
164;1;0.0001;concept2;0.0014595796900085602;None;0.012794309081372137;0.9985404203099915;10;20;128;128
164;2;0.0001;concept3;0.4099403132056032;None;0.0703848825946927;0.5900596867943968;10;20;128;128
165;0;0.0001;concept1;0.0186078647320142;None;0.034658725798731894;0.9813921352679857;10;20;128;128
165;1;0.0001;concept2;0.0014547439239610967;None;0.01278769060185526;0.998545256076039;10;20;128;128
165;2;0.0001;concept3;0.4123743304812882;None;0.07044916469519598;0.5876256695187119;10;20;128;128
166;0;0.0001;concept1;0.018513445416636177;None;0.034618466630326805;0.9814865545833639;10;20;128;128
166;1;0.0001;concept2;0.0014542845353710289;None;0.012813874513220046;0.998545715464629;10;20;128;128
166;2;0.0001;concept3;0.41800882521388233;None;0.07091738612474364;0.5819911747861176;10;20;128;128
167;0;0.0001;concept1;0.0187411323879481;None;0.03476900122944492;0.9812588676120519;10;20;128;128
167;1;0.0001;concept2;0.0014500642679593926;None;0.012817140961023748;0.9985499357320406;10;20;128;128
167;2;0.0001;concept3;0.4186612014613227;None;0.07082506564318017;0.5813387985386773;10;20;128;128
168;0;0.0001;concept1;0.018658264078117073;None;0.03467241820367257;0.9813417359218829;10;20;128;128
168;1;0.0001;concept2;0.001449583967579196;None;0.012839381875032873;0.9985504160324208;10;20;128;128
168;2;0.0001;concept3;0.42088482414694217;None;0.0707253835188367;0.5791151758530578;10;20;128;128
169;0;0.0001;concept1;0.01860735351769797;None;0.03463187222593978;0.9813926464823021;10;20;128;128
169;1;0.0001;concept2;0.001448002046738508;None;0.012859748548362675;0.9985519979532614;10;20;128;128
169;2;0.0001;concept3;0.4220850846842589;None;0.0705933558990351;0.577914915315741;10;20;128;128
170;0;0.0001;concept1;0.01861420160023876;None;0.034637832440124645;0.9813857983997613;10;20;128;128
170;1;0.0001;concept2;0.0014442489491691222;None;0.012872988188560952;0.9985557510508308;10;20;128;128
170;2;0.0001;concept3;0.42450796687023784;None;0.07066156423825115;0.5754920331297622;10;20;128;128
171;0;0.0001;concept1;0.01877587051799556;None;0.03473729390428067;0.9812241294820044;10;20;128;128
171;1;0.0001;concept2;0.0014405619129436418;None;0.012879590118820944;0.9985594380870564;10;20;128;128
171;2;0.0001;concept3;0.4306882204327099;None;0.07096752600298611;0.5693117795672902;10;20;128;128
172;0;0.0001;concept1;0.01880281994875391;None;0.0347057878611913;0.9811971800512461;10;20;128;128
172;1;0.0001;concept2;0.0014383387626482667;None;0.01289190056127181;0.9985616612373517;10;20;128;128
172;2;0.0001;concept3;0.4373460535027207;None;0.07140731989136724;0.5626539464972793;10;20;128;128
173;0;0.0001;concept1;0.018688926613028137;None;0.034594406237522767;0.9813110733869719;10;20;128;128
173;1;0.0001;concept2;0.0014355527023142158;None;0.012905955552846973;0.9985644472976858;10;20;128;128
173;2;0.0001;concept3;0.43475757767590667;None;0.0714031939496445;0.5652424223240933;10;20;128;128
174;0;0.0001;concept1;0.018977661887316085;None;0.0347533041225357;0.9810223381126839;10;20;128;128
174;1;0.0001;concept2;0.001432129600116681;None;0.012922033543505525;0.9985678703998834;10;20;128;128
174;2;0.0001;concept3;0.4440714054214894;None;0.07195535717259101;0.5559285945785106;10;20;128;128
175;0;0.0001;concept1;0.01897320205176974;None;0.03468361807466574;0.9810267979482302;10;20;128;128
175;1;0.0001;concept2;0.0014274623025926627;None;0.012932078963769855;0.9985725376974074;10;20;128;128
175;2;0.0001;concept3;0.45537684349137486;None;0.07275127008046524;0.5446231565086251;10;20;128;128
176;0;0.0001;concept1;0.018828508963039173;None;0.034566413052116086;0.9811714910369608;10;20;128;128
176;1;0.0001;concept2;0.0014223890941467443;None;0.012937902424666796;0.9985776109058533;10;20;128;128
176;2;0.0001;concept3;0.4574281257728415;None;0.07281475943801707;0.5425718742271585;10;20;128;128
177;0;0.0001;concept1;0.01903702443456187;None;0.03469177096446201;0.9809629755654381;10;20;128;128
177;1;0.0001;concept2;0.0014186217808857863;None;0.012938837895059058;0.9985813782191142;10;20;128;128
177;2;0.0001;concept3;0.46599648067929045;None;0.07341405319437996;0.5340035193207096;10;20;128;128
178;0;0.0001;concept1;0.018973212353064026;None;0.03460542268775772;0.981026787646936;10;20;128;128
178;1;0.0001;concept2;0.0014153461266198477;None;0.01294038745880476;0.9985846538733801;10;20;128;128
178;2;0.0001;concept3;0.4760891687612158;None;0.07399029742963455;0.5239108312387841;10;20;128;128
179;0;0.0001;concept1;0.01901253815987503;None;0.03464066973745877;0.980987461840125;10;20;128;128
179;1;0.0001;concept2;0.0014111214606147228;None;0.012939340069351222;0.9985888785393853;10;20;128;128
179;2;0.0001;concept3;0.48630062212827163;None;0.07470332403474701;0.5136993778717284;10;20;128;128
180;0;0.0001;concept1;0.018952670858832617;None;0.03459866301397436;0.9810473291411674;10;20;128;128
180;1;0.0001;concept2;0.0014060716561810009;None;0.012939000279752847;0.998593928343819;10;20;128;128
180;2;0.0001;concept3;0.4986847016043742;None;0.07552238594601243;0.5013152983956257;10;20;128;128
181;0;0.0001;concept1;0.01939082772825777;None;0.03494242591097793;0.9806091722717423;10;20;128;128
181;1;0.0001;concept2;0.0014027405171303027;None;0.01295103148994198;0.9985972594828697;10;20;128;128
181;2;0.0001;concept3;0.5126696593467083;None;0.07655726076645543;0.4873303406532917;10;20;128;128
182;0;0.0001;concept1;0.01964602913079789;None;0.03508874205316726;0.9803539708692021;10;20;128;128
182;1;0.0001;concept2;0.0013982131235534675;None;0.012956649895091717;0.9986017868764465;10;20;128;128
182;2;0.0001;concept3;0.5270416738412598;None;0.07760283012845676;0.4729583261587402;10;20;128;128
183;0;0.0001;concept1;0.02039669733534882;None;0.03566335449679688;0.9796033026646512;10;20;128;128
183;1;0.0001;concept2;0.0013931946543515729;None;0.012945261958144716;0.9986068053456484;10;20;128;128
183;2;0.0001;concept3;0.5420832626122186;None;0.0785797269467414;0.4579167373877814;10;20;128;128
184;0;0.0001;concept1;0.020828067361225156;None;0.03581202299927321;0.9791719326387749;10;20;128;128
184;1;0.0001;concept2;0.0013891202510310642;None;0.012921924284273245;0.9986108797489689;10;20;128;128
184;2;0.0001;concept3;0.5560220192373078;None;0.0795267929029163;0.4439779807626921;10;20;128;128
185;0;0.0001;concept1;0.020864257321392875;None;0.03574865852854923;0.9791357426786071;10;20;128;128
185;1;0.0001;concept2;0.0013859131277720721;None;0.01290636625462429;0.998614086872228;10;20;128;128
185;2;0.0001;concept3;0.5642800454440619;None;0.08008517907611035;0.43571995455593815;10;20;128;128
186;0;0.0001;concept1;0.020364910606369066;None;0.03537335429858871;0.979635089393631;10;20;128;128
186;1;0.0001;concept2;0.0013826035345927646;None;0.012890288569774954;0.9986173964654073;10;20;128;128
186;2;0.0001;concept3;0.5739400270424156;None;0.08086853073619393;0.42605997295758424;10;20;128;128
187;0;0.0001;concept1;0.020233012856358028;None;0.035290561617251165;0.979766987143642;10;20;128;128
187;1;0.0001;concept2;0.001376681400041601;None;0.0128766008195092;0.9986233185999585;10;20;128;128
187;2;0.0001;concept3;0.5913869772995952;None;0.0821127214719923;0.4086130227004048;10;20;128;128
188;0;0.0001;concept1;0.01931784003846303;None;0.03465824224635838;0.980682159961537;10;20;128;128
188;1;0.0001;concept2;0.0013711514148639907;None;0.01286434814655282;0.998628848585136;10;20;128;128
188;2;0.0001;concept3;0.6115095428241516;None;0.08346387859980525;0.3884904571758484;10;20;128;128
189;0;0.0001;concept1;0.02015933957600686;None;0.03525207335588417;0.9798406604239931;10;20;128;128
189;1;0.0001;concept2;0.0013657314017700296;None;0.012857107743544201;0.99863426859823;10;20;128;128
189;2;0.0001;concept3;0.633866303562359;None;0.08517071581124894;0.36613369643764104;10;20;128;128
190;0;0.0001;concept1;0.021047718463721905;None;0.035906793665354785;0.9789522815362781;10;20;128;128
190;1;0.0001;concept2;0.0013628641509392375;None;0.012860324301774615;0.9986371358490608;10;20;128;128
190;2;0.0001;concept3;0.6536407286455211;None;0.08654077863425141;0.34635927135447875;10;20;128;128
191;0;0.0001;concept1;0.020976571516333996;None;0.035837101880685084;0.979023428483666;10;20;128;128
191;1;0.0001;concept2;0.0013608228501876389;None;0.012863619260953842;0.9986391771498123;10;20;128;128
191;2;0.0001;concept3;0.674149260245516;None;0.08784548318967522;0.325850739754484;10;20;128;128
192;0;0.0001;concept1;0.01941834043847946;None;0.034708055259356274;0.9805816595615205;10;20;128;128
192;1;0.0001;concept2;0.0013588322552775215;None;0.012878330469324012;0.9986411677447224;10;20;128;128
192;2;0.0001;concept3;0.6855807133289206;None;0.08826710523489137;0.3144192866710793;10;20;128;128
193;0;0.0001;concept1;0.021647458281420076;None;0.03628055696260516;0.9783525417185799;10;20;128;128
193;1;0.0001;concept2;0.0013561592648683508;None;0.012881174729725185;0.9986438407351317;10;20;128;128
193;2;0.0001;concept3;0.7009721177761916;None;0.08876877144950727;0.2990278822238083;10;20;128;128
194;0;0.0001;concept1;0.020511718687337848;None;0.03551257560198743;0.9794882813126622;10;20;128;128
194;1;0.0001;concept2;0.0013559822596782717;None;0.01289214792536848;0.9986440177403217;10;20;128;128
194;2;0.0001;concept3;0.7100318557130267;None;0.08925981537471696;0.28996814428697315;10;20;128;128
195;0;0.0001;concept1;0.019673425304135402;None;0.03483989470473938;0.9803265746958646;10;20;128;128
195;1;0.0001;concept2;0.0013547229842981868;None;0.012900038094731192;0.9986452770157018;10;20;128;128
195;2;0.0001;concept3;0.7437881987866718;None;0.09192315904406594;0.2562118012133281;10;20;128;128
196;0;0.0001;concept1;0.021723337887053863;None;0.03637987368016967;0.9782766621129462;10;20;128;128
196;1;0.0001;concept2;0.0013544259239136422;None;0.012911837053488407;0.9986455740760863;10;20;128;128
196;2;0.0001;concept3;0.7901331225862798;None;0.09554561710248109;0.20986687741372023;10;20;128;128
197;0;0.0001;concept1;0.022163372280613665;None;0.036718555069724344;0.9778366277193863;10;20;128;128
197;1;0.0001;concept2;0.001353415620551679;None;0.012912851074178174;0.9986465843794483;10;20;128;128
197;2;0.0001;concept3;0.8349899620167888;None;0.09914470681649397;0.16501003798321123;10;20;128;128
198;0;0.0001;concept1;0.022732654259122898;None;0.03710142632131377;0.9772673457408771;10;20;128;128
198;1;0.0001;concept2;0.0013532168058382763;None;0.012922329616609673;0.9986467831941617;10;20;128;128
198;2;0.0001;concept3;0.8705640825892423;None;0.10189905469057615;0.12943591741075755;10;20;128;128
199;0;0.0001;concept1;0.02033266360991728;None;0.03531521919027187;0.9796673363900827;10;20;128;128
199;1;0.0001;concept2;0.0013528318747405505;None;0.012927074403059076;0.9986471681252594;10;20;128;128
199;2;0.0001;concept3;0.8931103848026941;None;0.10355420920610488;0.10688961519730589;10;20;128;128
