0;0;0.0001;concept1;0.8594383249904735;None;0.35200614355907006;0.14056167500952643;10;3;128;128
0;1;0.0001;concept2;1.6829155150663742;None;0.2742109401010413;-0.6829155150663742;10;3;128;128
0;2;0.0001;concept3;0.8145164114361463;None;0.137096558531186;0.18548358856385383;10;3;128;128
1;0;0.0001;concept1;0.9008895297669534;None;0.36488935445676746;0.09911047023304664;10;3;128;128
1;1;0.0001;concept2;2.354648636449018;None;0.32943044229042306;-1.3546486364490185;10;3;128;128
1;2;0.0001;concept3;1.0279974415734088;None;0.16277244599189736;-0.027997441573408777;10;3;128;128
2;0;0.0001;concept1;0.8352763900224607;None;0.3501468435402014;0.1647236099775392;10;3;128;128
2;1;0.0001;concept2;2.258805067926094;None;0.32278511144156585;-1.2588050679260938;10;3;128;128
2;2;0.0001;concept3;0.9230699480795265;None;0.15361123880948938;0.07693005192047353;10;3;128;128
3;0;0.0001;concept1;0.796736811353253;None;0.3412193359050699;0.20326318864674697;10;3;128;128
3;1;0.0001;concept2;2.208199617175574;None;0.31924467636967846;-1.2081996171755738;10;3;128;128
3;2;0.0001;concept3;0.8659460002042714;None;0.14845397803619315;0.13405399979572863;10;3;128;128
4;0;0.0001;concept1;0.7710037188916905;None;0.33538392753762525;0.2289962811083095;10;3;128;128
4;1;0.0001;concept2;2.172522670008378;None;0.31671537603900846;-1.172522670008378;10;3;128;128
4;2;0.0001;concept3;0.8253400234719824;None;0.1446389807358396;0.17465997652801768;10;3;128;128
5;0;0.0001;concept1;0.7517544195178837;None;0.33092013323633535;0.2482455804821163;10;3;128;128
5;1;0.0001;concept2;2.144228133129502;None;0.31468670324174847;-1.1442281331295021;10;3;128;128
5;2;0.0001;concept3;0.7941656485041461;None;0.14165844695960586;0.20583435149585405;10;3;128;128
6;0;0.0001;concept1;0.7362044618392934;None;0.32719121093565384;0.26379553816070667;10;3;128;128
6;1;0.0001;concept2;2.1206133032570897;None;0.3129836103625298;-1.1206133032570897;10;3;128;128
6;2;0.0001;concept3;0.7684015917453764;None;0.13912141035374265;0.23159840825462363;10;3;128;128
7;0;0.0001;concept1;0.7230583900662789;None;0.32395520779160275;0.2769416099337211;10;3;128;128
7;1;0.0001;concept2;2.1006814420745297;None;0.31153473170051915;-1.1006814420745297;10;3;128;128
7;2;0.0001;concept3;0.7464523388596245;None;0.13691227209495443;0.2535476611403755;10;3;128;128
8;0;0.0001;concept1;0.711780083859103;None;0.32111510489638606;0.28821991614089704;10;3;128;128
8;1;0.0001;concept2;2.082737288813236;None;0.3102261834283219;-1.0827372888132358;10;3;128;128
8;2;0.0001;concept3;0.7273017804230293;None;0.13494488476050326;0.2726982195769707;10;3;128;128
9;0;0.0001;concept1;0.6832466646672906;None;0.31373361719951964;0.31675333533270944;10;3;128;128
9;1;0.0001;concept2;2.0359866800751774;None;0.3068374887359137;-1.0359866800751774;10;3;128;128
9;2;0.0001;concept3;0.6776771383061219;None;0.12972660083233287;0.32232286169387825;10;3;128;128
10;0;0.0001;concept1;0.6732205301159138;None;0.3110930962558311;0.32677946988408624;10;3;128;128
10;1;0.0001;concept2;2.018899921527349;None;0.305562613161624;-1.0188999215273493;10;3;128;128
10;2;0.0001;concept3;0.6610387311709779;None;0.12793334540364684;0.3389612688290222;10;3;128;128
11;0;0.0001;concept1;0.6642395934387784;None;0.3086732032573643;0.33576040656122164;10;3;128;128
11;1;0.0001;concept2;2.0037246810549942;None;0.3044211169676002;-1.0037246810549942;10;3;128;128
11;2;0.0001;concept3;0.646028565986384;None;0.12628094240675128;0.35397143401361597;10;3;128;128
12;0;0.0001;concept1;0.6563026373488223;None;0.3065162978831169;0.3436973626511777;10;3;128;128
12;1;0.0001;concept2;1.989698541472374;None;0.30335912704781165;-0.9896985414723742;10;3;128;128
12;2;0.0001;concept3;0.6327315812857225;None;0.12479892931576597;0.3672684187142775;10;3;128;128
13;0;0.0001;concept1;0.638063378154118;None;0.3015433197661186;0.36193662184588205;10;3;128;128
13;1;0.0001;concept2;1.9566907915110974;None;0.3008418250951744;-0.9566907915110974;10;3;128;128
13;2;0.0001;concept3;0.6021270662214925;None;0.12129108325387583;0.39787293377850763;10;3;128;128
14;0;0.0001;concept1;0.6308522336716795;None;0.29957549156723307;0.36914776632832047;10;3;128;128
14;1;0.0001;concept2;1.9430810942696384;None;0.29978816819800935;-0.9430810942696384;10;3;128;128
14;2;0.0001;concept3;0.5905227885787343;None;0.11993450836231767;0.4094772114212657;10;3;128;128
15;0;0.0001;concept1;0.6243127332595001;None;0.2977544636952136;0.3756872667404999;10;3;128;128
15;1;0.0001;concept2;1.9302836327968373;None;0.2987963110210502;-0.9302836327968376;10;3;128;128
15;2;0.0001;concept3;0.5798327640366883;None;0.11867453192807374;0.42016723596331185;10;3;128;128
16;0;0.0001;concept1;0.6180657775003142;None;0.2960297346239299;0.3819342224996858;10;3;128;128
16;1;0.0001;concept2;1.9185736364478772;None;0.2978825712964553;-0.9185736364478772;10;3;128;128
16;2;0.0001;concept3;0.5700822340820056;None;0.11752184867045212;0.42991776591799435;10;3;128;128
17;0;0.0001;concept1;0.6041587073885357;None;0.2922339704055206;0.3958412926114644;10;3;128;128
17;1;0.0001;concept2;1.891572896474441;None;0.29577026512674026;-0.8915728964744409;10;3;128;128
17;2;0.0001;concept3;0.5476030532509497;None;0.11485205183818079;0.4523969467490504;10;3;128;128
18;0;0.0001;concept1;0.598549620184899;None;0.2907015801587814;0.401450379815101;10;3;128;128
18;1;0.0001;concept2;1.880420150853232;None;0.2948877586492489;-0.8804201508532323;10;3;128;128
18;2;0.0001;concept3;0.5388691370647994;None;0.11380656677657978;0.46113086293520056;10;3;128;128
19;0;0.0001;concept1;0.5932079913012256;None;0.289252151679082;0.4067920086987744;10;3;128;128
19;1;0.0001;concept2;1.8699183328606783;None;0.29405711939039236;-0.8699183328606783;10;3;128;128
19;2;0.0001;concept3;0.5306230922858832;None;0.11280659832838158;0.4693769077141168;10;3;128;128
20;0;0.0001;concept1;0.5884272857311539;None;0.2879747093506324;0.4115727142688461;10;3;128;128
20;1;0.0001;concept2;1.859936262189479;None;0.293256070651516;-0.859936262189479;10;3;128;128
20;2;0.0001;concept3;0.5229690089285427;None;0.11186192141384807;0.4770309910714574;10;3;128;128
21;0;0.0001;concept1;0.5773375593579237;None;0.2849537173409997;0.42266244064207625;10;3;128;128
21;1;0.0001;concept2;1.8366435938080259;None;0.2913817932428958;-0.8366435938080259;10;3;128;128
21;2;0.0001;concept3;0.5051784456798489;None;0.10971763895587866;0.49482155432015107;10;3;128;128
22;0;0.0001;concept1;0.5729203404756414;None;0.28375515168055215;0.42707965952435856;10;3;128;128
22;1;0.0001;concept2;1.8269395272036542;None;0.29059218109499896;-0.8269395272036544;10;3;128;128
22;2;0.0001;concept3;0.4981347011266023;None;0.10888858164155077;0.5018652988733977;10;3;128;128
23;0;0.0001;concept1;0.5686855954670145;None;0.28255753257039384;0.43131440453298553;10;3;128;128
23;1;0.0001;concept2;1.8176971822681225;None;0.28983470651196785;-0.8176971822681227;10;3;128;128
23;2;0.0001;concept3;0.4915250344240012;None;0.10810451377463924;0.5084749655759988;10;3;128;128
24;0;0.0001;concept1;0.564860253938084;None;0.28151480559868064;0.43513974606191597;10;3;128;128
24;1;0.0001;concept2;1.8076342400646306;None;0.2889755647647371;-0.8076342400646306;10;3;128;128
24;2;0.0001;concept3;0.48530727267319346;None;0.10736084071683577;0.5146927273268066;10;3;128;128
25;0;0.0001;concept1;0.5554847913827247;None;0.27887633802794987;0.44451520861727534;10;3;128;128
25;1;0.0001;concept2;1.786916797460082;None;0.28727171292221065;-0.7869167974600819;10;3;128;128
25;2;0.0001;concept3;0.47055305568426364;None;0.10555904210187556;0.5294469443157364;10;3;128;128
26;0;0.0001;concept1;0.5517863266843845;None;0.2778274498424635;0.44821367331561546;10;3;128;128
26;1;0.0001;concept2;1.7783991022521615;None;0.28656143793202515;-0.7783991022521617;10;3;128;128
26;2;0.0001;concept3;0.46486049205382807;None;0.10485258053474511;0.535139507946172;10;3;128;128
27;0;0.0001;concept1;0.5483042209614482;None;0.27684641373197044;0.45169577903855185;10;3;128;128
27;1;0.0001;concept2;1.7704922428316046;None;0.28589924865840083;-0.7704922428316046;10;3;128;128
27;2;0.0001;concept3;0.4593895011427806;None;0.10416588641238468;0.5406104988572195;10;3;128;128
28;0;0.0001;concept1;0.544994911674182;None;0.27591118483117627;0.455005088325818;10;3;128;128
28;1;0.0001;concept2;1.7628132484336976;None;0.2852577504693075;-0.7628132484336978;10;3;128;128
28;2;0.0001;concept3;0.45429829257604026;None;0.10351692924657202;0.5457017074239598;10;3;128;128
29;0;0.0001;concept1;0.5368340507800807;None;0.2735850793842006;0.46316594921991927;10;3;128;128
29;1;0.0001;concept2;1.7442355450504146;None;0.2836971933127124;-0.7442355450504146;10;3;128;128
29;2;0.0001;concept3;0.441745991102444;None;0.10188039729740575;0.558254008897556;10;3;128;128
30;0;0.0001;concept1;0.5337219783934515;None;0.272695260636777;0.4662780216065484;10;3;128;128
30;1;0.0001;concept2;1.7368217639905132;None;0.2830692588301042;-0.7368217639905135;10;3;128;128
30;2;0.0001;concept3;0.4370199169303432;None;0.10126165882422614;0.5629800830696567;10;3;128;128
31;0;0.0001;concept1;0.5307182433198445;None;0.2718457637887698;0.4692817566801555;10;3;128;128
31;1;0.0001;concept2;1.7296196411544942;None;0.2824590721501315;-0.7296196411544944;10;3;128;128
31;2;0.0001;concept3;0.4325029087724977;None;0.10066409008500586;0.5674970912275024;10;3;128;128
32;0;0.0001;concept1;0.5278698419304496;None;0.2710234466905109;0.4721301580695504;10;3;128;128
32;1;0.0001;concept2;1.7223381005194118;None;0.2818391486463157;-0.7223381005194118;10;3;128;128
32;2;0.0001;concept3;0.42816384056006207;None;0.10008778583701375;0.5718361594399379;10;3;128;128
33;0;0.0001;concept1;0.5207013339310962;None;0.26893695361075587;0.4792986660689038;10;3;128;128
33;1;0.0001;concept2;1.705006099723745;None;0.2803593941479711;-0.7050060997237453;10;3;128;128
33;2;0.0001;concept3;0.41730217462823477;None;0.09867044425165235;0.5826978253717653;10;3;128;128
34;0;0.0001;concept1;0.5180360527081189;None;0.2681639339139788;0.4819639472918811;10;3;128;128
34;1;0.0001;concept2;1.6983571456327125;None;0.2797834963299477;-0.6983571456327125;10;3;128;128
34;2;0.0001;concept3;0.413275797728428;None;0.09813920412075344;0.5867242022715721;10;3;128;128
35;0;0.0001;concept1;0.5154956803904741;None;0.267414447734384;0.4845043196095259;10;3;128;128
35;1;0.0001;concept2;1.6919828731921853;None;0.27923336932759296;-0.6919828731921855;10;3;128;128
35;2;0.0001;concept3;0.40943050141623566;None;0.09762576325476914;0.5905694985837644;10;3;128;128
36;0;0.0001;concept1;0.5130545316284114;None;0.2667000791851135;0.4869454683715886;10;3;128;128
36;1;0.0001;concept2;1.6859329339833649;None;0.2787090105528416;-0.6859329339833651;10;3;128;128
36;2;0.0001;concept3;0.4057682890559451;None;0.09713306777487421;0.5942317109440549;10;3;128;128
37;0;0.0001;concept1;0.5066095132250066;None;0.26477870667585374;0.4933904867749934;10;3;128;128
37;1;0.0001;concept2;1.6703160069794964;None;0.27735883620220614;-0.6703160069794964;10;3;128;128
37;2;0.0001;concept3;0.39629220800563625;None;0.09583977620063129;0.6037077919943638;10;3;128;128
38;0;0.0001;concept1;0.504290440882321;None;0.26409361287076916;0.495709559117679;10;3;128;128
38;1;0.0001;concept2;1.664284024672204;None;0.2768306868612346;-0.6642840246722042;10;3;128;128
38;2;0.0001;concept3;0.39285849393290506;None;0.09537126613130226;0.607141506067095;10;3;128;128
39;0;0.0001;concept1;0.5020510672350793;None;0.26341427977058446;0.4979489327649207;10;3;128;128
39;1;0.0001;concept2;1.6586820312069344;None;0.27634307441509065;-0.6586820312069344;10;3;128;128
39;2;0.0001;concept3;0.3895328964067893;None;0.09491608711661022;0.6104671035932108;10;3;128;128
40;0;0.0001;concept1;0.4998860114712327;None;0.26275651808847517;0.5001139885287673;10;3;128;128
40;1;0.0001;concept2;1.6530622266197255;None;0.2758524998821528;-0.6530622266197255;10;3;128;128
40;2;0.0001;concept3;0.38641043257971336;None;0.09448625561994438;0.6135895674202867;10;3;128;128
41;0;0.0001;concept1;0.4946002497952648;None;0.2611410975998723;0.5053997502047352;10;3;128;128
41;1;0.0001;concept2;1.6394204123608065;None;0.2746593548230402;-0.6394204123608067;10;3;128;128
41;2;0.0001;concept3;0.3787616649245812;None;0.09342220451988743;0.6212383350754188;10;3;128;128
42;0;0.0001;concept1;0.4925536850437713;None;0.2605177308449501;0.5074463149562287;10;3;128;128
42;1;0.0001;concept2;1.6340080486871535;None;0.27418147059160847;-0.6340080486871538;10;3;128;128
42;2;0.0001;concept3;0.3757676647015069;None;0.09300071126721758;0.6242323352984931;10;3;128;128
43;0;0.0001;concept1;0.49055956849534993;None;0.25990899763631475;0.5094404315046501;10;3;128;128
43;1;0.0001;concept2;1.6286076153001312;None;0.27370456846784463;-0.6286076153001312;10;3;128;128
43;2;0.0001;concept3;0.37288204814842746;None;0.09259285068985794;0.6271179518515726;10;3;128;128
44;0;0.0001;concept1;0.48860914130347044;None;0.25931406283054215;0.5113908586965296;10;3;128;128
44;1;0.0001;concept2;1.6234553875416764;None;0.2732486843369011;-0.6234553875416766;10;3;128;128
44;2;0.0001;concept3;0.3701136668960271;None;0.09219577345167215;0.6298863331039729;10;3;128;128
45;0;0.0001;concept1;0.48375755095625705;None;0.25778663638870325;0.516242449043743;10;3;128;128
45;1;0.0001;concept2;1.610544267985712;None;0.2721085236207504;-0.6105442679857123;10;3;128;128
45;2;0.0001;concept3;0.36332105051188185;None;0.09120786191715621;0.6366789494881182;10;3;128;128
46;0;0.0001;concept1;0.4818806513319964;None;0.2572015988728551;0.5181193486680036;10;3;128;128
46;1;0.0001;concept2;1.6053473543595458;None;0.27163930700486544;-0.6053473543595458;10;3;128;128
46;2;0.0001;concept3;0.3606911259768094;None;0.09082376887914516;0.6393088740231905;10;3;128;128
47;0;0.0001;concept1;0.4800484163051496;None;0.2566259846125782;0.5199515836948504;10;3;128;128
47;1;0.0001;concept2;1.6004340478490091;None;0.27119810426955815;-0.6004340478490093;10;3;128;128
47;2;0.0001;concept3;0.3581469755374145;None;0.09045011614800584;0.6418530244625855;10;3;128;128
48;0;0.0001;concept1;0.47826310971520886;None;0.25605973768926565;0.5217368902847912;10;3;128;128
48;1;0.0001;concept2;1.5956565757907561;None;0.27076913259290175;-0.5956565757907561;10;3;128;128
48;2;0.0001;concept3;0.35572888263827224;None;0.0900911049770738;0.6442711173617278;10;3;128;128
49;0;0.0001;concept1;0.4738584951714452;None;0.2546502426736076;0.5261415048285549;10;3;128;128
49;1;0.0001;concept2;1.5836105615907559;None;0.26968843049723806;-0.5836105615907561;10;3;128;128
49;2;0.0001;concept3;0.3496006539529515;None;0.08918636120323635;0.6503993460470485;10;3;128;128
50;0;0.0001;concept1;0.7854395291113281;None;0.26620794050769586;0.21456047088867203;10;3;128;128
50;1;0.0001;concept2;0.4131476372304679;None;0.32202415587600564;0.5868523627695321;10;3;128;128
50;2;0.0001;concept3;0.5102413419531455;None;0.4086321985290897;0.4897586580468545;10;3;128;128
51;0;0.0001;concept1;0.7835016571549163;None;0.2658576880572355;0.21649834284508374;10;3;128;128
51;1;0.0001;concept2;0.4105508710716631;None;0.3209288362106265;0.589449128928337;10;3;128;128
51;2;0.0001;concept3;0.5041961327525284;None;0.4061615623757676;0.4958038672474716;10;3;128;128
52;0;0.0001;concept1;0.7815981539487511;None;0.26550319021550023;0.2184018460512489;10;3;128;128
52;1;0.0001;concept2;0.40802456035052714;None;0.3198566301142001;0.5919754396494729;10;3;128;128
52;2;0.0001;concept3;0.49838086080688787;None;0.40376576550757093;0.5016191391931122;10;3;128;128
53;0;0.0001;concept1;0.7773526628750427;None;0.2647143350809696;0.22264733712495732;10;3;128;128
53;1;0.0001;concept2;0.4019273277600205;None;0.3172425381674402;0.5980726722399796;10;3;128;128
53;2;0.0001;concept3;0.48272059182181254;None;0.39731270626270315;0.5172794081781874;10;3;128;128
54;0;0.0001;concept1;0.7755293162791255;None;0.26436884002595573;0.22447068372087453;10;3;128;128
54;1;0.0001;concept2;0.39947596714858147;None;0.31618855253290135;0.6005240328514185;10;3;128;128
54;2;0.0001;concept3;0.4771029128184185;None;0.39495657742600987;0.5228970871815815;10;3;128;128
55;0;0.0001;concept1;0.7737544056362592;None;0.2640460137568637;0.2262455943637408;10;3;128;128
55;1;0.0001;concept2;0.3970958509548992;None;0.31516130311442214;0.6029041490451008;10;3;128;128
55;2;0.0001;concept3;0.47161977047303644;None;0.39263899274857833;0.5283802295269635;10;3;128;128
56;0;0.0001;concept1;0.7720651739966445;None;0.263758215481615;0.22793482600335546;10;3;128;128
56;1;0.0001;concept2;0.39477301488390476;None;0.3141599604508968;0.6052269851160953;10;3;128;128
56;2;0.0001;concept3;0.46646775538335866;None;0.39045286759515657;0.5335322446166414;10;3;128;128
57;0;0.0001;concept1;0.7681638255911429;None;0.2630208004946628;0.23183617440885707;10;3;128;128
57;1;0.0001;concept2;0.38933555257600716;None;0.31179472316001006;0.6106644474239928;10;3;128;128
57;2;0.0001;concept3;0.45301301892607093;None;0.3846963730365022;0.5469869810739291;10;3;128;128
58;0;0.0001;concept1;0.7665228221262669;None;0.2627270374575054;0.23347717787373323;10;3;128;128
58;1;0.0001;concept2;0.38708232047959507;None;0.31080926855548846;0.6129176795204049;10;3;128;128
58;2;0.0001;concept3;0.44793768546127477;None;0.3824912483440428;0.5520623145387253;10;3;128;128
59;0;0.0001;concept1;0.7648703854137209;None;0.2624075351726392;0.23512961458627912;10;3;128;128
59;1;0.0001;concept2;0.3848930617779998;None;0.30984888541625927;0.6151069382220002;10;3;128;128
59;2;0.0001;concept3;0.44300138295158104;None;0.3803332531820794;0.5569986170484189;10;3;128;128
60;0;0.0001;concept1;0.7633044306948739;None;0.26213359002791;0.23669556930512625;10;3;128;128
60;1;0.0001;concept2;0.38276578813490925;None;0.308912645272429;0.6172342118650909;10;3;128;128
60;2;0.0001;concept3;0.4381584978642866;None;0.3782078253393986;0.5618415021357134;10;3;128;128
61;0;0.0001;concept1;0.7596989782933221;None;0.26145295726067075;0.2403010217066779;10;3;128;128
61;1;0.0001;concept2;0.37768652186846846;None;0.306652332233754;0.6223134781315316;10;3;128;128
61;2;0.0001;concept3;0.42573048470021807;None;0.3727135808314917;0.574269515299782;10;3;128;128
62;0;0.0001;concept1;0.7581530189282617;None;0.2611697295820969;0.2418469810717384;10;3;128;128
62;1;0.0001;concept2;0.3756211471256424;None;0.305730382638324;0.6243788528743577;10;3;128;128
62;2;0.0001;concept3;0.4211786387927661;None;0.3706663410533876;0.5788213612072339;10;3;128;128
63;0;0.0001;concept1;0.7566210754822835;None;0.2608833995208595;0.24337892451771648;10;3;128;128
63;1;0.0001;concept2;0.3735906887564919;None;0.304822454308305;0.6264093112435081;10;3;128;128
63;2;0.0001;concept3;0.41671606630300567;None;0.368649950365249;0.5832839336969944;10;3;128;128
64;0;0.0001;concept1;0.7551821577445995;None;0.2606217739981657;0.2448178422554005;10;3;128;128
64;1;0.0001;concept2;0.3716282422966466;None;0.3039410676172987;0.6283717577033534;10;3;128;128
64;2;0.0001;concept3;0.4123404374617913;None;0.3666610780019468;0.5876595625382087;10;3;128;128
65;0;0.0001;concept1;0.7517056441640168;None;0.25996642697756833;0.24829435583598336;10;3;128;128
65;1;0.0001;concept2;0.36683463306916847;None;0.30176559354670557;0.6331653669308315;10;3;128;128
65;2;0.0001;concept3;0.4008637550513104;None;0.3614076270177896;0.5991362449486897;10;3;128;128
66;0;0.0001;concept1;0.750251341478089;None;0.25969898917686296;0.24974865852191097;10;3;128;128
66;1;0.0001;concept2;0.36492703112476016;None;0.30089847612608933;0.6350729688752399;10;3;128;128
66;2;0.0001;concept3;0.3966665489566868;None;0.35945672551740504;0.6033334510433132;10;3;128;128
67;0;0.0001;concept1;0.7488079614643207;None;0.25941550597027324;0.2511920385356793;10;3;128;128
67;1;0.0001;concept2;0.36304989323473597;None;0.30004153358331626;0.6369501067652641;10;3;128;128
67;2;0.0001;concept3;0.39257613832172294;None;0.35754395831807007;0.607423861678277;10;3;128;128
68;0;0.0001;concept1;0.7474992306144149;None;0.259185253021373;0.2525007693855851;10;3;128;128
68;1;0.0001;concept2;0.36122058451147515;None;0.2992026671879516;0.6387794154885249;10;3;128;128
68;2;0.0001;concept3;0.3886275262594048;None;0.3556844489474241;0.6113724737405952;10;3;128;128
69;0;0.0001;concept1;0.7441970854802978;None;0.2585611835686876;0.2558029145197023;10;3;128;128
69;1;0.0001;concept2;0.3567076196408185;None;0.2971164664740984;0.6432923803591815;10;3;128;128
69;2;0.0001;concept3;0.37801106296757936;None;0.35065612884275243;0.6219889370324206;10;3;128;128
70;0;0.0001;concept1;0.7428448330779005;None;0.2583067501294154;0.2571551669220995;10;3;128;128
70;1;0.0001;concept2;0.35492903602157894;None;0.2962924388179436;0.6450709639784211;10;3;128;128
70;2;0.0001;concept3;0.3741895307944153;None;0.3488216286898635;0.6258104692055847;10;3;128;128
71;0;0.0001;concept1;0.7415104887259305;None;0.2580390752839102;0.2584895112740695;10;3;128;128
71;1;0.0001;concept2;0.3531775873619052;None;0.29547892433071155;0.6468224126380948;10;3;128;128
71;2;0.0001;concept3;0.3704329419018807;None;0.34700476447461553;0.6295670580981193;10;3;128;128
72;0;0.0001;concept1;0.7402329884495779;None;0.25779412415027975;0.25976701155042226;10;3;128;128
72;1;0.0001;concept2;0.3514889021183673;None;0.2946915044546083;0.6485110978816327;10;3;128;128
72;2;0.0001;concept3;0.36677631811081934;None;0.345234247760529;0.6332236818891805;10;3;128;128
73;0;0.0001;concept1;0.7371782970106004;None;0.25721107120806375;0.26282170298939966;10;3;128;128
73;1;0.0001;concept2;0.3473901390358932;None;0.29275937191054824;0.6526098609641068;10;3;128;128
73;2;0.0001;concept3;0.35733388377607894;None;0.3406336755959447;0.6426661162239211;10;3;128;128
74;0;0.0001;concept1;0.7359150014980738;None;0.25699359189346266;0.26408499850192624;10;3;128;128
74;1;0.0001;concept2;0.345738083443056;None;0.29198107101018717;0.654261916556944;10;3;128;128
74;2;0.0001;concept3;0.3537810551887014;None;0.3388876835288241;0.6462189448112986;10;3;128;128
75;0;0.0001;concept1;0.7345962287689994;None;0.2567299107172548;0.2654037712310007;10;3;128;128
75;1;0.0001;concept2;0.3441248466632933;None;0.29121728995109597;0.6558751533367068;10;3;128;128
75;2;0.0001;concept3;0.3503380466418614;None;0.3371770349422017;0.6496619533581386;10;3;128;128
76;0;0.0001;concept1;0.733409410117902;None;0.2565089347942142;0.26659058988209816;10;3;128;128
76;1;0.0001;concept2;0.34253968298732745;None;0.29046465360371404;0.6574603170126725;10;3;128;128
76;2;0.0001;concept3;0.3469667515913973;None;0.33549401561211933;0.6530332484086027;10;3;128;128
77;0;0.0001;concept1;0.7305456397444892;None;0.2559657919651951;0.26945436025551084;10;3;128;128
77;1;0.0001;concept2;0.3386500286667056;None;0.2885995774052326;0.6613499713332944;10;3;128;128
77;2;0.0001;concept3;0.33823779719514707;None;0.3311021247034832;0.6617622028048529;10;3;128;128
78;0;0.0001;concept1;0.7293419691195037;None;0.25574277296858827;0.27065803088049634;10;3;128;128
78;1;0.0001;concept2;0.33710949148031066;None;0.28786036738116855;0.6628905085196893;10;3;128;128
78;2;0.0001;concept3;0.33500059456308606;None;0.3294599200674352;0.6649994054369139;10;3;128;128
79;0;0.0001;concept1;0.7281450119202532;None;0.2555188325416516;0.27185498807974684;10;3;128;128
79;1;0.0001;concept2;0.335592551755542;None;0.2871297379437586;0.664407448244458;10;3;128;128
79;2;0.0001;concept3;0.3318234480144663;None;0.32784086201952933;0.6681765519855336;10;3;128;128
80;0;0.0001;concept1;0.7270165780783148;None;0.25530277500474785;0.27298342192168523;10;3;128;128
80;1;0.0001;concept2;0.33410137009431257;None;0.2864097326340222;0.6658986299056875;10;3;128;128
80;2;0.0001;concept3;0.32873318478714;None;0.32625766998683353;0.67126681521286;10;3;128;128
81;0;0.0001;concept1;0.7242416318717529;None;0.25476353697301485;0.27575836812824706;10;3;128;128
81;1;0.0001;concept2;0.33042117281956374;None;0.2846167382183051;0.6695788271804362;10;3;128;128
81;2;0.0001;concept3;0.3205263431067196;None;0.32204017522110995;0.6794736568932804;10;3;128;128
82;0;0.0001;concept1;0.7230826973770653;None;0.25454429110207033;0.2769173026229348;10;3;128;128
82;1;0.0001;concept2;0.328974974932236;None;0.2839112221870211;0.6710250250677641;10;3;128;128
82;2;0.0001;concept3;0.3175444382742461;None;0.3204902442254547;0.6824555617257538;10;3;128;128
83;0;0.0001;concept1;0.7219716602765021;None;0.25434799081388476;0.27802833972349794;10;3;128;128
83;1;0.0001;concept2;0.32756100250406744;None;0.2832195827735243;0.6724389974959326;10;3;128;128
83;2;0.0001;concept3;0.3146171832254866;None;0.31896006192006504;0.6853828167745135;10;3;128;128
84;0;0.0001;concept1;0.7208619396104414;None;0.2541380768905869;0.2791380603895587;10;3;128;128
84;1;0.0001;concept2;0.3261653739590664;None;0.2825353811783711;0.6738346260409336;10;3;128;128
84;2;0.0001;concept3;0.3116998028526452;None;0.3174278929394486;0.6883001971473548;10;3;128;128
85;0;0.0001;concept1;0.7182219471364362;None;0.2536204232527318;0.28177805286356394;10;3;128;128
85;1;0.0001;concept2;0.32266742611897437;None;0.2808021766676938;0.6773325738810256;10;3;128;128
85;2;0.0001;concept3;0.3040669731374263;None;0.31338672829749564;0.6959330268625736;10;3;128;128
86;0;0.0001;concept1;0.7171357719207329;None;0.25341893083576417;0.28286422807926714;10;3;128;128
86;1;0.0001;concept2;0.3213100928204859;None;0.28012970734213016;0.678689907179514;10;3;128;128
86;2;0.0001;concept3;0.3013189207923781;None;0.3119129050068098;0.6986810792076219;10;3;128;128
87;0;0.0001;concept1;0.7160497451400082;None;0.2532138977028553;0.2839502548599919;10;3;128;128
87;1;0.0001;concept2;0.3199787060265214;None;0.279468340943696;0.6800212939734787;10;3;128;128
87;2;0.0001;concept3;0.29863103619182757;None;0.3104620407501048;0.7013689638081725;10;3;128;128
88;0;0.0001;concept1;0.71500382487237;None;0.2530090087850042;0.28499617512763;10;3;128;128
88;1;0.0001;concept2;0.3186716348722887;None;0.27881758276552926;0.6813283651277113;10;3;128;128
88;2;0.0001;concept3;0.29599497355206017;None;0.3090352506883401;0.7040050264479398;10;3;128;128
89;0;0.0001;concept1;0.7124606366659025;None;0.2525276178204539;0.28753936333409746;10;3;128;128
89;1;0.0001;concept2;0.31542592151073257;None;0.2771857658024026;0.6845740784892675;10;3;128;128
89;2;0.0001;concept3;0.28916017592857035;None;0.3053067571043684;0.7108398240714295;10;3;128;128
90;0;0.0001;concept1;0.7113691125120473;None;0.25230751129252676;0.28863088748795285;10;3;128;128
90;1;0.0001;concept2;0.31414874615447047;None;0.27654216413100846;0.6858512538455295;10;3;128;128
90;2;0.0001;concept3;0.28660847556614677;None;0.30389998034251303;0.7133915244338532;10;3;128;128
91;0;0.0001;concept1;0.710342274022825;None;0.2521075430077744;0.289657725977175;10;3;128;128
91;1;0.0001;concept2;0.3128951635799827;None;0.2759119318525601;0.6871048364200173;10;3;128;128
91;2;0.0001;concept3;0.2841138987082579;None;0.3025172036916027;0.7158861012917421;10;3;128;128
92;0;0.0001;concept1;0.7093059379499984;None;0.2519118882218219;0.2906940620500016;10;3;128;128
92;1;0.0001;concept2;0.3116624627614471;None;0.27529293065378774;0.688337537238553;10;3;128;128
92;2;0.0001;concept3;0.28165705508514943;None;0.30114810488659216;0.7183429449148506;10;3;128;128
93;0;0.0001;concept1;0.7068412804986373;None;0.2514281376605625;0.29315871950136285;10;3;128;128
93;1;0.0001;concept2;0.30857032717429567;None;0.2737270981048746;0.6914296728257043;10;3;128;128
93;2;0.0001;concept3;0.27530259584232036;None;0.2975768606451222;0.7246974041576797;10;3;128;128
94;0;0.0001;concept1;0.7058449206240113;None;0.2512340742566377;0.29415507937598884;10;3;128;128
94;1;0.0001;concept2;0.30736361337855156;None;0.27311606186818593;0.6926363866214484;10;3;128;128
94;2;0.0001;concept3;0.2729770689436016;None;0.29625187108015055;0.7270229310563985;10;3;128;128
95;0;0.0001;concept1;0.7048657164300272;None;0.25105089178638973;0.29513428356997295;10;3;128;128
95;1;0.0001;concept2;0.30617855988071163;None;0.27251341506983995;0.6938214401192884;10;3;128;128
95;2;0.0001;concept3;0.2706887547650148;None;0.29494381951910603;0.7293112452349853;10;3;128;128
96;0;0.0001;concept1;0.7038885379548162;None;0.2508666576703388;0.2961114620451838;10;3;128;128
96;1;0.0001;concept2;0.3050105209130418;None;0.27191944970954923;0.6949894790869582;10;3;128;128
96;2;0.0001;concept3;0.2684161725065297;None;0.29363979988490413;0.7315838274934703;10;3;128;128
97;0;0.0001;concept1;0.7015154801243576;None;0.25040323892205407;0.2984845198756424;10;3;128;128
97;1;0.0001;concept2;0.30205128804197223;None;0.2704000753347693;0.6979487119580279;10;3;128;128
97;2;0.0001;concept3;0.26247624006658027;None;0.29020795956608375;0.7375237599334197;10;3;128;128
98;0;0.0001;concept1;0.7005223888049409;None;0.25020691144192914;0.2994776111950592;10;3;128;128
98;1;0.0001;concept2;0.3009166794338679;None;0.26981702305541005;0.6990833205661321;10;3;128;128
98;2;0.0001;concept3;0.26030287828828835;None;0.2889365050111205;0.7396971217117116;10;3;128;128
99;0;0.0001;concept1;0.6995631562684811;None;0.2500241923570279;0.300436843731519;10;3;128;128
99;1;0.0001;concept2;0.29981530710932774;None;0.26924922100183096;0.7001846928906723;10;3;128;128
99;2;0.0001;concept3;0.2581509940220579;None;0.28767380861427866;0.7418490059779421;10;3;128;128
100;0;0.0001;concept1;0.47989212343944876;None;0.23685171621394918;0.5201078765605514;10;3;128;128
100;1;0.0001;concept2;1.9290695522549381;None;0.29123770709170216;-0.9290695522549381;10;3;128;128
100;2;0.0001;concept3;0.5009476404437487;None;0.3575903455694483;0.49905235955625127;10;3;128;128
101;0;0.0001;concept1;0.4782496213392605;None;0.23633874741960886;0.5217503786607396;10;3;128;128
101;1;0.0001;concept2;1.9193546397100272;None;0.2904441779864504;-0.9193546397100272;10;3;128;128
101;2;0.0001;concept3;0.4987096323211503;None;0.35661213915969664;0.5012903676788497;10;3;128;128
102;0;0.0001;concept1;0.47756171572245726;None;0.23612467755280284;0.5224382842775428;10;3;128;128
102;1;0.0001;concept2;1.9162017734459242;None;0.29018322165160404;-0.9162017734459242;10;3;128;128
102;2;0.0001;concept3;0.498065880255284;None;0.3563346703859727;0.501934119744716;10;3;128;128
103;0;0.0001;concept1;0.4769341778048482;None;0.23592893491410552;0.5230658221951519;10;3;128;128
103;1;0.0001;concept2;1.9131039527555547;None;0.28992657174670694;-0.9131039527555549;10;3;128;128
103;2;0.0001;concept3;0.49737565651413557;None;0.35604741196328216;0.5026243434858645;10;3;128;128
104;0;0.0001;concept1;0.4763270266246896;None;0.23574258367377363;0.5236729733753105;10;3;128;128
104;1;0.0001;concept2;1.9100245884051639;None;0.2896716260666931;-0.9100245884051636;10;3;128;128
104;2;0.0001;concept3;0.49657175556934985;None;0.3557083726262748;0.5034282444306502;10;3;128;128
105;0;0.0001;concept1;0.4746569580922786;None;0.2352122664467521;0.5253430419077214;10;3;128;128
105;1;0.0001;concept2;1.9008884203948162;None;0.2889203121682674;-0.900888420394816;10;3;128;128
105;2;0.0001;concept3;0.4944529982665822;None;0.3547381814122889;0.5055470017334178;10;3;128;128
106;0;0.0001;concept1;0.47406563862108086;None;0.23503175827562586;0.5259343613789191;10;3;128;128
106;1;0.0001;concept2;1.89789501418274;None;0.2886716289958259;-0.89789501418274;10;3;128;128
106;2;0.0001;concept3;0.49378533811545966;None;0.3544454886887811;0.5062146618845403;10;3;128;128
107;0;0.0001;concept1;0.4734342106342229;None;0.23483626095112303;0.5265657893657771;10;3;128;128
107;1;0.0001;concept2;1.894935285101458;None;0.28842549130945627;-0.894935285101458;10;3;128;128
107;2;0.0001;concept3;0.4931254688924469;None;0.3541671144391944;0.5068745311075531;10;3;128;128
108;0;0.0001;concept1;0.4728641245068563;None;0.23465884443134472;0.5271358754931437;10;3;128;128
108;1;0.0001;concept2;1.891978820332601;None;0.28817940627975075;-0.8919788203326011;10;3;128;128
108;2;0.0001;concept3;0.49250679865474584;None;0.35389234312097667;0.5074932013452542;10;3;128;128
109;0;0.0001;concept1;0.4713158400451149;None;0.2341704326842277;0.5286841599548852;10;3;128;128
109;1;0.0001;concept2;1.8831235285903196;None;0.28744749864007496;-0.8831235285903194;10;3;128;128
109;2;0.0001;concept3;0.49054456752320375;None;0.3529910851072343;0.5094554324767963;10;3;128;128
110;0;0.0001;concept1;0.47069273923462573;None;0.23397676596328496;0.5293072607653743;10;3;128;128
110;1;0.0001;concept2;1.880223861745971;None;0.28720548086476955;-0.8802238617459708;10;3;128;128
110;2;0.0001;concept3;0.48991197836102834;None;0.3527187686101634;0.5100880216389717;10;3;128;128
111;0;0.0001;concept1;0.4700994653730998;None;0.23378946344026538;0.5299005346269001;10;3;128;128
111;1;0.0001;concept2;1.87735838960447;None;0.2869661109558712;-0.8773583896044701;10;3;128;128
111;2;0.0001;concept3;0.48920299822303515;None;0.352413768795457;0.510797001776965;10;3;128;128
112;0;0.0001;concept1;0.4695002333889554;None;0.2336061961845599;0.5304997666110447;10;3;128;128
112;1;0.0001;concept2;1.87451939393645;None;0.2867280565816842;-0.87451939393645;10;3;128;128
112;2;0.0001;concept3;0.48856868321842956;None;0.3521376342231355;0.5114313167815705;10;3;128;128
113;0;0.0001;concept1;0.4680505600315915;None;0.23315520808865223;0.5319494399684086;10;3;128;128
113;1;0.0001;concept2;1.8655892477455878;None;0.285987417621327;-0.8655892477455878;10;3;128;128
113;2;0.0001;concept3;0.4867969556243037;None;0.35133990333489357;0.5132030443756963;10;3;128;128
114;0;0.0001;concept1;0.4674361717324373;None;0.232961512941888;0.5325638282675628;10;3;128;128
114;1;0.0001;concept2;1.8628007455592732;None;0.2857535312846197;-0.8628007455592732;10;3;128;128
114;2;0.0001;concept3;0.48615635112704153;None;0.3510621058801389;0.5138436488729585;10;3;128;128
115;0;0.0001;concept1;0.4669845898526915;None;0.2328247975091642;0.5330154101473086;10;3;128;128
115;1;0.0001;concept2;1.8599789290954292;None;0.2855164959648229;-0.859978929095429;10;3;128;128
115;2;0.0001;concept3;0.4855154910908395;None;0.35078290417261804;0.5144845089091605;10;3;128;128
116;0;0.0001;concept1;0.46645472409970967;None;0.23266330443837122;0.5335452759002903;10;3;128;128
116;1;0.0001;concept2;1.8572623833122026;None;0.2852876490447868;-0.8572623833122026;10;3;128;128
116;2;0.0001;concept3;0.48468542863228403;None;0.35042613653985;0.515314571367716;10;3;128;128
117;0;0.0001;concept1;0.46497120443135626;None;0.23219163282234045;0.5350287955686437;10;3;128;128
117;1;0.0001;concept2;1.8488672026752684;None;0.28458704154899606;-0.8488672026752684;10;3;128;128
117;2;0.0001;concept3;0.4830021349791285;None;0.3496581355577275;0.5169978650208715;10;3;128;128
118;0;0.0001;concept1;0.46423607541531536;None;0.23195140024191307;0.5357639245846846;10;3;128;128
118;1;0.0001;concept2;1.8461752169472825;None;0.2843601721569526;-0.8461752169472825;10;3;128;128
118;2;0.0001;concept3;0.4824832345447041;None;0.34942944194064485;0.5175167654552959;10;3;128;128
119;0;0.0001;concept1;0.46361657941213746;None;0.2317554626861115;0.5363834205878626;10;3;128;128
119;1;0.0001;concept2;1.843487876391369;None;0.2841332541952024;-0.8434878763913689;10;3;128;128
119;2;0.0001;concept3;0.4818447809996375;None;0.34915550847964283;0.5181552190003624;10;3;128;128
120;0;0.0001;concept1;0.4630440839705005;None;0.23157172535366624;0.5369559160294994;10;3;128;128
120;1;0.0001;concept2;1.8408875627209813;None;0.2839131405191218;-0.8408875627209813;10;3;128;128
120;2;0.0001;concept3;0.4812360086480843;None;0.34888664069679204;0.5187639913519158;10;3;128;128
121;0;0.0001;concept1;0.4616176748293564;None;0.23111256886549678;0.5383823251706437;10;3;128;128
121;1;0.0001;concept2;1.8330003287308592;None;0.2832499019928802;-0.8330003287308594;10;3;128;128
121;2;0.0001;concept3;0.47966463495827033;None;0.3481691432117031;0.5203353650417297;10;3;128;128
122;0;0.0001;concept1;0.4610181911007106;None;0.230918450434515;0.5389818088992895;10;3;128;128
122;1;0.0001;concept2;1.830362575083062;None;0.28302676280145556;-0.8303625750830621;10;3;128;128
122;2;0.0001;concept3;0.47899381983620287;None;0.34787647116240233;0.5210061801637971;10;3;128;128
123;0;0.0001;concept1;0.46051629935981003;None;0.2307656725500852;0.53948370064019;10;3;128;128
123;1;0.0001;concept2;1.8277413943338847;None;0.282804738691502;-0.8277413943338847;10;3;128;128
123;2;0.0001;concept3;0.47839805056606294;None;0.34761056261248907;0.521601949433937;10;3;128;128
124;0;0.0001;concept1;0.46001725165342544;None;0.23060929826165932;0.5399827483465747;10;3;128;128
124;1;0.0001;concept2;1.825180823888328;None;0.2825871333459491;-0.8251808238883278;10;3;128;128
124;2;0.0001;concept3;0.4778427141741155;None;0.3473642024152627;0.5221572858258845;10;3;128;128
125;0;0.0001;concept1;0.4585514182300803;None;0.23012654116179104;0.5414485817699197;10;3;128;128
125;1;0.0001;concept2;1.817446607356466;None;0.28193477179537185;-0.8174466073564657;10;3;128;128
125;2;0.0001;concept3;0.4762599409729253;None;0.34663014034744377;0.5237400590270748;10;3;128;128
126;0;0.0001;concept1;0.4580109015158439;None;0.22995643845734656;0.5419890984841561;10;3;128;128
126;1;0.0001;concept2;1.8148976599174658;None;0.28171805297362096;-0.8148976599174658;10;3;128;128
126;2;0.0001;concept3;0.47565946687048477;None;0.346364452922165;0.5243405331295152;10;3;128;128
127;0;0.0001;concept1;0.45766913654015784;None;0.229868911516565;0.5423308634598423;10;3;128;128
127;1;0.0001;concept2;1.8123697660686675;None;0.28150262528680065;-0.8123697660686675;10;3;128;128
127;2;0.0001;concept3;0.4751129802319289;None;0.3461200253980014;0.5248870197680711;10;3;128;128
128;0;0.0001;concept1;0.4571828114328676;None;0.2297183305324568;0.5428171885671325;10;3;128;128
128;1;0.0001;concept2;1.809894626354477;None;0.2812918724530147;-0.8098946263544771;10;3;128;128
128;2;0.0001;concept3;0.47454139010502255;None;0.34586093312637944;0.5254586098949774;10;3;128;128
129;0;0.0001;concept1;0.45573972900893644;None;0.22923962561832878;0.5442602709910636;10;3;128;128
129;1;0.0001;concept2;1.8025412625325912;None;0.2806678356598271;-0.802541262532591;10;3;128;128
129;2;0.0001;concept3;0.47285743902575805;None;0.3450682217568467;0.527142560974242;10;3;128;128
130;0;0.0001;concept1;0.4552914444561714;None;0.22910500612697954;0.5447085555438286;10;3;128;128
130;1;0.0001;concept2;1.8000703003389014;None;0.28045678603201535;-0.8000703003389016;10;3;128;128
130;2;0.0001;concept3;0.4723086543119487;None;0.34482068667785454;0.5276913456880514;10;3;128;128
131;0;0.0001;concept1;0.4547868737309684;None;0.22894438037655782;0.5452131262690316;10;3;128;128
131;1;0.0001;concept2;1.7976303081963816;None;0.28024815573756895;-0.7976303081963814;10;3;128;128
131;2;0.0001;concept3;0.47188913124375426;None;0.3446227338812101;0.5281108687562457;10;3;128;128
132;0;0.0001;concept1;0.45427034065405497;None;0.22877302178283368;0.5457296593459451;10;3;128;128
132;1;0.0001;concept2;1.7959341478656845;None;0.2801008974424603;-0.7959341478656845;10;3;128;128
132;2;0.0001;concept3;0.47130582499260854;None;0.3443626378690637;0.5286941750073915;10;3;128;128
133;0;0.0001;concept1;0.4530049100713835;None;0.2283658512215087;0.5469950899286165;10;3;128;128
133;1;0.0001;concept2;1.7884722661909873;None;0.27946642547546285;-0.7884722661909875;10;3;128;128
133;2;0.0001;concept3;0.469632352801024;None;0.3435644760168719;0.530367647198976;10;3;128;128
134;0;0.0001;concept1;0.45255783578008585;None;0.22822578741106553;0.5474421642199141;10;3;128;128
134;1;0.0001;concept2;1.78581009750982;None;0.2792386511313681;-0.7858100975098199;10;3;128;128
134;2;0.0001;concept3;0.4691145318969957;None;0.34332352091620233;0.5308854681030043;10;3;128;128
135;0;0.0001;concept1;0.45209760506585894;None;0.2280785527433032;0.5479023949341411;10;3;128;128
135;1;0.0001;concept2;1.7834269886006278;None;0.2790340352024575;-0.7834269886006278;10;3;128;128
135;2;0.0001;concept3;0.468640631174948;None;0.3431038244964035;0.5313593688250521;10;3;128;128
136;0;0.0001;concept1;0.45165113464481665;None;0.22793729732464504;0.5483488653551833;10;3;128;128
136;1;0.0001;concept2;1.7811046772540502;None;0.27883424822187997;-0.7811046772540502;10;3;128;128
136;2;0.0001;concept3;0.4681804333929801;None;0.34289090206603856;0.53181956660702;10;3;128;128
137;0;0.0001;concept1;0.4504184475245229;None;0.22754387154973674;0.549581552475477;10;3;128;128
137;1;0.0001;concept2;1.7740281228481152;None;0.27822963199472517;-0.774028122848115;10;3;128;128
137;2;0.0001;concept3;0.4668440387777603;None;0.3422279018490187;0.5331559612222396;10;3;128;128
138;0;0.0001;concept1;0.44998852551180407;None;0.22741481371607983;0.5500114744881959;10;3;128;128
138;1;0.0001;concept2;1.7716699001382998;None;0.2780266603865741;-0.7716699001382998;10;3;128;128
138;2;0.0001;concept3;0.4663501010511399;None;0.34199752462477623;0.5336498989488601;10;3;128;128
139;0;0.0001;concept1;0.44955967626863974;None;0.2272751659168413;0.5504403237313603;10;3;128;128
139;1;0.0001;concept2;1.7693572012236767;None;0.277827659981115;-0.7693572012236767;10;3;128;128
139;2;0.0001;concept3;0.46583326829812916;None;0.34175838114424656;0.5341667317018709;10;3;128;128
140;0;0.0001;concept1;0.4491006486573855;None;0.2271272184457565;0.5508993513426145;10;3;128;128
140;1;0.0001;concept2;1.7670822452344421;None;0.277630930509663;-0.7670822452344421;10;3;128;128
140;2;0.0001;concept3;0.46535068151964587;None;0.3415333646758273;0.5346493184803541;10;3;128;128
141;0;0.0001;concept1;0.44794800309633387;None;0.22675927712363034;0.5520519969036661;10;3;128;128
141;1;0.0001;concept2;1.7601960102025531;None;0.27703979899323794;-0.7601960102025531;10;3;128;128
141;2;0.0001;concept3;0.46406895645828516;None;0.3409020453999498;0.5359310435417148;10;3;128;128
142;0;0.0001;concept1;0.4475217075315591;None;0.22662616751197082;0.5524782924684408;10;3;128;128
142;1;0.0001;concept2;1.757858455190723;None;0.2768380239647104;-0.757858455190723;10;3;128;128
142;2;0.0001;concept3;0.4635816580991005;None;0.34067470660795685;0.5364183419008994;10;3;128;128
143;0;0.0001;concept1;0.4470969014736576;None;0.2264908954168085;0.5529030985263425;10;3;128;128
143;1;0.0001;concept2;1.7556101744094939;None;0.27664361600468257;-0.7556101744094939;10;3;128;128
143;2;0.0001;concept3;0.46306435673372115;None;0.34043599158093757;0.5369356432662789;10;3;128;128
144;0;0.0001;concept1;0.44664733061460943;None;0.22634408547616544;0.5533526693853905;10;3;128;128
144;1;0.0001;concept2;1.7533533397404213;None;0.27644806208173484;-0.7533533397404213;10;3;128;128
144;2;0.0001;concept3;0.4626578725663126;None;0.34023096096562433;0.5373421274336874;10;3;128;128
145;0;0.0001;concept1;0.4455153586517026;None;0.2259830131198336;0.5544846413482973;10;3;128;128
145;1;0.0001;concept2;1.7467249260151192;None;0.2758723427320608;-0.7467249260151194;10;3;128;128
145;2;0.0001;concept3;0.46151805943138097;None;0.3396596450548691;0.5384819405686191;10;3;128;128
146;0;0.0001;concept1;0.44510731825497324;None;0.22585498448705216;0.5548926817450268;10;3;128;128
146;1;0.0001;concept2;1.7444843657572553;None;0.27567804875709906;-0.7444843657572553;10;3;128;128
146;2;0.0001;concept3;0.4610755994212823;None;0.33945216615099205;0.5389244005787177;10;3;128;128
147;0;0.0001;concept1;0.44469808953908263;None;0.22572534070125624;0.5553019104609174;10;3;128;128
147;1;0.0001;concept2;1.742331802000431;None;0.2754913927555175;-0.742331802000431;10;3;128;128
147;2;0.0001;concept3;0.4606076221180532;None;0.33921923758969924;0.5393923778819469;10;3;128;128
148;0;0.0001;concept1;0.44427786096167626;None;0.22559174654414013;0.5557221390383238;10;3;128;128
148;1;0.0001;concept2;1.7401801717713452;None;0.2753048211176495;-0.7401801717713452;10;3;128;128
148;2;0.0001;concept3;0.46012508351037174;None;0.3389820497842308;0.5398749164896283;10;3;128;128
149;0;0.0001;concept1;0.44310821446083704;None;0.22520635395138977;0.556891785539163;10;3;128;128
149;1;0.0001;concept2;1.733799861423369;None;0.2747513896788234;-0.733799861423369;10;3;128;128
149;2;0.0001;concept3;0.45873946094734946;None;0.33831118441877744;0.5412605390526506;10;3;128;128
150;0;0.0001;concept1;0.420495672560431;None;0.20534709563917491;0.579504327439569;10;3;128;128
150;1;0.0001;concept2;0.2913820717533632;None;0.21853752473617052;0.7086179282466367;10;3;128;128
150;2;0.0001;concept3;2.366646892113088;None;0.216976306390038;-1.366646892113088;10;3;128;128
151;0;0.0001;concept1;0.41996099377039037;None;0.20519264496494846;0.5800390062296097;10;3;128;128
151;1;0.0001;concept2;0.29053270410317056;None;0.2180917195243053;0.7094672958968294;10;3;128;128
151;2;0.0001;concept3;2.3729543637556363;None;0.2170898906730402;-1.3729543637556363;10;3;128;128
152;0;0.0001;concept1;0.41943759608939907;None;0.20504082750479571;0.580562403910601;10;3;128;128
152;1;0.0001;concept2;0.2896959654362333;None;0.2176517833558009;0.7103040345637666;10;3;128;128
152;2;0.0001;concept3;2.3810138165920804;None;0.21727273969164343;-1.3810138165920804;10;3;128;128
153;0;0.0001;concept1;0.4181979067442517;None;0.20468252319953112;0.5818020932557484;10;3;128;128
153;1;0.0001;concept2;0.28785270742000557;None;0.21667925728651224;0.7121472925799944;10;3;128;128
153;2;0.0001;concept3;2.3949620539677565;None;0.21753044742045802;-1.3949620539677565;10;3;128;128
154;0;0.0001;concept1;0.41768861034508514;None;0.20453561812797566;0.5823113896549149;10;3;128;128
154;1;0.0001;concept2;0.2870193201338023;None;0.21623746689805343;0.7129806798661977;10;3;128;128
154;2;0.0001;concept3;2.4018841757865843;None;0.21766994686699467;-1.4018841757865843;10;3;128;128
155;0;0.0001;concept1;0.41717747144791933;None;0.20438863308024338;0.5828225285520806;10;3;128;128
155;1;0.0001;concept2;0.2862299685826008;None;0.21582078730530546;0.7137700314173991;10;3;128;128
155;2;0.0001;concept3;2.4083122949485536;None;0.2177898207145479;-1.408312294948554;10;3;128;128
156;0;0.0001;concept1;0.41667708131080633;None;0.2042466151173372;0.5833229186891937;10;3;128;128
156;1;0.0001;concept2;0.28542589609875446;None;0.21539412295897442;0.7145741039012455;10;3;128;128
156;2;0.0001;concept3;2.4156274896040113;None;0.21794840432180118;-1.4156274896040117;10;3;128;128
157;0;0.0001;concept1;0.4154565670233604;None;0.2038949935570224;0.5845434329766397;10;3;128;128
157;1;0.0001;concept2;0.2836199910943732;None;0.21443600893574535;0.7163800089056268;10;3;128;128
157;2;0.0001;concept3;2.429317848370339;None;0.21819516466979333;-1.429317848370339;10;3;128;128
158;0;0.0001;concept1;0.41496663241952425;None;0.20375376844342383;0.5850333675804757;10;3;128;128
158;1;0.0001;concept2;0.28282237025434503;None;0.21401020373195975;0.7171776297456549;10;3;128;128
158;2;0.0001;concept3;2.436558751730593;None;0.21834876548329868;-1.436558751730593;10;3;128;128
159;0;0.0001;concept1;0.4144825070010949;None;0.20361395673990387;0.5855174929989051;10;3;128;128
159;1;0.0001;concept2;0.2820363954277717;None;0.21359287948893924;0.7179636045722283;10;3;128;128
159;2;0.0001;concept3;2.4435531146037692;None;0.21849685023671314;-1.4435531146037697;10;3;128;128
160;0;0.0001;concept1;0.41399812159348615;None;0.20347321914992397;0.586001878406514;10;3;128;128
160;1;0.0001;concept2;0.28125446785289315;None;0.21317631261444583;0.7187455321471068;10;3;128;128
160;2;0.0001;concept3;2.449864206346564;None;0.21861888387064626;-1.4498642063465645;10;3;128;128
161;0;0.0001;concept1;0.41281967245867635;None;0.20312645041070942;0.5871803275413237;10;3;128;128
161;1;0.0001;concept2;0.27949859773223634;None;0.21223800870066295;0.7205014022677636;10;3;128;128
161;2;0.0001;concept3;2.463473152421729;None;0.2188647264867906;-1.463473152421729;10;3;128;128
162;0;0.0001;concept1;0.4123693150553701;None;0.20300096373904772;0.5876306849446299;10;3;128;128
162;1;0.0001;concept2;0.2787336531432915;None;0.21182845210596504;0.7212663468567084;10;3;128;128
162;2;0.0001;concept3;2.470670744651812;None;0.2190193100426387;-1.470670744651812;10;3;128;128
163;0;0.0001;concept1;0.41187945767994266;None;0.2028556136468126;0.5881205423200574;10;3;128;128
163;1;0.0001;concept2;0.2779713334949901;None;0.21141905937700206;0.7220286665050099;10;3;128;128
163;2;0.0001;concept3;2.477540642853421;None;0.2191620154216998;-1.477540642853421;10;3;128;128
164;0;0.0001;concept1;0.4114126738138347;None;0.20272177388696302;0.5885873261861654;10;3;128;128
164;1;0.0001;concept2;0.27722801757703713;None;0.2110178162982997;0.7227719824229628;10;3;128;128
164;2;0.0001;concept3;2.484996729175706;None;0.21932452592966953;-1.4849967291757058;10;3;128;128
165;0;0.0001;concept1;0.4102646419229064;None;0.20239139835457706;0.5897353580770937;10;3;128;128
165;1;0.0001;concept2;0.275520984754074;None;0.21009699588322267;0.724479015245926;10;3;128;128
165;2;0.0001;concept3;2.4979959610591607;None;0.2195519989654582;-1.4979959610591607;10;3;128;128
166;0;0.0001;concept1;0.4097977897237886;None;0.20225598318815502;0.5902022102762114;10;3;128;128
166;1;0.0001;concept2;0.2747784884444264;None;0.20969601393714354;0.7252215115555736;10;3;128;128
166;2;0.0001;concept3;2.5049934213298584;None;0.21969959735094938;-1.5049934213298584;10;3;128;128
167;0;0.0001;concept1;0.40937635481030327;None;0.20213816842103077;0.5906236451896968;10;3;128;128
167;1;0.0001;concept2;0.2740478702728407;None;0.20929920592949502;0.7259521297271593;10;3;128;128
167;2;0.0001;concept3;2.5112627729379984;None;0.21982038452276143;-1.5112627729379984;10;3;128;128
168;0;0.0001;concept1;0.40890895377387726;None;0.20200253308708346;0.5910910462261227;10;3;128;128
168;1;0.0001;concept2;0.2733344828366931;None;0.2089185259905422;0.726665517163307;10;3;128;128
168;2;0.0001;concept3;2.5148238522071846;None;0.21984435121467302;-1.514823852207185;10;3;128;128
169;0;0.0001;concept1;0.40778885687227345;None;0.20168041677870066;0.5922111431277266;10;3;128;128
169;1;0.0001;concept2;0.271691063079839;None;0.2080332461980701;0.728308936920161;10;3;128;128
169;2;0.0001;concept3;2.525625668790127;None;0.21999746696262837;-1.525625668790127;10;3;128;128
170;0;0.0001;concept1;0.40736388440449034;None;0.20156135812717282;0.5926361155955097;10;3;128;128
170;1;0.0001;concept2;0.2709735615294566;None;0.2076430629034682;0.7290264384705434;10;3;128;128
170;2;0.0001;concept3;2.532164784568953;None;0.22012966823941604;-1.5321647845689532;10;3;128;128
171;0;0.0001;concept1;0.4069398827992855;None;0.2014389856937572;0.5930601172007145;10;3;128;128
171;1;0.0001;concept2;0.27026926415053404;None;0.20725893474158003;0.729730735849466;10;3;128;128
171;2;0.0001;concept3;2.538162059875474;None;0.2202427034689454;-1.5381620598754746;10;3;128;128
172;0;0.0001;concept1;0.40649941655583205;None;0.20131074400921892;0.593500583444168;10;3;128;128
172;1;0.0001;concept2;0.26956658149723545;None;0.20687806591920924;0.7304334185027646;10;3;128;128
172;2;0.0001;concept3;2.5435983219323544;None;0.22033391013864306;-1.5435983219323544;10;3;128;128
173;0;0.0001;concept1;0.40540792771751655;None;0.20099393062045406;0.5945920722824835;10;3;128;128
173;1;0.0001;concept2;0.26794451006292597;None;0.20600012491497122;0.732055489937074;10;3;128;128
173;2;0.0001;concept3;2.5551377594112017;None;0.2205111062657483;-1.5551377594112021;10;3;128;128
174;0;0.0001;concept1;0.4049664183137919;None;0.2008666106981297;0.5950335816862081;10;3;128;128
174;1;0.0001;concept2;0.2672594448771466;None;0.20562606385379845;0.7327405551228534;10;3;128;128
174;2;0.0001;concept3;2.561527963918724;None;0.22063420983901813;-1.5615279639187238;10;3;128;128
175;0;0.0001;concept1;0.40454466081088825;None;0.20074763261945303;0.5954553391891118;10;3;128;128
175;1;0.0001;concept2;0.2665891240141002;None;0.20526684714890617;0.7334108759858998;10;3;128;128
175;2;0.0001;concept3;2.568046558680301;None;0.22076609912888998;-1.568046558680301;10;3;128;128
176;0;0.0001;concept1;0.4041014381289049;None;0.20062017680366323;0.5958985618710951;10;3;128;128
176;1;0.0001;concept2;0.26591023844055117;None;0.20489693078582466;0.7340897615594488;10;3;128;128
176;2;0.0001;concept3;2.574302125852512;None;0.22088841444756468;-1.5743021258525118;10;3;128;128
177;0;0.0001;concept1;0.40306352249119415;None;0.20032398965826356;0.5969364775088059;10;3;128;128
177;1;0.0001;concept2;0.26433100502166684;None;0.2040330316873721;0.7356689949783332;10;3;128;128
177;2;0.0001;concept3;2.584818447902379;None;0.22103162100958634;-1.584818447902379;10;3;128;128
178;0;0.0001;concept1;0.4026144140579868;None;0.20018889995941674;0.5973855859420132;10;3;128;128
178;1;0.0001;concept2;0.2636665837542715;None;0.20366892952912488;0.7363334162457285;10;3;128;128
178;2;0.0001;concept3;2.5927736579665868;None;0.22121562682414378;-1.5927736579665868;10;3;128;128
179;0;0.0001;concept1;0.4022435842268703;None;0.20008677512348527;0.5977564157731297;10;3;128;128
179;1;0.0001;concept2;0.26299990046228394;None;0.20330272723675336;0.7370000995377161;10;3;128;128
179;2;0.0001;concept3;2.599086676903255;None;0.22134330108880468;-1.599086676903255;10;3;128;128
180;0;0.0001;concept1;0.4018720871040474;None;0.1999846425991809;0.5981279128959527;10;3;128;128
180;1;0.0001;concept2;0.26236101792366884;None;0.2029480119670708;0.7376389820763312;10;3;128;128
180;2;0.0001;concept3;2.6051207269749277;None;0.22146231846653527;-1.6051207269749277;10;3;128;128
181;0;0.0001;concept1;0.40084674002616083;None;0.19968601992139523;0.5991532599738392;10;3;128;128
181;1;0.0001;concept2;0.26081949543861394;None;0.2020966301536667;0.7391805045613861;10;3;128;128
181;2;0.0001;concept3;2.6139172415864205;None;0.22153952546687974;-1.6139172415864205;10;3;128;128
182;0;0.0001;concept1;0.40047341147514337;None;0.19958167801931473;0.5995265885248566;10;3;128;128
182;1;0.0001;concept2;0.26016988095748617;None;0.20173815594466146;0.7398301190425138;10;3;128;128
182;2;0.0001;concept3;2.615545013478513;None;0.22150201393389318;-1.615545013478513;10;3;128;128
183;0;0.0001;concept1;0.4000706379389072;None;0.1994652793588008;0.5999293620610928;10;3;128;128
183;1;0.0001;concept2;0.2595223015499774;None;0.20137957689998984;0.7404776984500225;10;3;128;128
183;2;0.0001;concept3;2.621852836514882;None;0.22162750566751524;-1.6218528365148819;10;3;128;128
184;0;0.0001;concept1;0.3996786476253035;None;0.19935052975670092;0.6003213523746965;10;3;128;128
184;1;0.0001;concept2;0.25888605190480757;None;0.20102754072706233;0.7411139480951925;10;3;128;128
184;2;0.0001;concept3;2.626895733382727;None;0.22170967786009727;-1.6268957333827272;10;3;128;128
185;0;0.0001;concept1;0.3986654406349845;None;0.19905353249499289;0.6013345593650155;10;3;128;128
185;1;0.0001;concept2;0.25740021239541655;None;0.20020695767633676;0.7425997876045835;10;3;128;128
185;2;0.0001;concept3;2.63841382093517;None;0.22189199895165548;-1.63841382093517;10;3;128;128
186;0;0.0001;concept1;0.3982526427169364;None;0.1989303642427535;0.6017473572830636;10;3;128;128
186;1;0.0001;concept2;0.2567694638578163;None;0.19985761611820402;0.7432305361421837;10;3;128;128
186;2;0.0001;concept3;2.6432294240950696;None;0.22196386979249877;-1.64322942409507;10;3;128;128
187;0;0.0001;concept1;0.3978791296938201;None;0.19882291665456261;0.60212087030618;10;3;128;128
187;1;0.0001;concept2;0.25614736320116344;None;0.19951265416764555;0.7438526367988365;10;3;128;128
187;2;0.0001;concept3;2.6487676616088858;None;0.22206519198415767;-1.6487676616088853;10;3;128;128
188;0;0.0001;concept1;0.3975004515855228;None;0.1987134279849564;0.6024995484144773;10;3;128;128
188;1;0.0001;concept2;0.25553602077320475;None;0.19917256350009638;0.7444639792267953;10;3;128;128
188;2;0.0001;concept3;2.6545860470381717;None;0.22217574834873077;-1.6545860470381717;10;3;128;128
189;0;0.0001;concept1;0.39651907655147084;None;0.19843210834537967;0.6034809234485292;10;3;128;128
189;1;0.0001;concept2;0.25408126323165914;None;0.1983619881715374;0.7459187367683409;10;3;128;128
189;2;0.0001;concept3;2.6693314190499984;None;0.22248711863473186;-1.6693314190499988;10;3;128;128
190;0;0.0001;concept1;0.396103929903295;None;0.1983132549103219;0.603896070096705;10;3;128;128
190;1;0.0001;concept2;0.2534689254367905;None;0.1980197432149633;0.7465310745632094;10;3;128;128
190;2;0.0001;concept3;2.6755626851766645;None;0.2226102277780634;-1.675562685176665;10;3;128;128
191;0;0.0001;concept1;0.39570138205094313;None;0.19819355167185773;0.6042986179490568;10;3;128;128
191;1;0.0001;concept2;0.2528667707779499;None;0.19768304395917569;0.74713322922205;10;3;128;128
191;2;0.0001;concept3;2.680935266065706;None;0.22270602001764944;-1.6809352660657062;10;3;128;128
192;0;0.0001;concept1;0.39532755939362113;None;0.19808546255704484;0.6046724406063789;10;3;128;128
192;1;0.0001;concept2;0.25227171306549023;None;0.19735159765052288;0.7477282869345098;10;3;128;128
192;2;0.0001;concept3;2.687088341804447;None;0.22283270171231342;-1.6870883418044476;10;3;128;128
193;0;0.0001;concept1;0.3943586001820077;None;0.19780174740972564;0.6056413998179924;10;3;128;128
193;1;0.0001;concept2;0.25086087598742507;None;0.19655962651188127;0.7491391240125749;10;3;128;128
193;2;0.0001;concept3;2.6988956107453825;None;0.22303414968474053;-1.698895610745383;10;3;128;128
194;0;0.0001;concept1;0.3939744050468715;None;0.1976892432243552;0.6060255949531286;10;3;128;128
194;1;0.0001;concept2;0.25027029948619633;None;0.1962272729419584;0.7497297005138037;10;3;128;128
194;2;0.0001;concept3;2.7048298016333097;None;0.2231518527269415;-1.70482980163331;10;3;128;128
195;0;0.0001;concept1;0.3935761527693823;None;0.19757149562348184;0.6064238472306178;10;3;128;128
195;1;0.0001;concept2;0.2496832853234368;None;0.1958951103178878;0.7503167146765632;10;3;128;128
195;2;0.0001;concept3;2.710891440246919;None;0.22327376947899966;-1.710891440246919;10;3;128;128
196;0;0.0001;concept1;0.3932159523264301;None;0.19746485413642909;0.60678404767357;10;3;128;128
196;1;0.0001;concept2;0.24909949345552565;None;0.19556500958756576;0.7509005065444743;10;3;128;128
196;2;0.0001;concept3;2.7162937570688235;None;0.22337445554278504;-1.7162937570688235;10;3;128;128
197;0;0.0001;concept1;0.3922962677982985;None;0.19719653286222788;0.6077037322017015;10;3;128;128
197;1;0.0001;concept2;0.24771442294447418;None;0.19478034758077611;0.7522855770555258;10;3;128;128
197;2;0.0001;concept3;2.7276257944540685;None;0.22356260460779395;-1.7276257944540685;10;3;128;128
198;0;0.0001;concept1;0.3919131673121429;None;0.19708390838949189;0.6080868326878571;10;3;128;128
198;1;0.0001;concept2;0.24713764615754208;None;0.19445293567265332;0.7528623538424579;10;3;128;128
198;2;0.0001;concept3;2.7329791225506326;None;0.22366074434714708;-1.732979122550633;10;3;128;128
199;0;0.0001;concept1;0.39154184678550763;None;0.19697606574068482;0.6084581532144924;10;3;128;128
199;1;0.0001;concept2;0.2465672943729807;None;0.19413076023886075;0.7534327056270194;10;3;128;128
199;2;0.0001;concept3;2.7315252815936852;None;0.2235264480882294;-1.7315252815936852;10;3;128;128
