0;0;0.0001;concept1;0.27705488;None;0.18127373;0.7229450941085815;10;3;128;128
0;1;0.0001;concept2;0.6714851;None;0.29788277;0.32851481437683105;10;3;128;128
0;2;0.0001;concept3;0.9344336;None;0.34212363;0.06556636095046997;10;3;128;128
1;0;0.0001;concept1;0.47690168;None;0.2442349;0.523098349571228;10;3;128;128
1;1;0.0001;concept2;0.8775059;None;0.34463197;0.12249410152435303;10;3;128;128
1;2;0.0001;concept3;0.9490174;None;0.35616544;0.050982534885406494;10;3;128;128
2;0;0.0001;concept1;0.28628778;None;0.18610442;0.713712215423584;10;3;128;128
2;1;0.0001;concept2;0.48416144;None;0.2542781;0.5158385634422302;10;3;128;128
2;2;0.0001;concept3;0.4629231;None;0.23891145;0.5370768904685974;10;3;128;128
3;0;0.0001;concept1;0.22168891;None;0.16335188;0.7783111333847046;10;3;128;128
3;1;0.0001;concept2;0.3257095;None;0.20485918;0.6742905378341675;10;3;128;128
3;2;0.0001;concept3;0.31716198;None;0.18898787;0.6828380227088928;10;3;128;128
4;0;0.0001;concept1;0.18969674;None;0.15112104;0.810303270816803;10;3;128;128
4;1;0.0001;concept2;0.24192728;None;0.17344068;0.7580727338790894;10;3;128;128
4;2;0.0001;concept3;0.26177365;None;0.16508228;0.7382263541221619;10;3;128;128
5;0;0.0001;concept1;0.17017451;None;0.1431624;0.8298255205154419;10;3;128;128
5;1;0.0001;concept2;0.19142573;None;0.15201452;0.8085743188858032;10;3;128;128
5;2;0.0001;concept3;0.23498401;None;0.15122086;0.7650159597396851;10;3;128;128
6;0;0.0001;concept1;0.15739487;None;0.13770136;0.8426051139831543;10;3;128;128
6;1;0.0001;concept2;0.15831266;None;0.13676701;0.8416873216629028;10;3;128;128
6;2;0.0001;concept3;0.21782127;None;0.14204943;0.7821786999702454;10;3;128;128
7;0;0.0001;concept1;0.14816697;None;0.13360165;0.8518330454826355;10;3;128;128
7;1;0.0001;concept2;0.13484195;None;0.12530307;0.8651580214500427;10;3;128;128
7;2;0.0001;concept3;0.20797285;None;0.13619679;0.7920271158218384;10;3;128;128
8;0;0.0001;concept1;0.14139883;None;0.13052298;0.8586011528968811;10;3;128;128
8;1;0.0001;concept2;0.11773544;None;0.116422005;0.8822645545005798;10;3;128;128
8;2;0.0001;concept3;0.20184937;None;0.13231711;0.7981506586074829;10;3;128;128
9;0;0.0001;concept1;0.13627067;None;0.12817237;0.8637293577194214;10;3;128;128
9;1;0.0001;concept2;0.10499582;None;0.1095243;0.895004153251648;10;3;128;128
9;2;0.0001;concept3;0.1982357;None;0.12979609;0.8017643094062805;10;3;128;128
10;0;0.0001;concept1;0.13208288;None;0.12619421;0.8679171204566956;10;3;128;128
10;1;0.0001;concept2;0.095199674;None;0.10404947;0.904800295829773;10;3;128;128
10;2;0.0001;concept3;0.19456425;None;0.12768364;0.8054357171058655;10;3;128;128
11;0;0.0001;concept1;0.12868437;None;0.12455757;0.871315598487854;10;3;128;128
11;1;0.0001;concept2;0.087614946;None;0.09963427;0.9123850464820862;10;3;128;128
11;2;0.0001;concept3;0.19196583;None;0.12618563;0.8080341815948486;10;3;128;128
12;0;0.0001;concept1;0.12581453;None;0.12315167;0.8741855025291443;10;3;128;128
12;1;0.0001;concept2;0.081579514;None;0.096038856;0.9184204936027527;10;3;128;128
12;2;0.0001;concept3;0.19000053;None;0.12497066;0.8099994659423828;10;3;128;128
13;0;0.0001;concept1;0.123435505;None;0.121958986;0.8765645027160645;10;3;128;128
13;1;0.0001;concept2;0.07654935;None;0.09298123;0.9234506487846375;10;3;128;128
13;2;0.0001;concept3;0.18823852;None;0.12395045;0.8117614984512329;10;3;128;128
14;0;0.0001;concept1;0.12131938;None;0.12089078;0.8786805868148804;10;3;128;128
14;1;0.0001;concept2;0.07243311;None;0.09040972;0.9275668859481812;10;3;128;128
14;2;0.0001;concept3;0.18673043;None;0.123103306;0.8132696151733398;10;3;128;128
15;0;0.0001;concept1;0.119495995;None;0.11995945;0.8805040121078491;10;3;128;128
15;1;0.0001;concept2;0.06895531;None;0.08817418;0.9310446977615356;10;3;128;128
15;2;0.0001;concept3;0.18560386;None;0.12243229;0.8143961429595947;10;3;128;128
16;0;0.0001;concept1;0.11787719;None;0.11912085;0.882122814655304;10;3;128;128
16;1;0.0001;concept2;0.06603506;None;0.08624374;0.9339649677276611;10;3;128;128
16;2;0.0001;concept3;0.18467422;None;0.121856205;0.8153257369995117;10;3;128;128
17;0;0.0001;concept1;0.1164256;None;0.11835697;0.883574366569519;10;3;128;128
17;1;0.0001;concept2;0.06364789;None;0.08464542;0.9363521337509155;10;3;128;128
17;2;0.0001;concept3;0.18421927;None;0.12150264;0.815780758857727;10;3;128;128
18;0;0.0001;concept1;0.11517479;None;0.117692545;0.8848252296447754;10;3;128;128
18;1;0.0001;concept2;0.061458975;None;0.08315212;0.938541054725647;10;3;128;128
18;2;0.0001;concept3;0.1835361;None;0.12108581;0.8164638876914978;10;3;128;128
19;0;0.0001;concept1;0.11397478;None;0.11706046;0.8860251903533936;10;3;128;128
19;1;0.0001;concept2;0.059543725;None;0.08182669;0.9404562711715698;10;3;128;128
19;2;0.0001;concept3;0.18281564;None;0.12067284;0.817184329032898;10;3;128;128
20;0;0.0001;concept1;0.112941705;None;0.116497114;0.8870583176612854;10;3;128;128
20;1;0.0001;concept2;0.05783576;None;0.080626965;0.9421642422676086;10;3;128;128
20;2;0.0001;concept3;0.18212755;None;0.12023856;0.8178724646568298;10;3;128;128
21;0;0.0001;concept1;0.11197928;None;0.11597975;0.8880206942558289;10;3;128;128
21;1;0.0001;concept2;0.05627192;None;0.07948892;0.9437280893325806;10;3;128;128
21;2;0.0001;concept3;0.1816923;None;0.11993823;0.8183076977729797;10;3;128;128
22;0;0.0001;concept1;0.11110498;None;0.115493156;0.8888950347900391;10;3;128;128
22;1;0.0001;concept2;0.054926015;None;0.07851763;0.9450739622116089;10;3;128;128
22;2;0.0001;concept3;0.18140449;None;0.11969702;0.8185955286026001;10;3;128;128
23;0;0.0001;concept1;0.11025479;None;0.11502402;0.8897452354431152;10;3;128;128
23;1;0.0001;concept2;0.053710867;None;0.07762699;0.9462891221046448;10;3;128;128
23;2;0.0001;concept3;0.18112665;None;0.11948683;0.8188733458518982;10;3;128;128
24;0;0.0001;concept1;0.10946034;None;0.11458325;0.8905396461486816;10;3;128;128
24;1;0.0001;concept2;0.05262122;None;0.07682302;0.9473787546157837;10;3;128;128
24;2;0.0001;concept3;0.1805322;None;0.11920766;0.8194677829742432;10;3;128;128
25;0;0.0001;concept1;0.10874787;None;0.114180416;0.8912521600723267;10;3;128;128
25;1;0.0001;concept2;0.05161028;None;0.07606398;0.9483897089958191;10;3;128;128
25;2;0.0001;concept3;0.18016171;None;0.11900165;0.819838285446167;10;3;128;128
26;0;0.0001;concept1;0.10801167;None;0.11375927;0.8919883370399475;10;3;128;128
26;1;0.0001;concept2;0.050710753;None;0.07538506;0.9492892622947693;10;3;128;128
26;2;0.0001;concept3;0.17985618;None;0.11881623;0.8201438188552856;10;3;128;128
27;0;0.0001;concept1;0.10664048;None;0.11301478;0.8933595418930054;10;3;128;128
27;1;0.0001;concept2;0.049882494;None;0.07475673;0.9501175284385681;10;3;128;128
27;2;0.0001;concept3;0.17962728;None;0.1186616;0.8203727006912231;10;3;128;128
28;0;0.0001;concept1;0.10607578;None;0.11268963;0.8939242362976074;10;3;128;128
28;1;0.0001;concept2;0.049134716;None;0.07418986;0.9508652687072754;10;3;128;128
28;2;0.0001;concept3;0.17952949;None;0.118546106;0.8204705119132996;10;3;128;128
29;0;0.0001;concept1;0.105603434;None;0.112415664;0.8943965435028076;10;3;128;128
29;1;0.0001;concept2;0.04841867;None;0.0736383;0.9515813589096069;10;3;128;128
29;2;0.0001;concept3;0.17965187;None;0.118524425;0.8203481435775757;10;3;128;128
30;0;0.0001;concept1;0.10507891;None;0.112110764;0.894921064376831;10;3;128;128
30;1;0.0001;concept2;0.04776878;None;0.073131755;0.952231228351593;10;3;128;128
30;2;0.0001;concept3;0.17940375;None;0.11837955;0.8205962181091309;10;3;128;128
31;0;0.0001;concept1;0.104614265;None;0.11184147;0.8953857421875;10;3;128;128
31;1;0.0001;concept2;0.047162883;None;0.07265934;0.9528371095657349;10;3;128;128
31;2;0.0001;concept3;0.17924528;None;0.1182602;0.8207547068595886;10;3;128;128
32;0;0.0001;concept1;0.10417511;None;0.1115831;0.8958249092102051;10;3;128;128
32;1;0.0001;concept2;0.046616465;None;0.072227255;0.9533835649490356;10;3;128;128
32;2;0.0001;concept3;0.17909688;None;0.11816789;0.8209031224250793;10;3;128;128
33;0;0.0001;concept1;0.10378058;None;0.11135465;0.8962194323539734;10;3;128;128
33;1;0.0001;concept2;0.04610191;None;0.071822196;0.9538980722427368;10;3;128;128
33;2;0.0001;concept3;0.1790658;None;0.11811049;0.8209341764450073;10;3;128;128
34;0;0.0001;concept1;0.103351876;None;0.111096725;0.896648108959198;10;3;128;128
34;1;0.0001;concept2;0.045614373;None;0.07143642;0.9543856382369995;10;3;128;128
34;2;0.0001;concept3;0.17915419;None;0.118089914;0.8208457827568054;10;3;128;128
35;0;0.0001;concept1;0.102961786;None;0.11086476;0.8970382213592529;10;3;128;128
35;1;0.0001;concept2;0.045160394;None;0.07107479;0.9548395872116089;10;3;128;128
35;2;0.0001;concept3;0.17901091;None;0.11799932;0.8209890723228455;10;3;128;128
36;0;0.0001;concept1;0.1025783;None;0.1106373;0.8974217176437378;10;3;128;128
36;1;0.0001;concept2;0.044726375;None;0.07072662;0.9552736282348633;10;3;128;128
36;2;0.0001;concept3;0.17908895;None;0.11798017;0.8209110498428345;10;3;128;128
37;0;0.0001;concept1;0.10223718;None;0.11043439;0.8977628350257874;10;3;128;128
37;1;0.0001;concept2;0.04433133;None;0.07040642;0.9556686878204346;10;3;128;128
37;2;0.0001;concept3;0.17883603;None;0.11785349;0.8211639523506165;10;3;128;128
38;0;0.0001;concept1;0.10186233;None;0.11020467;0.8981376886367798;10;3;128;128
38;1;0.0001;concept2;0.04393526;None;0.070079625;0.956064760684967;10;3;128;128
38;2;0.0001;concept3;0.17868297;None;0.11777837;0.8213170170783997;10;3;128;128
39;0;0.0001;concept1;0.101538315;None;0.110012464;0.8984616994857788;10;3;128;128
39;1;0.0001;concept2;0.04357641;None;0.06978468;0.9564235806465149;10;3;128;128
39;2;0.0001;concept3;0.17850529;None;0.117693305;0.8214946985244751;10;3;128;128
40;0;0.0001;concept1;0.101213865;None;0.10981857;0.8987861275672913;10;3;128;128
40;1;0.0001;concept2;0.0432316;None;0.069499604;0.9567683935165405;10;3;128;128
40;2;0.0001;concept3;0.17852688;None;0.117661916;0.8214731216430664;10;3;128;128
41;0;0.0001;concept1;0.10090976;None;0.109634355;0.8990902304649353;10;3;128;128
41;1;0.0001;concept2;0.04291422;None;0.0692368;0.9570857882499695;10;3;128;128
41;2;0.0001;concept3;0.17884544;None;0.117754854;0.8211545348167419;10;3;128;128
42;0;0.0001;concept1;0.10061772;None;0.10946152;0.8993822932243347;10;3;128;128
42;1;0.0001;concept2;0.042610846;None;0.06898723;0.9573891758918762;10;3;128;128
42;2;0.0001;concept3;0.17868619;None;0.117670886;0.8213137984275818;10;3;128;128
43;0;0.0001;concept1;0.100361355;None;0.109302655;0.8996386528015137;10;3;128;128
43;1;0.0001;concept2;0.042235997;None;0.068675235;0.9577640295028687;10;3;128;128
43;2;0.0001;concept3;0.17856017;None;0.117600866;0.821439802646637;10;3;128;128
44;0;0.0001;concept1;0.10007804;None;0.109131075;0.8999219536781311;10;3;128;128
44;1;0.0001;concept2;0.04205081;None;0.06852267;0.957949161529541;10;3;128;128
44;2;0.0001;concept3;0.17867202;None;0.117606916;0.8213279843330383;10;3;128;128
45;0;0.0001;concept1;0.0998184;None;0.108973935;0.9001815915107727;10;3;128;128
45;1;0.0001;concept2;0.041783947;None;0.068300635;0.9582160711288452;10;3;128;128
45;2;0.0001;concept3;0.17866577;None;0.117589034;0.8213342428207397;10;3;128;128
46;0;0.0001;concept1;0.09954597;None;0.108809106;0.900454044342041;10;3;128;128
46;1;0.0001;concept2;0.041459557;None;0.06802682;0.9585404396057129;10;3;128;128
46;2;0.0001;concept3;0.17863677;None;0.11756377;0.8213632106781006;10;3;128;128
47;0;0.0001;concept1;0.0993275;None;0.10867513;0.9006724953651428;10;3;128;128
47;1;0.0001;concept2;0.041216977;None;0.06782211;0.9587830305099487;10;3;128;128
47;2;0.0001;concept3;0.17853223;None;0.11750712;0.8214677572250366;10;3;128;128
48;0;0.0001;concept1;0.09912661;None;0.10854998;0.9008733630180359;10;3;128;128
48;1;0.0001;concept2;0.04098921;None;0.06762842;0.9590107798576355;10;3;128;128
48;2;0.0001;concept3;0.17849731;None;0.117472045;0.821502685546875;10;3;128;128
49;0;0.0001;concept1;0.09887611;None;0.10840081;0.9011238813400269;10;3;128;128
49;1;0.0001;concept2;0.040766735;None;0.06743879;0.959233283996582;10;3;128;128
49;2;0.0001;concept3;0.17838138;None;0.117418446;0.8216186165809631;10;3;128;128
50;2;0.0001;concept3;0.17836908;None;0.117397994;0.8216309547424316;10;3;128;128
50;0;0.0001;concept1;0.09866683;None;0.10826982;0.9013331532478333;10;3;128;128
50;1;0.0001;concept2;0.040548827;None;0.0672513;0.9594511985778809;10;3;128;128
51;2;0.0001;concept3;0.17821032;None;0.11732914;0.8217896819114685;10;3;128;128
51;0;0.0001;concept1;0.09845299;None;0.10813918;0.9015470147132874;10;3;128;128
51;1;0.0001;concept2;0.04036427;None;0.06709337;0.9596357345581055;10;3;128;128
52;2;0.0001;concept3;0.1781735;None;0.11730084;0.8218264579772949;10;3;128;128
52;0;0.0001;concept1;0.09826591;None;0.10802099;0.9017341136932373;10;3;128;128
52;1;0.0001;concept2;0.040170733;None;0.0669275;0.9598292708396912;10;3;128;128
53;2;0.0001;concept3;0.17808479;None;0.1172649;0.8219152092933655;10;3;128;128
53;0;0.0001;concept1;0.09804354;None;0.10788281;0.9019564390182495;10;3;128;128
53;1;0.0001;concept2;0.0399816;None;0.06676549;0.9600183963775635;10;3;128;128
54;2;0.0001;concept3;0.17818318;None;0.117283516;0.8218168020248413;10;3;128;128
54;0;0.0001;concept1;0.097905666;None;0.10779542;0.9020943641662598;10;3;128;128
54;1;0.0001;concept2;0.039801374;None;0.066611476;0.9601986408233643;10;3;128;128
55;2;0.0001;concept3;0.1781247;None;0.11726723;0.8218753337860107;10;3;128;128
55;0;0.0001;concept1;0.097668484;None;0.1076486;0.902331531047821;10;3;128;128
55;1;0.0001;concept2;0.039625052;None;0.06646087;0.9603749513626099;10;3;128;128
56;2;0.0001;concept3;0.17808428;None;0.11724379;0.8219156861305237;10;3;128;128
56;0;0.0001;concept1;0.09749474;None;0.10753816;0.9025052785873413;10;3;128;128
56;1;0.0001;concept2;0.039462104;None;0.06632077;0.9605379104614258;10;3;128;128
57;2;0.0001;concept3;0.17797811;None;0.11719742;0.8220219016075134;10;3;128;128
57;0;0.0001;concept1;0.09732207;None;0.10743053;0.9026779532432556;10;3;128;128
57;1;0.0001;concept2;0.03930124;None;0.06618229;0.9606987833976746;10;3;128;128
58;2;0.0001;concept3;0.17768495;None;0.11710007;0.8223150372505188;10;3;128;128
58;0;0.0001;concept1;0.097145975;None;0.10731538;0.9028540253639221;10;3;128;128
58;1;0.0001;concept2;0.039141282;None;0.06604225;0.9608587026596069;10;3;128;128
59;2;0.0001;concept3;0.17760247;None;0.11705584;0.8223975300788879;10;3;128;128
59;0;0.0001;concept1;0.097019784;None;0.10722868;0.9029802083969116;10;3;128;128
59;1;0.0001;concept2;0.038984183;None;0.06590698;0.9610158205032349;10;3;128;128
60;2;0.0001;concept3;0.17764693;None;0.11704763;0.8223530650138855;10;3;128;128
60;0;0.0001;concept1;0.09684872;None;0.10711808;0.903151273727417;10;3;128;128
60;1;0.0001;concept2;0.038837124;None;0.06578063;0.9611628651618958;10;3;128;128
61;2;0.0001;concept3;0.17756517;None;0.117012545;0.8224348425865173;10;3;128;128
61;0;0.0001;concept1;0.09666359;None;0.10700179;0.9033364057540894;10;3;128;128
61;1;0.0001;concept2;0.038693942;None;0.065654926;0.9613060355186462;10;3;128;128
62;2;0.0001;concept3;0.17752878;None;0.11698728;0.8224712014198303;10;3;128;128
62;0;0.0001;concept1;0.09651402;None;0.10690475;0.9034859538078308;10;3;128;128
62;1;0.0001;concept2;0.038557127;None;0.06553453;0.9614428877830505;10;3;128;128
63;2;0.0001;concept3;0.17750518;None;0.11696004;0.8224948048591614;10;3;128;128
63;0;0.0001;concept1;0.096326135;None;0.106789626;0.9036738872528076;10;3;128;128
63;1;0.0001;concept2;0.038423106;None;0.06541781;0.9615768790245056;10;3;128;128
64;2;0.0001;concept3;0.17742318;None;0.11692575;0.8225768208503723;10;3;128;128
64;0;0.0001;concept1;0.096202046;None;0.10671639;0.90379798412323;10;3;128;128
64;1;0.0001;concept2;0.038294684;None;0.06530598;0.9617053270339966;10;3;128;128
65;2;0.0001;concept3;0.17740558;None;0.11690207;0.822594404220581;10;3;128;128
65;0;0.0001;concept1;0.09606627;None;0.10662854;0.9039337635040283;10;3;128;128
65;1;0.0001;concept2;0.03816398;None;0.06519125;0.961836040019989;10;3;128;128
66;2;0.0001;concept3;0.17722167;None;0.11684034;0.8227783441543579;10;3;128;128
66;0;0.0001;concept1;0.09590634;None;0.10651688;0.9040936827659607;10;3;128;128
66;1;0.0001;concept2;0.03804149;None;0.06508403;0.9619585275650024;10;3;128;128
67;2;0.0001;concept3;0.1772375;None;0.11682758;0.8227624893188477;10;3;128;128
67;0;0.0001;concept1;0.09574121;None;0.10641291;0.9042587876319885;10;3;128;128
67;1;0.0001;concept2;0.037922673;None;0.06497944;0.9620773196220398;10;3;128;128
68;2;0.0001;concept3;0.17698574;None;0.11673632;0.8230142593383789;10;3;128;128
68;0;0.0001;concept1;0.09561019;None;0.106327206;0.9043897986412048;10;3;128;128
68;1;0.0001;concept2;0.03781261;None;0.06488278;0.9621874094009399;10;3;128;128
69;2;0.0001;concept3;0.17693323;None;0.116710104;0.823066771030426;10;3;128;128
69;0;0.0001;concept1;0.09547744;None;0.106239624;0.9045225381851196;10;3;128;128
69;1;0.0001;concept2;0.03769931;None;0.064783126;0.962300717830658;10;3;128;128
70;2;0.0001;concept3;0.17690967;None;0.116690725;0.8230903148651123;10;3;128;128
70;0;0.0001;concept1;0.09536909;None;0.106166765;0.9046308994293213;10;3;128;128
70;1;0.0001;concept2;0.037589777;None;0.06468563;0.9624102115631104;10;3;128;128
71;2;0.0001;concept3;0.17682953;None;0.1166565;0.8231704831123352;10;3;128;128
71;0;0.0001;concept1;0.09523985;None;0.1060824;0.9047601222991943;10;3;128;128
71;1;0.0001;concept2;0.03747986;None;0.06458921;0.9625201225280762;10;3;128;128
72;2;0.0001;concept3;0.17664872;None;0.1165972;0.823351263999939;10;3;128;128
72;0;0.0001;concept1;0.09510366;None;0.105996765;0.9048963189125061;10;3;128;128
72;1;0.0001;concept2;0.03737713;None;0.064497516;0.962622880935669;10;3;128;128
73;2;0.0001;concept3;0.17657611;None;0.11656319;0.8234238624572754;10;3;128;128
73;0;0.0001;concept1;0.09498599;None;0.10591777;0.9050140380859375;10;3;128;128
73;1;0.0001;concept2;0.037276153;None;0.06440956;0.9627238512039185;10;3;128;128
74;2;0.0001;concept3;0.17654292;None;0.11654164;0.8234571218490601;10;3;128;128
74;0;0.0001;concept1;0.09487503;None;0.10584219;0.9051249623298645;10;3;128;128
74;1;0.0001;concept2;0.037173476;None;0.06431876;0.9628265500068665;10;3;128;128
75;2;0.0001;concept3;0.17647561;None;0.11650554;0.8235243558883667;10;3;128;128
75;0;0.0001;concept1;0.094775;None;0.10577684;0.9052250385284424;10;3;128;128
75;1;0.0001;concept2;0.037083093;None;0.06423874;0.962916910648346;10;3;128;128
76;2;0.0001;concept3;0.17639838;None;0.11647088;0.8236016035079956;10;3;128;128
76;0;0.0001;concept1;0.09464331;None;0.105693534;0.9053567051887512;10;3;128;128
76;1;0.0001;concept2;0.03698608;None;0.06415319;0.9630139470100403;10;3;128;128
77;2;0.0001;concept3;0.17636141;None;0.11644727;0.8236385583877563;10;3;128;128
77;0;0.0001;concept1;0.09451367;None;0.10560548;0.9054863452911377;10;3;128;128
77;1;0.0001;concept2;0.03689162;None;0.06406902;0.9631083607673645;10;3;128;128
78;2;0.0001;concept3;0.17636293;None;0.11643221;0.823637068271637;10;3;128;128
78;0;0.0001;concept1;0.09440908;None;0.10554001;0.9055908918380737;10;3;128;128
78;1;0.0001;concept2;0.036802016;None;0.06398887;0.9631980061531067;10;3;128;128
79;2;0.0001;concept3;0.1762379;None;0.11638796;0.8237621188163757;10;3;128;128
79;0;0.0001;concept1;0.09431268;None;0.10547146;0.9056873321533203;10;3;128;128
79;1;0.0001;concept2;0.036710963;None;0.06390715;0.9632890224456787;10;3;128;128
80;2;0.0001;concept3;0.17598054;None;0.11631433;0.8240194320678711;10;3;128;128
80;0;0.0001;concept1;0.09417698;None;0.10538692;0.9058229923248291;10;3;128;128
80;1;0.0001;concept2;0.03662644;None;0.06383145;0.9633735418319702;10;3;128;128
81;2;0.0001;concept3;0.17612194;None;0.116331436;0.8238780498504639;10;3;128;128
81;0;0.0001;concept1;0.0941605;None;0.105351806;0.9058395028114319;10;3;128;128
81;1;0.0001;concept2;0.036542583;None;0.06375645;0.9634574055671692;10;3;128;128
82;2;0.0001;concept3;0.17590848;None;0.116279505;0.8240915536880493;10;3;128;128
82;0;0.0001;concept1;0.09405484;None;0.10528231;0.9059451818466187;10;3;128;128
82;1;0.0001;concept2;0.03645604;None;0.0636794;0.9635439515113831;10;3;128;128
83;2;0.0001;concept3;0.17586656;None;0.11625886;0.8241334557533264;10;3;128;128
83;0;0.0001;concept1;0.09393208;None;0.10520371;0.9060679078102112;10;3;128;128
83;1;0.0001;concept2;0.0363709;None;0.06360265;0.9636291265487671;10;3;128;128
84;2;0.0001;concept3;0.17581943;None;0.11622941;0.8241806030273438;10;3;128;128
84;0;0.0001;concept1;0.09385833;None;0.1051533;0.9061416983604431;10;3;128;128
84;1;0.0001;concept2;0.03629469;None;0.063533634;0.96370530128479;10;3;128;128
85;2;0.0001;concept3;0.1757565;None;0.116202645;0.8242434859275818;10;3;128;128
85;0;0.0001;concept1;0.093734756;None;0.10507281;0.9062652587890625;10;3;128;128
85;1;0.0001;concept2;0.03621493;None;0.0634616;0.9637850522994995;10;3;128;128
86;2;0.0001;concept3;0.17562519;None;0.116160825;0.824374794960022;10;3;128;128
86;0;0.0001;concept1;0.09365056;None;0.10501267;0.9063494205474854;10;3;128;128
86;1;0.0001;concept2;0.03613964;None;0.063393906;0.9638603329658508;10;3;128;128
87;2;0.0001;concept3;0.17551821;None;0.11612603;0.8244817852973938;10;3;128;128
87;0;0.0001;concept1;0.09364016;None;0.10497897;0.906359851360321;10;3;128;128
87;1;0.0001;concept2;0.036062203;None;0.06332439;0.9639378190040588;10;3;128;128
88;2;0.0001;concept3;0.1753036;None;0.1160735;0.82469642162323;10;3;128;128
88;0;0.0001;concept1;0.09353367;None;0.1049049;0.9064663648605347;10;3;128;128
88;1;0.0001;concept2;0.035987955;None;0.06325664;0.9640120267868042;10;3;128;128
89;2;0.0001;concept3;0.17522182;None;0.1160441;0.8247781991958618;10;3;128;128
89;0;0.0001;concept1;0.093434565;None;0.10483602;0.9065654277801514;10;3;128;128
89;1;0.0001;concept2;0.035914533;None;0.06318989;0.9640854597091675;10;3;128;128
90;2;0.0001;concept3;0.17534505;None;0.11605658;0.8246549367904663;10;3;128;128
90;0;0.0001;concept1;0.09333674;None;0.104771756;0.9066632390022278;10;3;128;128
90;1;0.0001;concept2;0.03584267;None;0.06312439;0.9641573429107666;10;3;128;128
91;2;0.0001;concept3;0.1753257;None;0.11603963;0.8246742486953735;10;3;128;128
91;0;0.0001;concept1;0.09323367;None;0.10470244;0.9067663550376892;10;3;128;128
91;1;0.0001;concept2;0.03577229;None;0.063060746;0.9642277359962463;10;3;128;128
92;2;0.0001;concept3;0.17524755;None;0.11601164;0.8247524499893188;10;3;128;128
92;0;0.0001;concept1;0.09314089;None;0.104640335;0.9068590998649597;10;3;128;128
92;1;0.0001;concept2;0.03569969;None;0.062994;0.9643003344535828;10;3;128;128
93;2;0.0001;concept3;0.17523834;None;0.11599866;0.8247616291046143;10;3;128;128
93;0;0.0001;concept1;0.09305457;None;0.10458096;0.9069454669952393;10;3;128;128
93;1;0.0001;concept2;0.035632677;None;0.06293331;0.9643673300743103;10;3;128;128
94;2;0.0001;concept3;0.17504457;None;0.11594528;0.824955403804779;10;3;128;128
94;0;0.0001;concept1;0.09296381;None;0.104520656;0.9070361852645874;10;3;128;128
94;1;0.0001;concept2;0.035567727;None;0.06287362;0.9644322991371155;10;3;128;128
95;2;0.0001;concept3;0.1752206;None;0.115959935;0.8247793912887573;10;3;128;128
95;0;0.0001;concept1;0.092887774;None;0.104468204;0.9071122407913208;10;3;128;128
95;1;0.0001;concept2;0.035502564;None;0.062814415;0.964497447013855;10;3;128;128
96;2;0.0001;concept3;0.1750545;None;0.115906924;0.8249455094337463;10;3;128;128
96;0;0.0001;concept1;0.09278407;None;0.10440188;0.90721595287323;10;3;128;128
96;1;0.0001;concept2;0.03543684;None;0.06275435;0.9645631909370422;10;3;128;128
97;2;0.0001;concept3;0.17506309;None;0.11589313;0.8249369263648987;10;3;128;128
97;0;0.0001;concept1;0.09322973;None;0.10468237;0.9067702889442444;10;3;128;128
97;1;0.0001;concept2;0.035368577;None;0.0626909;0.9646314382553101;10;3;128;128
98;2;0.0001;concept3;0.17483723;None;0.115828745;0.8251627683639526;10;3;128;128
98;0;0.0001;concept1;0.09304433;None;0.10455645;0.9069556593894958;10;3;128;128
98;1;0.0001;concept2;0.035310827;None;0.06263816;0.9646891951560974;10;3;128;128
99;2;0.0001;concept3;0.17480066;None;0.1158038;0.8251993656158447;10;3;128;128
99;0;0.0001;concept1;0.09297574;None;0.10451297;0.9070242643356323;10;3;128;128
99;1;0.0001;concept2;0.03524998;None;0.06258241;0.9647500514984131;10;3;128;128
100;2;0.0001;concept3;0.17452674;None;0.11572013;0.8254732489585876;10;3;128;128
100;0;0.0001;concept1;0.09289735;None;0.10446006;0.907102644443512;10;3;128;128
100;1;0.0001;concept2;0.035186287;None;0.06252418;0.9648137092590332;10;3;128;128
101;2;0.0001;concept3;0.17448795;None;0.115696594;0.8255120515823364;10;3;128;128
101;0;0.0001;concept1;0.092811294;None;0.10440626;0.9071887135505676;10;3;128;128
101;1;0.0001;concept2;0.03512381;None;0.06246752;0.9648761749267578;10;3;128;128
102;2;0.0001;concept3;0.17447603;None;0.11571113;0.8255239725112915;10;3;128;128
102;0;0.0001;concept1;0.09223828;None;0.10406528;0.9077616930007935;10;3;128;128
102;1;0.0001;concept2;0.03506651;None;0.062415104;0.9649335145950317;10;3;128;128
103;2;0.0001;concept3;0.17416649;None;0.11562942;0.8258334994316101;10;3;128;128
103;0;0.0001;concept1;0.092158586;None;0.10399852;0.9078414440155029;10;3;128;128
103;1;0.0001;concept2;0.03500627;None;0.0623598;0.9649937152862549;10;3;128;128
104;2;0.0001;concept3;0.17415;None;0.11561525;0.8258500099182129;10;3;128;128
104;0;0.0001;concept1;0.09208479;None;0.103950135;0.9079152345657349;10;3;128;128
104;1;0.0001;concept2;0.034950804;None;0.062308926;0.9650492072105408;10;3;128;128
105;2;0.0001;concept3;0.17421918;None;0.1156185;0.8257808089256287;10;3;128;128
105;0;0.0001;concept1;0.092018664;None;0.1039245;0.9079813361167908;10;3;128;128
105;1;0.0001;concept2;0.034895763;None;0.062257476;0.9651042222976685;10;3;128;128
106;2;0.0001;concept3;0.17420618;None;0.115606636;0.8257938027381897;10;3;128;128
106;0;0.0001;concept1;0.09193296;None;0.103868015;0.9080670475959778;10;3;128;128
106;1;0.0001;concept2;0.034839768;None;0.06220562;0.9651602506637573;10;3;128;128
107;2;0.0001;concept3;0.17418379;None;0.11558576;0.8258162140846252;10;3;128;128
107;0;0.0001;concept1;0.09202771;None;0.103906244;0.9079722762107849;10;3;128;128
107;1;0.0001;concept2;0.034785636;None;0.06215566;0.9652143716812134;10;3;128;128
108;2;0.0001;concept3;0.17401853;None;0.115534246;0.8259814977645874;10;3;128;128
108;0;0.0001;concept1;0.09195003;None;0.10385451;0.9080499410629272;10;3;128;128
108;1;0.0001;concept2;0.034730684;None;0.06210494;0.9652693271636963;10;3;128;128
109;2;0.0001;concept3;0.17398185;None;0.11551342;0.8260181546211243;10;3;128;128
109;0;0.0001;concept1;0.09184769;None;0.10378873;0.9081523418426514;10;3;128;128
109;1;0.0001;concept2;0.034678478;None;0.062056433;0.9653215408325195;10;3;128;128
110;2;0.0001;concept3;0.17393582;None;0.11548659;0.8260641694068909;10;3;128;128
110;0;0.0001;concept1;0.09176882;None;0.10373404;0.9082311987876892;10;3;128;128
110;1;0.0001;concept2;0.034604847;None;0.061989497;0.9653951525688171;10;3;128;128
111;2;0.0001;concept3;0.17390461;None;0.115469985;0.8260953426361084;10;3;128;128
111;0;0.0001;concept1;0.091692135;None;0.10368253;0.9083078503608704;10;3;128;128
111;1;0.0001;concept2;0.034554917;None;0.061943196;0.9654451012611389;10;3;128;128
112;2;0.0001;concept3;0.17393799;None;0.11546508;0.826062023639679;10;3;128;128
112;0;0.0001;concept1;0.09161574;None;0.10363384;0.9083842635154724;10;3;128;128
112;1;0.0001;concept2;0.034498487;None;0.06189108;0.9655015468597412;10;3;128;128
113;2;0.0001;concept3;0.17392348;None;0.115452915;0.8260765075683594;10;3;128;128
113;0;0.0001;concept1;0.09155591;None;0.103588045;0.9084441065788269;10;3;128;128
113;1;0.0001;concept2;0.034446917;None;0.061843414;0.9655531048774719;10;3;128;128
114;2;0.0001;concept3;0.17382316;None;0.115407534;0.8261768221855164;10;3;128;128
114;0;0.0001;concept1;0.09136396;None;0.10346615;0.9086360335350037;10;3;128;128
114;1;0.0001;concept2;0.034400187;None;0.061799858;0.9655998349189758;10;3;128;128
115;2;0.0001;concept3;0.17371798;None;0.115368605;0.8262820243835449;10;3;128;128
115;0;0.0001;concept1;0.09133049;None;0.1034457;0.9086695313453674;10;3;128;128
115;1;0.0001;concept2;0.034348603;None;0.061752003;0.9656513929367065;10;3;128;128
116;2;0.0001;concept3;0.17368169;None;0.11534742;0.8263183236122131;10;3;128;128
116;0;0.0001;concept1;0.09123852;None;0.10338262;0.9087615013122559;10;3;128;128
116;1;0.0001;concept2;0.034300923;None;0.06170704;0.9656990766525269;10;3;128;128
117;2;0.0001;concept3;0.17359331;None;0.11530963;0.826406717300415;10;3;128;128
117;0;0.0001;concept1;0.09120559;None;0.103364445;0.9087944030761719;10;3;128;128
117;1;0.0001;concept2;0.034253594;None;0.061662644;0.9657464027404785;10;3;128;128
118;2;0.0001;concept3;0.17359069;None;0.11529792;0.8264093399047852;10;3;128;128
118;0;0.0001;concept1;0.09116465;None;0.10333113;0.9088353514671326;10;3;128;128
118;1;0.0001;concept2;0.03420643;None;0.061618943;0.9657935500144958;10;3;128;128
119;2;0.0001;concept3;0.17366877;None;0.115314886;0.8263312578201294;10;3;128;128
119;0;0.0001;concept1;0.09109526;None;0.103283696;0.9089047312736511;10;3;128;128
119;1;0.0001;concept2;0.03416172;None;0.061577074;0.9658383131027222;10;3;128;128
120;2;0.0001;concept3;0.17362489;None;0.11529216;0.8263751268386841;10;3;128;128
120;0;0.0001;concept1;0.09102012;None;0.10323654;0.9089798927307129;10;3;128;128
120;1;0.0001;concept2;0.03411618;None;0.061534557;0.9658838510513306;10;3;128;128
121;2;0.0001;concept3;0.17343834;None;0.115234025;0.826561689376831;10;3;128;128
121;0;0.0001;concept1;0.09098254;None;0.103212334;0.9090174436569214;10;3;128;128
121;1;0.0001;concept2;0.034072913;None;0.061493844;0.9659270644187927;10;3;128;128
122;2;0.0001;concept3;0.17339295;None;0.115210615;0.8266070485115051;10;3;128;128
122;0;0.0001;concept1;0.090867236;None;0.10313963;0.9091327786445618;10;3;128;128
122;1;0.0001;concept2;0.034029532;None;0.061453566;0.9659704566001892;10;3;128;128
123;2;0.0001;concept3;0.17336725;None;0.11519375;0.8266327381134033;10;3;128;128
123;0;0.0001;concept1;0.09082435;None;0.10310868;0.9091756343841553;10;3;128;128
123;1;0.0001;concept2;0.03398683;None;0.061413318;0.9660131931304932;10;3;128;128
124;2;0.0001;concept3;0.1733592;None;0.1151801;0.826640784740448;10;3;128;128
124;0;0.0001;concept1;0.09077306;None;0.10307373;0.9092269539833069;10;3;128;128
124;1;0.0001;concept2;0.03394107;None;0.061370388;0.9660589098930359;10;3;128;128
125;2;0.0001;concept3;0.17343463;None;0.11518875;0.8265653848648071;10;3;128;128
125;0;0.0001;concept1;0.090706885;None;0.1030308;0.9092931151390076;10;3;128;128
125;1;0.0001;concept2;0.033897433;None;0.061329268;0.9661025404930115;10;3;128;128
126;2;0.0001;concept3;0.17341596;None;0.11516863;0.8265840411186218;10;3;128;128
126;0;0.0001;concept1;0.090627424;None;0.102970645;0.9093725681304932;10;3;128;128
126;1;0.0001;concept2;0.03385657;None;0.06129101;0.9661434292793274;10;3;128;128
127;2;0.0001;concept3;0.17333789;None;0.11513811;0.8266621232032776;10;3;128;128
127;0;0.0001;concept1;0.09049856;None;0.10288709;0.9095014333724976;10;3;128;128
127;1;0.0001;concept2;0.03381306;None;0.06125025;0.9661869406700134;10;3;128;128
128;2;0.0001;concept3;0.17318952;None;0.11509123;0.8268104791641235;10;3;128;128
128;0;0.0001;concept1;0.09051893;None;0.102896325;0.9094810485839844;10;3;128;128
128;1;0.0001;concept2;0.03377357;None;0.06121251;0.9662264585494995;10;3;128;128
129;2;0.0001;concept3;0.17313461;None;0.115064226;0.8268653750419617;10;3;128;128
129;0;0.0001;concept1;0.09037833;None;0.10280284;0.9096216559410095;10;3;128;128
129;1;0.0001;concept2;0.033733334;None;0.061174467;0.9662666916847229;10;3;128;128
130;2;0.0001;concept3;0.17324196;None;0.11508441;0.8267580270767212;10;3;128;128
130;0;0.0001;concept1;0.09041116;None;0.1028246;0.9095888137817383;10;3;128;128
130;1;0.0001;concept2;0.03369286;None;0.06113614;0.9663071632385254;10;3;128;128
131;2;0.0001;concept3;0.17319265;None;0.11506362;0.8268073797225952;10;3;128;128
131;0;0.0001;concept1;0.090392;None;0.10281484;0.909608006477356;10;3;128;128
131;1;0.0001;concept2;0.033653405;None;0.06109881;0.9663466215133667;10;3;128;128
132;2;0.0001;concept3;0.17357428;None;0.115173064;0.8264257311820984;10;3;128;128
132;0;0.0001;concept1;0.090324245;None;0.102765635;0.9096757769584656;10;3;128;128
132;1;0.0001;concept2;0.033611964;None;0.061059833;0.9663880467414856;10;3;128;128
133;2;0.0001;concept3;0.17353818;None;0.115150906;0.8264617919921875;10;3;128;128
133;0;0.0001;concept1;0.09035098;None;0.10277144;0.9096490144729614;10;3;128;128
133;1;0.0001;concept2;0.033574406;None;0.061024237;0.9664255976676941;10;3;128;128
134;2;0.0001;concept3;0.17346795;None;0.115123205;0.8265320658683777;10;3;128;128
134;0;0.0001;concept1;0.0902687;None;0.10271687;0.9097312688827515;10;3;128;128
134;1;0.0001;concept2;0.033538144;None;0.060989782;0.9664618372917175;10;3;128;128
135;2;0.0001;concept3;0.1734173;None;0.11509858;0.826582670211792;10;3;128;128
135;0;0.0001;concept1;0.09024594;None;0.10268736;0.9097540378570557;10;3;128;128
135;1;0.0001;concept2;0.033499476;None;0.060953107;0.9665005207061768;10;3;128;128
136;2;0.0001;concept3;0.17346713;None;0.11510248;0.8265328407287598;10;3;128;128
136;0;0.0001;concept1;0.0902078;None;0.102670625;0.9097921848297119;10;3;128;128
136;1;0.0001;concept2;0.03346083;None;0.060916957;0.9665391445159912;10;3;128;128
137;2;0.0001;concept3;0.17331909;None;0.115058415;0.8266808986663818;10;3;128;128
137;0;0.0001;concept1;0.090136096;None;0.10262385;0.9098638892173767;10;3;128;128
137;1;0.0001;concept2;0.0334215;None;0.06087956;0.966578483581543;10;3;128;128
138;2;0.0001;concept3;0.17333257;None;0.11505227;0.8266674280166626;10;3;128;128
138;0;0.0001;concept1;0.09006615;None;0.102577895;0.909933865070343;10;3;128;128
138;1;0.0001;concept2;0.0333837;None;0.060843542;0.9666162729263306;10;3;128;128
139;2;0.0001;concept3;0.17350197;None;0.11508851;0.8264980316162109;10;3;128;128
139;0;0.0001;concept1;0.08995468;None;0.1025006;0.910045325756073;10;3;128;128
139;1;0.0001;concept2;0.033349313;None;0.060811676;0.966650664806366;10;3;128;128
140;2;0.0001;concept3;0.17325026;None;0.11500682;0.8267497420310974;10;3;128;128
140;0;0.0001;concept1;0.08992404;None;0.1024745;0.9100759625434875;10;3;128;128
140;1;0.0001;concept2;0.033307225;None;0.060772594;0.9666928052902222;10;3;128;128
141;2;0.0001;concept3;0.17342399;None;0.11504688;0.8265759944915771;10;3;128;128
141;0;0.0001;concept1;0.08980662;None;0.10240372;0.9101933836936951;10;3;128;128
141;1;0.0001;concept2;0.03326985;None;0.060737047;0.9667301774024963;10;3;128;128
142;2;0.0001;concept3;0.17326243;None;0.11500604;0.8267375826835632;10;3;128;128
142;0;0.0001;concept1;0.08976997;None;0.10237702;0.9102300405502319;10;3;128;128
142;1;0.0001;concept2;0.03323216;None;0.060701177;0.9667678475379944;10;3;128;128
143;2;0.0001;concept3;0.17321566;None;0.114984214;0.8267843723297119;10;3;128;128
143;0;0.0001;concept1;0.0897386;None;0.10235946;0.9102613925933838;10;3;128;128
143;1;0.0001;concept2;0.033194937;None;0.06066586;0.9668050408363342;10;3;128;128
144;2;0.0001;concept3;0.1726322;None;0.11481061;0.8273677825927734;10;3;128;128
144;0;0.0001;concept1;0.08971172;None;0.102345206;0.9102882742881775;10;3;128;128
144;1;0.0001;concept2;0.033161055;None;0.06063371;0.9668389558792114;10;3;128;128
145;2;0.0001;concept3;0.17258824;None;0.11478665;0.8274117708206177;10;3;128;128
145;0;0.0001;concept1;0.08966043;None;0.10231015;0.9103395938873291;10;3;128;128
145;1;0.0001;concept2;0.03312485;None;0.06059949;0.9668751358985901;10;3;128;128
146;2;0.0001;concept3;0.17253207;None;0.11475682;0.8274679183959961;10;3;128;128
146;0;0.0001;concept1;0.08960378;None;0.1022708;0.9103962182998657;10;3;128;128
146;1;0.0001;concept2;0.033090353;None;0.060566388;0.966909646987915;10;3;128;128
147;2;0.0001;concept3;0.17242779;None;0.114716455;0.827572226524353;10;3;128;128
147;0;0.0001;concept1;0.089422315;None;0.102147415;0.910577654838562;10;3;128;128
147;1;0.0001;concept2;0.033058777;None;0.060535926;0.966941237449646;10;3;128;128
148;2;0.0001;concept3;0.17241463;None;0.1147007;0.8275853395462036;10;3;128;128
148;0;0.0001;concept1;0.08937033;None;0.10211077;0.9106296896934509;10;3;128;128
148;1;0.0001;concept2;0.033026;None;0.060504153;0.9669740200042725;10;3;128;128
149;2;0.0001;concept3;0.17234178;None;0.11467145;0.8276581764221191;10;3;128;128
149;0;0.0001;concept1;0.089283235;None;0.10205674;0.9107167720794678;10;3;128;128
149;1;0.0001;concept2;0.03299228;None;0.060472123;0.9670076966285706;10;3;128;128
150;0;0.0001;concept1;0.08919631;None;0.1019904;0.9108036756515503;10;3;128;128
150;1;0.0001;concept2;0.032962155;None;0.060443185;0.9670378565788269;10;3;128;128
150;2;0.0001;concept3;0.17233159;None;0.11465716;0.8276684284210205;10;3;128;128
151;0;0.0001;concept1;0.08918534;None;0.10198293;0.910814642906189;10;3;128;128
151;1;0.0001;concept2;0.032929994;None;0.06041221;0.9670699834823608;10;3;128;128
151;2;0.0001;concept3;0.17235659;None;0.1146481;0.8276433944702148;10;3;128;128
152;0;0.0001;concept1;0.089114934;None;0.10193358;0.9108850359916687;10;3;128;128
152;1;0.0001;concept2;0.032896705;None;0.06038039;0.9671033024787903;10;3;128;128
152;2;0.0001;concept3;0.17229028;None;0.11460966;0.8277097344398499;10;3;128;128
153;0;0.0001;concept1;0.08910581;None;0.10192787;0.9108942151069641;10;3;128;128
153;1;0.0001;concept2;0.032865133;None;0.06035009;0.9671348929405212;10;3;128;128
153;2;0.0001;concept3;0.17242908;None;0.114645936;0.827570915222168;10;3;128;128
154;0;0.0001;concept1;0.08907625;None;0.10190729;0.9109237194061279;10;3;128;128
154;1;0.0001;concept2;0.03283314;None;0.060319692;0.9671668410301208;10;3;128;128
154;2;0.0001;concept3;0.17221208;None;0.11458149;0.8277879357337952;10;3;128;128
155;0;0.0001;concept1;0.08903357;None;0.10187818;0.9109664559364319;10;3;128;128
155;1;0.0001;concept2;0.03280121;None;0.06028916;0.9671987891197205;10;3;128;128
155;2;0.0001;concept3;0.17218286;None;0.11456646;0.8278171420097351;10;3;128;128
156;0;0.0001;concept1;0.088941276;None;0.10181087;0.9110587239265442;10;3;128;128
156;1;0.0001;concept2;0.032769956;None;0.06025952;0.9672300219535828;10;3;128;128
156;2;0.0001;concept3;0.1721291;None;0.11454133;0.8278709053993225;10;3;128;128
157;0;0.0001;concept1;0.088880114;None;0.10176737;0.9111198782920837;10;3;128;128
157;1;0.0001;concept2;0.032741472;None;0.0602325;0.9672585129737854;10;3;128;128
157;2;0.0001;concept3;0.17216524;None;0.11452464;0.8278347253799438;10;3;128;128
158;0;0.0001;concept1;0.08890654;None;0.10178822;0.9110934734344482;10;3;128;128
158;1;0.0001;concept2;0.03270983;None;0.060201913;0.9672901630401611;10;3;128;128
158;2;0.0001;concept3;0.17223229;None;0.114532925;0.8277677297592163;10;3;128;128
159;0;0.0001;concept1;0.08885992;None;0.101756774;0.9111400842666626;10;3;128;128
159;1;0.0001;concept2;0.032675948;None;0.060169138;0.9673240780830383;10;3;128;128
159;2;0.0001;concept3;0.1722468;None;0.11452578;0.8277531862258911;10;3;128;128
160;0;0.0001;concept1;0.08876081;None;0.10169194;0.9112392067909241;10;3;128;128
160;1;0.0001;concept2;0.03264615;None;0.06014045;0.9673538208007812;10;3;128;128
160;2;0.0001;concept3;0.17227659;None;0.11452192;0.8277233839035034;10;3;128;128
161;0;0.0001;concept1;0.08872632;None;0.10165754;0.911273717880249;10;3;128;128
161;1;0.0001;concept2;0.03261923;None;0.06011397;0.9673807621002197;10;3;128;128
161;2;0.0001;concept3;0.17221995;None;0.11449716;0.8277800679206848;10;3;128;128
162;0;0.0001;concept1;0.0886703;None;0.1016219;0.9113296866416931;10;3;128;128
162;1;0.0001;concept2;0.032588806;None;0.060085136;0.9674112200737;10;3;128;128
162;2;0.0001;concept3;0.17220213;None;0.11448057;0.8277978897094727;10;3;128;128
163;0;0.0001;concept1;0.08869548;None;0.10163523;0.9113045334815979;10;3;128;128
163;1;0.0001;concept2;0.03255935;None;0.060056772;0.967440664768219;10;3;128;128
163;2;0.0001;concept3;0.17218943;None;0.11446533;0.8278105854988098;10;3;128;128
164;0;0.0001;concept1;0.08865726;None;0.10160778;0.9113427400588989;10;3;128;128
164;1;0.0001;concept2;0.032531057;None;0.060029782;0.9674689173698425;10;3;128;128
164;2;0.0001;concept3;0.17211771;None;0.11442945;0.8278822898864746;10;3;128;128
165;0;0.0001;concept1;0.08856327;None;0.10154771;0.9114367365837097;10;3;128;128
165;1;0.0001;concept2;0.03250195;None;0.0600017;0.9674980640411377;10;3;128;128
165;2;0.0001;concept3;0.17188884;None;0.11436843;0.8281111717224121;10;3;128;128
166;0;0.0001;concept1;0.0885907;None;0.10155938;0.911409318447113;10;3;128;128
166;1;0.0001;concept2;0.032473788;None;0.059974138;0.9675261974334717;10;3;128;128
166;2;0.0001;concept3;0.17196907;None;0.11438201;0.8280309438705444;10;3;128;128
167;0;0.0001;concept1;0.08855063;None;0.101531155;0.9114493727684021;10;3;128;128
167;1;0.0001;concept2;0.032445565;None;0.059947766;0.9675544500350952;10;3;128;128
167;2;0.0001;concept3;0.17203857;None;0.11438581;0.8279614448547363;10;3;128;128
168;0;0.0001;concept1;0.08844073;None;0.101458885;0.9115592837333679;10;3;128;128
168;1;0.0001;concept2;0.032416053;None;0.05992036;0.967583954334259;10;3;128;128
168;2;0.0001;concept3;0.17200801;None;0.11436717;0.8279919624328613;10;3;128;128
169;0;0.0001;concept1;0.08841263;None;0.10143601;0.9115873575210571;10;3;128;128
169;1;0.0001;concept2;0.032386243;None;0.059891146;0.9676137566566467;10;3;128;128
169;2;0.0001;concept3;0.17198868;None;0.11435207;0.8280113339424133;10;3;128;128
170;0;0.0001;concept1;0.088366345;None;0.101403624;0.9116336703300476;10;3;128;128
170;1;0.0001;concept2;0.032358892;None;0.059864856;0.9676411151885986;10;3;128;128
170;2;0.0001;concept3;0.17193748;None;0.11432883;0.8280625343322754;10;3;128;128
171;0;0.0001;concept1;0.088340856;None;0.10138331;0.9116591215133667;10;3;128;128
171;1;0.0001;concept2;0.032332007;None;0.059839197;0.9676679968833923;10;3;128;128
171;2;0.0001;concept3;0.17191572;None;0.114311926;0.8280842304229736;10;3;128;128
172;0;0.0001;concept1;0.088293396;None;0.10135296;0.9117066264152527;10;3;128;128
172;1;0.0001;concept2;0.03230145;None;0.05981032;0.9676985740661621;10;3;128;128
172;2;0.0001;concept3;0.17187737;None;0.11427841;0.828122615814209;10;3;128;128
173;0;0.0001;concept1;0.0882912;None;0.10134855;0.9117087721824646;10;3;128;128
173;1;0.0001;concept2;0.03227497;None;0.059785146;0.9677250385284424;10;3;128;128
173;2;0.0001;concept3;0.1718356;None;0.11425366;0.8281643986701965;10;3;128;128
174;0;0.0001;concept1;0.08824716;None;0.10131677;0.9117528200149536;10;3;128;128
174;1;0.0001;concept2;0.032247633;None;0.05975922;0.9677523374557495;10;3;128;128
174;2;0.0001;concept3;0.17181054;None;0.11423828;0.828189492225647;10;3;128;128
175;0;0.0001;concept1;0.08820326;None;0.101287246;0.9117967486381531;10;3;128;128
175;1;0.0001;concept2;0.032221016;None;0.059733376;0.9677789807319641;10;3;128;128
175;2;0.0001;concept3;0.17177017;None;0.11421684;0.8282298445701599;10;3;128;128
176;0;0.0001;concept1;0.08817362;None;0.10126477;0.9118263721466064;10;3;128;128
176;1;0.0001;concept2;0.03219303;None;0.059706755;0.9678069949150085;10;3;128;128
176;2;0.0001;concept3;0.1717219;None;0.11419418;0.8282780647277832;10;3;128;128
177;0;0.0001;concept1;0.08806831;None;0.10119846;0.9119316935539246;10;3;128;128
177;1;0.0001;concept2;0.03216591;None;0.05968058;0.9678341150283813;10;3;128;128
177;2;0.0001;concept3;0.17168881;None;0.11418013;0.8283112049102783;10;3;128;128
178;0;0.0001;concept1;0.08808055;None;0.10120536;0.9119194746017456;10;3;128;128
178;1;0.0001;concept2;0.03214185;None;0.059657432;0.9678581357002258;10;3;128;128
178;2;0.0001;concept3;0.17156689;None;0.114135645;0.828433096408844;10;3;128;128
179;0;0.0001;concept1;0.08802455;None;0.10116799;0.9119754433631897;10;3;128;128
179;1;0.0001;concept2;0.032116923;None;0.05963353;0.9678830504417419;10;3;128;128
179;2;0.0001;concept3;0.17161939;None;0.11414145;0.8283805847167969;10;3;128;128
180;0;0.0001;concept1;0.08798772;None;0.10114207;0.9120122790336609;10;3;128;128
180;1;0.0001;concept2;0.032090604;None;0.059608426;0.9679093956947327;10;3;128;128
180;2;0.0001;concept3;0.17161389;None;0.114129744;0.828386127948761;10;3;128;128
181;0;0.0001;concept1;0.08790381;None;0.101084374;0.9120962023735046;10;3;128;128
181;1;0.0001;concept2;0.032065447;None;0.059584208;0.9679345488548279;10;3;128;128
181;2;0.0001;concept3;0.17156444;None;0.11410904;0.8284355401992798;10;3;128;128
182;0;0.0001;concept1;0.08786119;None;0.101055354;0.912138819694519;10;3;128;128
182;1;0.0001;concept2;0.03204064;None;0.05956034;0.9679593443870544;10;3;128;128
182;2;0.0001;concept3;0.17153853;None;0.11409276;0.8284614682197571;10;3;128;128
183;0;0.0001;concept1;0.08783634;None;0.1010381;0.9121636748313904;10;3;128;128
183;1;0.0001;concept2;0.032015126;None;0.05953615;0.9679848551750183;10;3;128;128
183;2;0.0001;concept3;0.17157508;None;0.1140921;0.8284249305725098;10;3;128;128
184;0;0.0001;concept1;0.08777744;None;0.10099561;0.9122225642204285;10;3;128;128
184;1;0.0001;concept2;0.031991065;None;0.05951315;0.9680089354515076;10;3;128;128
184;2;0.0001;concept3;0.17156261;None;0.11407832;0.8284373879432678;10;3;128;128
185;0;0.0001;concept1;0.08774919;None;0.10097308;0.912250816822052;10;3;128;128
185;1;0.0001;concept2;0.031968605;None;0.059491806;0.9680314064025879;10;3;128;128
185;2;0.0001;concept3;0.17160493;None;0.11407816;0.8283950686454773;10;3;128;128
186;0;0.0001;concept1;0.087754436;None;0.100974955;0.9122455716133118;10;3;128;128
186;1;0.0001;concept2;0.031944796;None;0.059469268;0.9680551886558533;10;3;128;128
186;2;0.0001;concept3;0.17154562;None;0.114054374;0.8284543752670288;10;3;128;128
187;0;0.0001;concept1;0.08770572;None;0.10094158;0.9122942686080933;10;3;128;128
187;1;0.0001;concept2;0.031920265;None;0.05944643;0.9680797457695007;10;3;128;128
187;2;0.0001;concept3;0.17155316;None;0.11404718;0.8284468650817871;10;3;128;128
188;0;0.0001;concept1;0.08769823;None;0.10093635;0.912301778793335;10;3;128;128
188;1;0.0001;concept2;0.031895585;None;0.059422895;0.9681044220924377;10;3;128;128
188;2;0.0001;concept3;0.17153068;None;0.1140335;0.8284693360328674;10;3;128;128
189;0;0.0001;concept1;0.08764826;None;0.100909375;0.9123517274856567;10;3;128;128
189;1;0.0001;concept2;0.031871125;None;0.05939982;0.9681288599967957;10;3;128;128
189;2;0.0001;concept3;0.17148197;None;0.114011586;0.8285180330276489;10;3;128;128
190;0;0.0001;concept1;0.08764384;None;0.10089387;0.9123561382293701;10;3;128;128
190;1;0.0001;concept2;0.031848937;None;0.059378322;0.9681510925292969;10;3;128;128
190;2;0.0001;concept3;0.17146978;None;0.11399814;0.8285301923751831;10;3;128;128
191;0;0.0001;concept1;0.08753503;None;0.100820504;0.91246497631073;10;3;128;128
191;1;0.0001;concept2;0.031823147;None;0.059354216;0.9681768417358398;10;3;128;128
191;2;0.0001;concept3;0.17147051;None;0.11398776;0.8285294771194458;10;3;128;128
192;0;0.0001;concept1;0.08750069;None;0.10079619;0.9124993085861206;10;3;128;128
192;1;0.0001;concept2;0.031799298;None;0.059331644;0.96820068359375;10;3;128;128
192;2;0.0001;concept3;0.17146073;None;0.1139743;0.828539252281189;10;3;128;128
193;0;0.0001;concept1;0.087516345;None;0.10080077;0.9124836921691895;10;3;128;128
193;1;0.0001;concept2;0.031776696;None;0.05931048;0.9682233333587646;10;3;128;128
193;2;0.0001;concept3;0.17148083;None;0.11397023;0.8285191655158997;10;3;128;128
194;0;0.0001;concept1;0.08743204;None;0.100751214;0.9125679731369019;10;3;128;128
194;1;0.0001;concept2;0.03175368;None;0.05928844;0.968246340751648;10;3;128;128
194;2;0.0001;concept3;0.17144537;None;0.11395066;0.828554630279541;10;3;128;128
195;0;0.0001;concept1;0.087396845;None;0.100721516;0.9126031398773193;10;3;128;128
195;1;0.0001;concept2;0.031732354;None;0.059267912;0.9682676196098328;10;3;128;128
195;2;0.0001;concept3;0.17140721;None;0.11393181;0.8285927772521973;10;3;128;128
196;0;0.0001;concept1;0.08739143;None;0.10071387;0.9126085638999939;10;3;128;128
196;1;0.0001;concept2;0.031711318;None;0.0592477;0.9682886600494385;10;3;128;128
196;2;0.0001;concept3;0.17135733;None;0.113910794;0.8286426663398743;10;3;128;128
197;0;0.0001;concept1;0.087408036;None;0.10072174;0.9125919342041016;10;3;128;128
197;1;0.0001;concept2;0.031691566;None;0.059228282;0.9683084487915039;10;3;128;128
197;2;0.0001;concept3;0.17135346;None;0.113901585;0.8286465406417847;10;3;128;128
198;0;0.0001;concept1;0.087362684;None;0.10069978;0.9126372933387756;10;3;128;128
198;1;0.0001;concept2;0.031669095;None;0.0592068;0.9683309197425842;10;3;128;128
198;2;0.0001;concept3;0.17141813;None;0.11391105;0.8285818696022034;10;3;128;128
199;0;0.0001;concept1;0.08728096;None;0.10063761;0.9127190709114075;10;3;128;128
199;1;0.0001;concept2;0.03164507;None;0.059184164;0.9683549404144287;10;3;128;128
199;2;0.0001;concept3;0.17137995;None;0.113890864;0.8286200165748596;10;3;128;128
