0;0;0.0001;concept1;0.2790695;None;0.19494885;0.7209304571151733;10;3;128;128
0;1;0.0001;concept2;0.819263;None;0.3299472;0.18073701858520508;10;3;128;128
0;2;0.0001;concept3;0.7286577;None;0.30858168;0.27134227752685547;10;3;128;128
1;0;0.0001;concept1;0.42213133;None;0.22592476;0.5778687000274658;10;3;128;128
1;1;0.0001;concept2;0.87301666;None;0.34115162;0.12698334455490112;10;3;128;128
1;2;0.0001;concept3;1.010876;None;0.36712766;-0.010876059532165527;10;3;128;128
2;0;0.0001;concept1;0.22947635;None;0.16228512;0.7705236673355103;10;3;128;128
2;1;0.0001;concept2;0.45476255;None;0.24102679;0.5452374219894409;10;3;128;128
2;2;0.0001;concept3;0.49709028;None;0.24723871;0.5029097199440002;10;3;128;128
3;0;0.0001;concept1;0.13566053;None;0.12507108;0.8643394708633423;10;3;128;128
3;1;0.0001;concept2;0.15021023;None;0.12755558;0.8497897386550903;10;3;128;128
3;2;0.0001;concept3;0.27513;None;0.1589152;0.724869966506958;10;3;128;128
4;0;0.0001;concept1;0.101254314;None;0.10857082;0.8987456560134888;10;3;128;128
4;1;0.0001;concept2;0.05321069;None;0.07488401;0.9467893242835999;10;3;128;128
4;2;0.0001;concept3;0.24293303;None;0.14166787;0.7570669651031494;10;3;128;128
5;0;0.0001;concept1;0.086866885;None;0.09966087;0.9131331443786621;10;3;128;128
5;1;0.0001;concept2;0.035230175;None;0.062008128;0.9647698402404785;10;3;128;128
5;2;0.0001;concept3;0.23113044;None;0.14097315;0.7688695788383484;10;3;128;128
6;0;0.0001;concept1;0.07910363;None;0.09384657;0.9208963513374329;10;3;128;128
6;1;0.0001;concept2;0.029547516;None;0.056677785;0.9704524874687195;10;3;128;128
6;2;0.0001;concept3;0.21871565;None;0.13656972;0.7812843322753906;10;3;128;128
7;0;0.0001;concept1;0.0738116;None;0.08925324;0.9261884093284607;10;3;128;128
7;1;0.0001;concept2;0.026021255;None;0.05267722;0.9739787578582764;10;3;128;128
7;2;0.0001;concept3;0.205192;None;0.12853253;0.7948079705238342;10;3;128;128
8;0;0.0001;concept1;0.069752306;None;0.08532485;0.9302477240562439;10;3;128;128
8;1;0.0001;concept2;0.023278221;None;0.04905199;0.9767217636108398;10;3;128;128
8;2;0.0001;concept3;0.19287665;None;0.12003585;0.8071233630180359;10;3;128;128
9;0;0.0001;concept1;0.06605382;None;0.08152882;0.9339461922645569;10;3;128;128
9;1;0.0001;concept2;0.020960946;None;0.045560032;0.9790390729904175;10;3;128;128
9;2;0.0001;concept3;0.18158118;None;0.11182217;0.8184188008308411;10;3;128;128
10;0;0.0001;concept1;0.06278258;None;0.07797895;0.9372174143791199;10;3;128;128
10;1;0.0001;concept2;0.018837279;None;0.042238902;0.9811627268791199;10;3;128;128
10;2;0.0001;concept3;0.17188834;None;0.10533647;0.8281116485595703;10;3;128;128
11;0;0.0001;concept1;0.060068104;None;0.07474619;0.9399318695068359;10;3;128;128
11;1;0.0001;concept2;0.01691965;None;0.03924498;0.9830803275108337;10;3;128;128
11;2;0.0001;concept3;0.16344048;None;0.10060957;0.836559534072876;10;3;128;128
12;0;0.0001;concept1;0.056997508;None;0.071463004;0.943002462387085;10;3;128;128
12;1;0.0001;concept2;0.01518494;None;0.03656883;0.9848150610923767;10;3;128;128
12;2;0.0001;concept3;0.1567408;None;0.09789917;0.8432592153549194;10;3;128;128
13;0;0.0001;concept1;0.054520104;None;0.06856311;0.9454798698425293;10;3;128;128
13;1;0.0001;concept2;0.013623307;None;0.03425958;0.9863767027854919;10;3;128;128
13;2;0.0001;concept3;0.151524;None;0.09674873;0.848475992679596;10;3;128;128
14;0;0.0001;concept1;0.05255548;None;0.06599955;0.947444498538971;10;3;128;128
14;1;0.0001;concept2;0.012257899;None;0.032311752;0.9877421259880066;10;3;128;128
14;2;0.0001;concept3;0.14773363;None;0.096556574;0.8522663712501526;10;3;128;128
15;0;0.0001;concept1;0.050686486;None;0.063626744;0.9493135213851929;10;3;128;128
15;1;0.0001;concept2;0.011131918;None;0.030751746;0.9888680577278137;10;3;128;128
15;2;0.0001;concept3;0.14423047;None;0.096634366;0.8557695150375366;10;3;128;128
16;0;0.0001;concept1;0.049185332;None;0.061520796;0.9508146643638611;10;3;128;128
16;1;0.0001;concept2;0.010236105;None;0.029531796;0.9897639155387878;10;3;128;128
16;2;0.0001;concept3;0.14161676;None;0.09695149;0.8583832383155823;10;3;128;128
17;0;0.0001;concept1;0.047812566;None;0.05957059;0.9521874189376831;10;3;128;128
17;1;0.0001;concept2;0.009538607;None;0.028640319;0.9904614090919495;10;3;128;128
17;2;0.0001;concept3;0.13984774;None;0.0971816;0.8601522445678711;10;3;128;128
18;0;0.0001;concept1;0.04661973;None;0.057924367;0.953380286693573;10;3;128;128
18;1;0.0001;concept2;0.009067966;None;0.028147284;0.990932047367096;10;3;128;128
18;2;0.0001;concept3;0.13753885;None;0.09694207;0.8624611496925354;10;3;128;128
19;0;0.0001;concept1;0.045535397;None;0.056491226;0.9544646143913269;10;3;128;128
19;1;0.0001;concept2;0.008795283;None;0.028007956;0.9912047386169434;10;3;128;128
19;2;0.0001;concept3;0.1367326;None;0.097131126;0.8632674217224121;10;3;128;128
20;0;0.0001;concept1;0.044677023;None;0.055311203;0.9553229808807373;10;3;128;128
20;1;0.0001;concept2;0.008634564;None;0.028102627;0.9913654327392578;10;3;128;128
20;2;0.0001;concept3;0.1357159;None;0.097295776;0.864284098148346;10;3;128;128
21;0;0.0001;concept1;0.04401605;None;0.054372728;0.9559839367866516;10;3;128;128
21;1;0.0001;concept2;0.008510805;None;0.028240928;0.9914891719818115;10;3;128;128
21;2;0.0001;concept3;0.13466981;None;0.09718556;0.8653302192687988;10;3;128;128
22;0;0.0001;concept1;0.043302573;None;0.05347905;0.956697404384613;10;3;128;128
22;1;0.0001;concept2;0.008441521;None;0.028410261;0.9915584921836853;10;3;128;128
22;2;0.0001;concept3;0.13235337;None;0.09674188;0.8676466345787048;10;3;128;128
23;0;0.0001;concept1;0.04268236;None;0.05276188;0.9573176503181458;10;3;128;128
23;1;0.0001;concept2;0.008351458;None;0.028526252;0.9916485548019409;10;3;128;128
23;2;0.0001;concept3;0.13060305;None;0.09647357;0.8693969249725342;10;3;128;128
24;0;0.0001;concept1;0.04219711;None;0.05218764;0.9578028917312622;10;3;128;128
24;1;0.0001;concept2;0.0082709445;None;0.028606927;0.9917290806770325;10;3;128;128
24;2;0.0001;concept3;0.12906714;None;0.096049555;0.8709328770637512;10;3;128;128
25;0;0.0001;concept1;0.04154663;None;0.051620357;0.958453357219696;10;3;128;128
25;1;0.0001;concept2;0.008197594;None;0.028670274;0.9918023943901062;10;3;128;128
25;2;0.0001;concept3;0.12808725;None;0.095643096;0.8719127178192139;10;3;128;128
26;0;0.0001;concept1;0.040982947;None;0.051188223;0.9590170383453369;10;3;128;128
26;1;0.0001;concept2;0.008130443;None;0.028727632;0.9918695688247681;10;3;128;128
26;2;0.0001;concept3;0.12696284;None;0.09533699;0.8730371594429016;10;3;128;128
27;0;0.0001;concept1;0.040436037;None;0.050791327;0.9595639705657959;10;3;128;128
27;1;0.0001;concept2;0.008069973;None;0.02876104;0.9919300079345703;10;3;128;128
27;2;0.0001;concept3;0.12588492;None;0.094871506;0.8741151094436646;10;3;128;128
28;0;0.0001;concept1;0.040228672;None;0.050527025;0.9597713351249695;10;3;128;128
28;1;0.0001;concept2;0.007984293;None;0.028724246;0.9920157194137573;10;3;128;128
28;2;0.0001;concept3;0.1248297;None;0.09453601;0.8751702904701233;10;3;128;128
29;0;0.0001;concept1;0.039921045;None;0.050252207;0.9600789546966553;10;3;128;128
29;1;0.0001;concept2;0.007907539;None;0.028669292;0.992092490196228;10;3;128;128
29;2;0.0001;concept3;0.124646865;None;0.0943078;0.8753531575202942;10;3;128;128
30;0;0.0001;concept1;0.039849576;None;0.050114207;0.960150420665741;10;3;128;128
30;1;0.0001;concept2;0.007835821;None;0.028616874;0.9921641945838928;10;3;128;128
30;2;0.0001;concept3;0.12325074;None;0.093717515;0.8767492771148682;10;3;128;128
31;0;0.0001;concept1;0.039535362;None;0.049883723;0.9604646563529968;10;3;128;128
31;1;0.0001;concept2;0.007766378;None;0.028557349;0.9922336339950562;10;3;128;128
31;2;0.0001;concept3;0.12144449;None;0.0932426;0.8785555362701416;10;3;128;128
32;0;0.0001;concept1;0.03949015;None;0.049809568;0.9605098366737366;10;3;128;128
32;1;0.0001;concept2;0.0076776836;None;0.028457647;0.9923223257064819;10;3;128;128
32;2;0.0001;concept3;0.120810874;None;0.09285936;0.879189133644104;10;3;128;128
33;0;0.0001;concept1;0.039286997;None;0.049676605;0.9607130289077759;10;3;128;128
33;1;0.0001;concept2;0.0076052262;None;0.028376438;0.992394745349884;10;3;128;128
33;2;0.0001;concept3;0.11954066;None;0.09238109;0.8804593086242676;10;3;128;128
34;0;0.0001;concept1;0.039131474;None;0.049562916;0.9608685374259949;10;3;128;128
34;1;0.0001;concept2;0.0075173546;None;0.028264675;0.9924826622009277;10;3;128;128
34;2;0.0001;concept3;0.11841018;None;0.09168468;0.8815898299217224;10;3;128;128
35;0;0.0001;concept1;0.03876692;None;0.049359087;0.9612330794334412;10;3;128;128
35;1;0.0001;concept2;0.007434132;None;0.028152972;0.9925658702850342;10;3;128;128
35;2;0.0001;concept3;0.11666744;None;0.09089172;0.8833325505256653;10;3;128;128
36;0;0.0001;concept1;0.038493663;None;0.049207047;0.9615063667297363;10;3;128;128
36;1;0.0001;concept2;0.0073686116;None;0.028069742;0.9926313757896423;10;3;128;128
36;2;0.0001;concept3;0.11380498;None;0.08983416;0.8861950039863586;10;3;128;128
37;0;0.0001;concept1;0.0382173;None;0.049030747;0.961782693862915;10;3;128;128
37;1;0.0001;concept2;0.0072759828;None;0.027932921;0.9927240014076233;10;3;128;128
37;2;0.0001;concept3;0.11037641;None;0.088641584;0.8896235823631287;10;3;128;128
38;0;0.0001;concept1;0.037760735;None;0.048780326;0.9622392654418945;10;3;128;128
38;1;0.0001;concept2;0.007211378;None;0.027840551;0.9927886128425598;10;3;128;128
38;2;0.0001;concept3;0.1089178;None;0.08787155;0.8910821676254272;10;3;128;128
39;0;0.0001;concept1;0.037363;None;0.048578404;0.9626370072364807;10;3;128;128
39;1;0.0001;concept2;0.0071434686;None;0.027745368;0.992856502532959;10;3;128;128
39;2;0.0001;concept3;0.10588923;None;0.08696301;0.8941107392311096;10;3;128;128
40;0;0.0001;concept1;0.03698893;None;0.048367247;0.9630110859870911;10;3;128;128
40;1;0.0001;concept2;0.007104148;None;0.027702503;0.9928958415985107;10;3;128;128
40;2;0.0001;concept3;0.10435498;None;0.08623511;0.895645022392273;10;3;128;128
41;0;0.0001;concept1;0.036700007;None;0.048187047;0.9632999897003174;10;3;128;128
41;1;0.0001;concept2;0.007041568;None;0.027607735;0.9929584264755249;10;3;128;128
41;2;0.0001;concept3;0.102955654;None;0.0855958;0.8970443606376648;10;3;128;128
42;0;0.0001;concept1;0.036416396;None;0.04802576;0.9635835886001587;10;3;128;128
42;1;0.0001;concept2;0.006982913;None;0.027516373;0.9930170774459839;10;3;128;128
42;2;0.0001;concept3;0.10111864;None;0.08496461;0.8988813757896423;10;3;128;128
43;0;0.0001;concept1;0.035747074;None;0.04765161;0.9642529487609863;10;3;128;128
43;1;0.0001;concept2;0.006948159;None;0.027478555;0.9930518269538879;10;3;128;128
43;2;0.0001;concept3;0.100010715;None;0.08454267;0.8999892473220825;10;3;128;128
44;0;0.0001;concept1;0.03535558;None;0.047431998;0.9646444320678711;10;3;128;128
44;1;0.0001;concept2;0.0069322395;None;0.027466364;0.993067741394043;10;3;128;128
44;2;0.0001;concept3;0.10016576;None;0.08449497;0.8998342156410217;10;3;128;128
45;0;0.0001;concept1;0.034744807;None;0.047098275;0.9652552008628845;10;3;128;128
45;1;0.0001;concept2;0.0068721254;None;0.02735823;0.9931278824806213;10;3;128;128
45;2;0.0001;concept3;0.10284721;None;0.08570989;0.8971527814865112;10;3;128;128
46;0;0.0001;concept1;0.03425616;None;0.04684364;0.9657438397407532;10;3;128;128
46;1;0.0001;concept2;0.0068305563;None;0.027294641;0.9931694269180298;10;3;128;128
46;2;0.0001;concept3;0.10540972;None;0.08645569;0.8945902585983276;10;3;128;128
47;0;0.0001;concept1;0.03381465;None;0.046583552;0.9661853313446045;10;3;128;128
47;1;0.0001;concept2;0.0067882403;None;0.027217867;0.9932117462158203;10;3;128;128
47;2;0.0001;concept3;0.10832699;None;0.08707857;0.8916730284690857;10;3;128;128
48;0;0.0001;concept1;0.033429496;None;0.04633582;0.9665704965591431;10;3;128;128
48;1;0.0001;concept2;0.0067477077;None;0.027152637;0.9932522773742676;10;3;128;128
48;2;0.0001;concept3;0.10611866;None;0.085736886;0.8938813209533691;10;3;128;128
49;0;0.0001;concept1;0.03309101;None;0.046085563;0.9669089913368225;10;3;128;128
49;1;0.0001;concept2;0.0066822125;None;0.027026046;0.9933177828788757;10;3;128;128
49;2;0.0001;concept3;0.093625784;None;0.07979558;0.9063742160797119;10;3;128;128
50;0;0.0001;concept3;0.10859144;None;0.08643425;0.8914085626602173;10;3;128;128
50;1;0.0001;concept1;0.032493867;None;0.04572422;0.9675061106681824;10;3;128;128
50;2;0.0001;concept2;0.0065502375;None;0.026755204;0.9934497475624084;10;3;128;128
51;0;0.0001;concept3;0.09475698;None;0.079081886;0.9052430391311646;10;3;128;128
51;1;0.0001;concept1;0.032509595;None;0.045669686;0.9674904346466064;10;3;128;128
51;2;0.0001;concept2;0.006569195;None;0.0268098;0.9934307932853699;10;3;128;128
52;0;0.0001;concept3;0.15529706;None;0.09558181;0.844702959060669;10;3;128;128
52;1;0.0001;concept1;0.03188245;None;0.045255866;0.9681175351142883;10;3;128;128
52;2;0.0001;concept2;0.0065242765;None;0.026708014;0.9934757351875305;10;3;128;128
53;0;0.0001;concept3;0.23573561;None;0.1154909;0.7642644047737122;10;3;128;128
53;1;0.0001;concept1;0.03132488;None;0.044868078;0.9686751365661621;10;3;128;128
53;2;0.0001;concept2;0.006461297;None;0.026577974;0.9935386776924133;10;3;128;128
54;0;0.0001;concept3;0.18809098;None;0.10388074;0.811909019947052;10;3;128;128
54;1;0.0001;concept1;0.0310365;None;0.044656686;0.9689635038375854;10;3;128;128
54;2;0.0001;concept2;0.0064212647;None;0.02648046;0.9935787320137024;10;3;128;128
55;0;0.0001;concept3;0.19202885;None;0.10485301;0.807971179485321;10;3;128;128
55;1;0.0001;concept1;0.030733299;None;0.044423867;0.9692667126655579;10;3;128;128
55;2;0.0001;concept2;0.006417617;None;0.026483184;0.9935823678970337;10;3;128;128
56;0;0.0001;concept3;0.18506245;None;0.10294948;0.8149375319480896;10;3;128;128
56;1;0.0001;concept1;0.030558543;None;0.04425962;0.9694414734840393;10;3;128;128
56;2;0.0001;concept2;0.006354877;None;0.026348064;0.9936451315879822;10;3;128;128
57;0;0.0001;concept3;0.1834004;None;0.10235462;0.8165996074676514;10;3;128;128
57;1;0.0001;concept1;0.030309753;None;0.044057935;0.9696902632713318;10;3;128;128
57;2;0.0001;concept2;0.006312415;None;0.026271032;0.9936875700950623;10;3;128;128
58;0;0.0001;concept3;0.17586845;None;0.100180775;0.8241315484046936;10;3;128;128
58;1;0.0001;concept1;0.03009128;None;0.04389858;0.9699087142944336;10;3;128;128
58;2;0.0001;concept2;0.006285622;None;0.026218038;0.9937143921852112;10;3;128;128
59;0;0.0001;concept3;0.17441107;None;0.09961504;0.8255889415740967;10;3;128;128
59;1;0.0001;concept1;0.029802678;None;0.043731008;0.970197319984436;10;3;128;128
59;2;0.0001;concept2;0.006240435;None;0.02612741;0.9937595725059509;10;3;128;128
60;0;0.0001;concept3;0.17211998;None;0.09886348;0.8278800249099731;10;3;128;128
60;1;0.0001;concept1;0.029501503;None;0.043489624;0.9704985022544861;10;3;128;128
60;2;0.0001;concept2;0.006215956;None;0.026084388;0.9937840700149536;10;3;128;128
61;0;0.0001;concept3;0.16896789;None;0.0978634;0.8310320973396301;10;3;128;128
61;1;0.0001;concept1;0.029305365;None;0.04337407;0.9706946611404419;10;3;128;128
61;2;0.0001;concept2;0.0061855894;None;0.026031166;0.9938144087791443;10;3;128;128
62;0;0.0001;concept3;0.16432717;None;0.096445404;0.8356728553771973;10;3;128;128
62;1;0.0001;concept1;0.029129272;None;0.043279056;0.9708707332611084;10;3;128;128
62;2;0.0001;concept2;0.0061545824;None;0.025962187;0.9938454031944275;10;3;128;128
63;0;0.0001;concept3;0.16143712;None;0.09550871;0.8385628461837769;10;3;128;128
63;1;0.0001;concept1;0.02910039;None;0.043265447;0.9708995819091797;10;3;128;128
63;2;0.0001;concept2;0.0061587472;None;0.025986003;0.9938412308692932;10;3;128;128
64;0;0.0001;concept3;0.1563147;None;0.09397136;0.8436852693557739;10;3;128;128
64;1;0.0001;concept1;0.029072186;None;0.043237936;0.9709278345108032;10;3;128;128
64;2;0.0001;concept2;0.0061458237;None;0.025959862;0.9938541650772095;10;3;128;128
65;0;0.0001;concept3;0.1553113;None;0.09355399;0.8446887135505676;10;3;128;128
65;1;0.0001;concept1;0.028848955;None;0.043062735;0.9711510539054871;10;3;128;128
65;2;0.0001;concept2;0.0061056684;None;0.025874803;0.9938943386077881;10;3;128;128
66;0;0.0001;concept3;0.14998594;None;0.091987565;0.8500140905380249;10;3;128;128
66;1;0.0001;concept1;0.028747251;None;0.042976562;0.9712527394294739;10;3;128;128
66;2;0.0001;concept2;0.0061082253;None;0.025876053;0.9938917756080627;10;3;128;128
67;0;0.0001;concept3;0.15112159;None;0.09214313;0.8488783836364746;10;3;128;128
67;1;0.0001;concept1;0.0287372;None;0.042954896;0.9712628126144409;10;3;128;128
67;2;0.0001;concept2;0.006090878;None;0.025846077;0.9939091205596924;10;3;128;128
68;0;0.0001;concept3;0.14775771;None;0.091126524;0.8522422909736633;10;3;128;128
68;1;0.0001;concept1;0.028606439;None;0.042865194;0.9713935852050781;10;3;128;128
68;2;0.0001;concept2;0.006073378;None;0.02580654;0.9939266443252563;10;3;128;128
69;0;0.0001;concept3;0.14671606;None;0.09067829;0.8532839417457581;10;3;128;128
69;1;0.0001;concept1;0.028426385;None;0.04276109;0.9715735912322998;10;3;128;128
69;2;0.0001;concept2;0.0060550547;None;0.025766617;0.9939449429512024;10;3;128;128
70;0;0.0001;concept3;0.14498788;None;0.09009333;0.8550121188163757;10;3;128;128
70;1;0.0001;concept1;0.028307714;None;0.04268241;0.9716922640800476;10;3;128;128
70;2;0.0001;concept2;0.0060623465;None;0.02578809;0.9939376711845398;10;3;128;128
71;0;0.0001;concept3;0.14334594;None;0.08948516;0.8566540479660034;10;3;128;128
71;1;0.0001;concept1;0.028147567;None;0.042564884;0.9718524217605591;10;3;128;128
71;2;0.0001;concept2;0.0060557295;None;0.02577115;0.9939442873001099;10;3;128;128
72;0;0.0001;concept3;0.14313343;None;0.089266695;0.8568665981292725;10;3;128;128
72;1;0.0001;concept1;0.027928118;None;0.04243948;0.9720718860626221;10;3;128;128
72;2;0.0001;concept2;0.006039399;None;0.025732614;0.9939606189727783;10;3;128;128
73;0;0.0001;concept3;0.14185894;None;0.08880079;0.8581410646438599;10;3;128;128
73;1;0.0001;concept1;0.02781274;None;0.04238236;0.9721872806549072;10;3;128;128
73;2;0.0001;concept2;0.006058336;None;0.0257757;0.9939416646957397;10;3;128;128
74;0;0.0001;concept3;0.14102773;None;0.08844329;0.8589722514152527;10;3;128;128
74;1;0.0001;concept1;0.027692104;None;0.04228268;0.9723079204559326;10;3;128;128
74;2;0.0001;concept2;0.0060572093;None;0.0257747;0.9939427971839905;10;3;128;128
75;0;0.0001;concept3;0.14408392;None;0.08910223;0.8559160828590393;10;3;128;128
75;1;0.0001;concept1;0.027534666;None;0.042184144;0.9724653363227844;10;3;128;128
75;2;0.0001;concept2;0.0060633393;None;0.025784036;0.9939366579055786;10;3;128;128
76;0;0.0001;concept3;0.14337474;None;0.088756174;0.8566252589225769;10;3;128;128
76;1;0.0001;concept1;0.027408423;None;0.042099625;0.9725915789604187;10;3;128;128
76;2;0.0001;concept2;0.0060491944;None;0.02574489;0.9939507842063904;10;3;128;128
77;0;0.0001;concept3;0.1425151;None;0.088365816;0.8574849367141724;10;3;128;128
77;1;0.0001;concept1;0.027251305;None;0.042002957;0.9727486968040466;10;3;128;128
77;2;0.0001;concept2;0.0060254275;None;0.025690166;0.9939745664596558;10;3;128;128
78;0;0.0001;concept3;0.14170595;None;0.088009104;0.8582940697669983;10;3;128;128
78;1;0.0001;concept1;0.026978478;None;0.041803952;0.9730215072631836;10;3;128;128
78;2;0.0001;concept2;0.0060235523;None;0.025685292;0.9939764738082886;10;3;128;128
79;0;0.0001;concept3;0.1424807;None;0.08807405;0.857519268989563;10;3;128;128
79;1;0.0001;concept1;0.026880715;None;0.041704044;0.9731192588806152;10;3;128;128
79;2;0.0001;concept2;0.0060245194;None;0.025677651;0.9939754605293274;10;3;128;128
80;0;0.0001;concept3;0.14114557;None;0.087554514;0.8588544130325317;10;3;128;128
80;1;0.0001;concept1;0.02668129;None;0.041558392;0.9733186960220337;10;3;128;128
80;2;0.0001;concept2;0.0060294135;None;0.02568231;0.9939705729484558;10;3;128;128
81;0;0.0001;concept3;0.14035495;None;0.08722191;0.8596450686454773;10;3;128;128
81;1;0.0001;concept1;0.026542226;None;0.041460272;0.9734577536582947;10;3;128;128
81;2;0.0001;concept2;0.0060123606;None;0.025635473;0.9939876198768616;10;3;128;128
82;0;0.0001;concept3;0.13943855;None;0.08682365;0.8605614304542542;10;3;128;128
82;1;0.0001;concept1;0.02637573;None;0.041339617;0.9736242890357971;10;3;128;128
82;2;0.0001;concept2;0.0060252976;None;0.025667217;0.9939746856689453;10;3;128;128
83;0;0.0001;concept3;0.13845032;None;0.08641315;0.8615496754646301;10;3;128;128
83;1;0.0001;concept1;0.026162606;None;0.04119808;0.9738373756408691;10;3;128;128
83;2;0.0001;concept2;0.0060237306;None;0.025661875;0.9939762949943542;10;3;128;128
84;0;0.0001;concept3;0.13688503;None;0.08587895;0.8631149530410767;10;3;128;128
84;1;0.0001;concept1;0.025806842;None;0.040954158;0.9741931557655334;10;3;128;128
84;2;0.0001;concept2;0.0059896098;None;0.02557755;0.9940103888511658;10;3;128;128
85;0;0.0001;concept3;0.13642778;None;0.08562168;0.8635722398757935;10;3;128;128
85;1;0.0001;concept1;0.025629062;None;0.04082016;0.9743709564208984;10;3;128;128
85;2;0.0001;concept2;0.0059917546;None;0.025579365;0.9940082430839539;10;3;128;128
86;0;0.0001;concept3;0.13445164;None;0.08493405;0.8655483722686768;10;3;128;128
86;1;0.0001;concept1;0.025552705;None;0.040774796;0.9744473099708557;10;3;128;128
86;2;0.0001;concept2;0.0059855385;None;0.025561484;0.9940144419670105;10;3;128;128
87;0;0.0001;concept3;0.13433056;None;0.08475644;0.8656694293022156;10;3;128;128
87;1;0.0001;concept1;0.025513025;None;0.040720582;0.9744869470596313;10;3;128;128
87;2;0.0001;concept2;0.0059946086;None;0.025583893;0.9940053820610046;10;3;128;128
88;0;0.0001;concept3;0.13321327;None;0.084333636;0.8667867183685303;10;3;128;128
88;1;0.0001;concept1;0.025607536;None;0.04072427;0.9743924736976624;10;3;128;128
88;2;0.0001;concept2;0.0059899865;None;0.02557263;0.9940100312232971;10;3;128;128
89;0;0.0001;concept3;0.13006143;None;0.08344591;0.8699385523796082;10;3;128;128
89;1;0.0001;concept1;0.025612826;None;0.040701628;0.9743871688842773;10;3;128;128
89;2;0.0001;concept2;0.005976302;None;0.025535554;0.9940236806869507;10;3;128;128
90;0;0.0001;concept3;0.13214175;None;0.08386236;0.8678582310676575;10;3;128;128
90;1;0.0001;concept1;0.025595218;None;0.04068212;0.9744048118591309;10;3;128;128
90;2;0.0001;concept2;0.005978978;None;0.025533332;0.9940209984779358;10;3;128;128
91;0;0.0001;concept3;0.13384686;None;0.08421492;0.8661531209945679;10;3;128;128
91;1;0.0001;concept1;0.025555333;None;0.04065837;0.9744446873664856;10;3;128;128
91;2;0.0001;concept2;0.005966575;None;0.02549568;0.9940333962440491;10;3;128;128
92;0;0.0001;concept3;0.13498327;None;0.08427654;0.8650166988372803;10;3;128;128
92;1;0.0001;concept1;0.025577974;None;0.04066089;0.974422037601471;10;3;128;128
92;2;0.0001;concept2;0.0059639057;None;0.025470424;0.994036078453064;10;3;128;128
93;0;0.0001;concept3;0.1358203;None;0.084354;0.8641797304153442;10;3;128;128
93;1;0.0001;concept1;0.025707759;None;0.04072157;0.9742922186851501;10;3;128;128
93;2;0.0001;concept2;0.0059833936;None;0.025497103;0.9940165877342224;10;3;128;128
94;0;0.0001;concept3;0.13843095;None;0.0848789;0.8615690469741821;10;3;128;128
94;1;0.0001;concept1;0.025846392;None;0.04079349;0.9741536378860474;10;3;128;128
94;2;0.0001;concept2;0.005955375;None;0.025415165;0.9940446019172668;10;3;128;128
95;0;0.0001;concept3;0.13983122;None;0.08509762;0.8601688146591187;10;3;128;128
95;1;0.0001;concept1;0.02595618;None;0.04086947;0.9740438461303711;10;3;128;128
95;2;0.0001;concept2;0.0059263846;None;0.025325878;0.9940736293792725;10;3;128;128
96;0;0.0001;concept3;0.1430701;None;0.08580823;0.8569298982620239;10;3;128;128
96;1;0.0001;concept1;0.026047952;None;0.040924676;0.973952054977417;10;3;128;128
96;2;0.0001;concept2;0.0059027895;None;0.025247194;0.9940972328186035;10;3;128;128
97;0;0.0001;concept3;0.14274156;None;0.08563967;0.8572584390640259;10;3;128;128
97;1;0.0001;concept1;0.025911825;None;0.04083436;0.974088191986084;10;3;128;128
97;2;0.0001;concept2;0.0058835247;None;0.025179584;0.994116485118866;10;3;128;128
98;0;0.0001;concept3;0.14241968;None;0.08544397;0.857580304145813;10;3;128;128
98;1;0.0001;concept1;0.025924291;None;0.040841304;0.9740757346153259;10;3;128;128
98;2;0.0001;concept2;0.0058705695;None;0.025130188;0.9941294193267822;10;3;128;128
99;0;0.0001;concept3;0.14372522;None;0.085604586;0.8562747836112976;10;3;128;128
99;1;0.0001;concept1;0.025847211;None;0.040792987;0.9741528034210205;10;3;128;128
99;2;0.0001;concept2;0.0058477507;None;0.025053833;0.9941522479057312;10;3;128;128
100;0;0.0001;concept3;0.1446406;None;0.085682705;0.8553594350814819;10;3;128;128
100;1;0.0001;concept1;0.025846973;None;0.0407884;0.9741530418395996;10;3;128;128
100;2;0.0001;concept2;0.0058189183;None;0.024970267;0.9941810965538025;10;3;128;128
101;0;0.0001;concept3;0.14307187;None;0.08517538;0.8569281101226807;10;3;128;128
101;1;0.0001;concept1;0.025776133;None;0.040724367;0.9742238521575928;10;3;128;128
101;2;0.0001;concept2;0.0057943403;None;0.024895879;0.99420565366745;10;3;128;128
102;0;0.0001;concept3;0.14386787;None;0.085244596;0.8561321496963501;10;3;128;128
102;1;0.0001;concept1;0.025541943;None;0.040558565;0.9744580388069153;10;3;128;128
102;2;0.0001;concept2;0.0057781003;None;0.024840338;0.9942219257354736;10;3;128;128
103;0;0.0001;concept3;0.14339477;None;0.08497656;0.8566052317619324;10;3;128;128
103;1;0.0001;concept1;0.02542185;None;0.040475693;0.9745781421661377;10;3;128;128
103;2;0.0001;concept2;0.005756917;None;0.024770936;0.9942430853843689;10;3;128;128
104;0;0.0001;concept3;0.1434177;None;0.08484699;0.8565822839736938;10;3;128;128
104;1;0.0001;concept1;0.025351526;None;0.040416658;0.9746484756469727;10;3;128;128
104;2;0.0001;concept2;0.005748037;None;0.0247292;0.9942519664764404;10;3;128;128
105;0;0.0001;concept3;0.14300755;None;0.084626675;0.8569924831390381;10;3;128;128
105;1;0.0001;concept1;0.025232479;None;0.040336736;0.9747675061225891;10;3;128;128
105;2;0.0001;concept2;0.0057314876;None;0.024673302;0.994268536567688;10;3;128;128
106;0;0.0001;concept3;0.14320903;None;0.08453949;0.8567909598350525;10;3;128;128
106;1;0.0001;concept1;0.025135608;None;0.040271867;0.9748643636703491;10;3;128;128
106;2;0.0001;concept2;0.005707915;None;0.024595115;0.9942920804023743;10;3;128;128
107;0;0.0001;concept3;0.14400764;None;0.08457512;0.8559923768043518;10;3;128;128
107;1;0.0001;concept1;0.025029037;None;0.040198058;0.9749709367752075;10;3;128;128
107;2;0.0001;concept2;0.005689649;None;0.024530202;0.9943103790283203;10;3;128;128
108;0;0.0001;concept3;0.14398903;None;0.08443385;0.8560109734535217;10;3;128;128
108;1;0.0001;concept1;0.02490977;None;0.04007873;0.9750902056694031;10;3;128;128
108;2;0.0001;concept2;0.0056646043;None;0.024449082;0.994335412979126;10;3;128;128
109;0;0.0001;concept3;0.14543168;None;0.08468135;0.8545683026313782;10;3;128;128
109;1;0.0001;concept1;0.024868887;None;0.04003104;0.975131094455719;10;3;128;128
109;2;0.0001;concept2;0.0056390828;None;0.024364095;0.9943609237670898;10;3;128;128
110;0;0.0001;concept3;0.14717624;None;0.08493677;0.8528237342834473;10;3;128;128
110;1;0.0001;concept1;0.024837423;None;0.039986484;0.9751625657081604;10;3;128;128
110;2;0.0001;concept2;0.00562878;None;0.02432262;0.994371235370636;10;3;128;128
111;0;0.0001;concept3;0.14666227;None;0.084680654;0.8533377647399902;10;3;128;128
111;1;0.0001;concept1;0.02477574;None;0.039942816;0.9752242565155029;10;3;128;128
111;2;0.0001;concept2;0.0055897795;None;0.024212796;0.9944102168083191;10;3;128;128
112;0;0.0001;concept3;0.14936265;None;0.085305;0.8506373167037964;10;3;128;128
112;1;0.0001;concept1;0.024647495;None;0.039851576;0.9753525257110596;10;3;128;128
112;2;0.0001;concept2;0.0055707046;None;0.024152162;0.9944292902946472;10;3;128;128
113;0;0.0001;concept3;0.14852712;None;0.08502232;0.8514728546142578;10;3;128;128
113;1;0.0001;concept1;0.024558935;None;0.039792035;0.975441038608551;10;3;128;128
113;2;0.0001;concept2;0.0055701947;None;0.024133882;0.9944298267364502;10;3;128;128
114;0;0.0001;concept3;0.14812036;None;0.08469195;0.8518796563148499;10;3;128;128
114;1;0.0001;concept1;0.02453839;None;0.03977714;0.9754616022109985;10;3;128;128
114;2;0.0001;concept2;0.0055340333;None;0.024034439;0.9944659471511841;10;3;128;128
115;0;0.0001;concept3;0.1503639;None;0.08523655;0.8496360778808594;10;3;128;128
115;1;0.0001;concept1;0.02446573;None;0.039730858;0.9755342602729797;10;3;128;128
115;2;0.0001;concept2;0.0055051297;None;0.023952037;0.9944948554039001;10;3;128;128
116;0;0.0001;concept3;0.15006183;None;0.085072644;0.849938154220581;10;3;128;128
116;1;0.0001;concept1;0.024393907;None;0.039699554;0.9756060838699341;10;3;128;128
116;2;0.0001;concept2;0.00547113;None;0.02385676;0.9945288896560669;10;3;128;128
117;0;0.0001;concept3;0.14859842;None;0.08447697;0.8514015674591064;10;3;128;128
117;1;0.0001;concept1;0.024380751;None;0.03968714;0.9756192564964294;10;3;128;128
117;2;0.0001;concept2;0.0054460643;None;0.023781242;0.9945539236068726;10;3;128;128
118;0;0.0001;concept3;0.14600644;None;0.08362367;0.8539935350418091;10;3;128;128
118;1;0.0001;concept1;0.024288254;None;0.039626714;0.9757117629051208;10;3;128;128
118;2;0.0001;concept2;0.0054297643;None;0.023731215;0.994570255279541;10;3;128;128
119;0;0.0001;concept3;0.14373766;None;0.08286458;0.8562623262405396;10;3;128;128
119;1;0.0001;concept1;0.02432779;None;0.03963612;0.97567218542099;10;3;128;128
119;2;0.0001;concept2;0.005408864;None;0.023666255;0.9945911169052124;10;3;128;128
120;0;0.0001;concept3;0.14448336;None;0.08292049;0.8555166721343994;10;3;128;128
120;1;0.0001;concept1;0.024298044;None;0.03959644;0.9757019281387329;10;3;128;128
120;2;0.0001;concept2;0.005416091;None;0.023670265;0.9945839047431946;10;3;128;128
121;0;0.0001;concept3;0.14550543;None;0.08308803;0.854494571685791;10;3;128;128
121;1;0.0001;concept1;0.024238555;None;0.03956896;0.9757614731788635;10;3;128;128
121;2;0.0001;concept2;0.0054004765;None;0.023620686;0.9945995211601257;10;3;128;128
122;0;0.0001;concept3;0.14479469;None;0.08283075;0.8552052974700928;10;3;128;128
122;1;0.0001;concept1;0.02436673;None;0.039633356;0.9756332635879517;10;3;128;128
122;2;0.0001;concept2;0.0053975047;None;0.023602953;0.9946025013923645;10;3;128;128
123;0;0.0001;concept3;0.14465389;None;0.08266889;0.8553460836410522;10;3;128;128
123;1;0.0001;concept1;0.02445245;None;0.039660204;0.9755475521087646;10;3;128;128
123;2;0.0001;concept2;0.005380682;None;0.023552483;0.9946193099021912;10;3;128;128
124;0;0.0001;concept3;0.14456981;None;0.08256574;0.8554301857948303;10;3;128;128
124;1;0.0001;concept1;0.024389623;None;0.039603632;0.9756103754043579;10;3;128;128
124;2;0.0001;concept2;0.005369895;None;0.023515586;0.9946300983428955;10;3;128;128
125;0;0.0001;concept3;0.1481772;None;0.08338961;0.8518227934837341;10;3;128;128
125;1;0.0001;concept1;0.024411663;None;0.039612267;0.975588321685791;10;3;128;128
125;2;0.0001;concept2;0.0053671612;None;0.023497378;0.9946328401565552;10;3;128;128
126;0;0.0001;concept3;0.15012145;None;0.083778486;0.8498785495758057;10;3;128;128
126;1;0.0001;concept1;0.024429776;None;0.039626975;0.9755702018737793;10;3;128;128
126;2;0.0001;concept2;0.005361152;None;0.02347436;0.9946388602256775;10;3;128;128
127;0;0.0001;concept3;0.15148973;None;0.08402577;0.8485102653503418;10;3;128;128
127;1;0.0001;concept1;0.024404291;None;0.03959566;0.9755957126617432;10;3;128;128
127;2;0.0001;concept2;0.0053627267;None;0.023468291;0.9946372509002686;10;3;128;128
128;0;0.0001;concept3;0.15302032;None;0.08433243;0.8469796776771545;10;3;128;128
128;1;0.0001;concept1;0.02432599;None;0.039539736;0.975674033164978;10;3;128;128
128;2;0.0001;concept2;0.0053544333;None;0.023438977;0.9946455955505371;10;3;128;128
129;0;0.0001;concept3;0.15254186;None;0.08408614;0.8474581241607666;10;3;128;128
129;1;0.0001;concept1;0.024260305;None;0.0394815;0.9757397174835205;10;3;128;128
129;2;0.0001;concept2;0.005343472;None;0.023402235;0.994656503200531;10;3;128;128
130;0;0.0001;concept3;0.15114774;None;0.08358548;0.848852276802063;10;3;128;128
130;1;0.0001;concept1;0.024088526;None;0.03939534;0.9759114980697632;10;3;128;128
130;2;0.0001;concept2;0.005324759;None;0.023349145;0.9946752190589905;10;3;128;128
131;0;0.0001;concept3;0.14912999;None;0.08295691;0.8508700132369995;10;3;128;128
131;1;0.0001;concept1;0.024017295;None;0.039345827;0.9759827256202698;10;3;128;128
131;2;0.0001;concept2;0.0053169285;None;0.023320472;0.9946830868721008;10;3;128;128
132;0;0.0001;concept3;0.14575562;None;0.081941605;0.8542443513870239;10;3;128;128
132;1;0.0001;concept1;0.023984343;None;0.03931622;0.9760156869888306;10;3;128;128
132;2;0.0001;concept2;0.0053166267;None;0.023311565;0.9946833848953247;10;3;128;128
133;0;0.0001;concept3;0.14593259;None;0.08191476;0.8540674448013306;10;3;128;128
133;1;0.0001;concept1;0.023906892;None;0.039282463;0.9760931134223938;10;3;128;128
133;2;0.0001;concept2;0.0053020455;None;0.023269448;0.9946979284286499;10;3;128;128
134;0;0.0001;concept3;0.1459137;None;0.081819214;0.8540862798690796;10;3;128;128
134;1;0.0001;concept1;0.02392028;None;0.03929618;0.9760797023773193;10;3;128;128
134;2;0.0001;concept2;0.005290108;None;0.02323394;0.9947099089622498;10;3;128;128
135;0;0.0001;concept3;0.14852005;None;0.08238966;0.8514799475669861;10;3;128;128
135;1;0.0001;concept1;0.023893716;None;0.039287064;0.9761062860488892;10;3;128;128
135;2;0.0001;concept2;0.0052934517;None;0.023234166;0.9947065711021423;10;3;128;128
136;0;0.0001;concept3;0.14784543;None;0.08219066;0.852154552936554;10;3;128;128
136;1;0.0001;concept1;0.02382604;None;0.039245564;0.9761739373207092;10;3;128;128
136;2;0.0001;concept2;0.005298091;None;0.023236027;0.9947019219398499;10;3;128;128
137;0;0.0001;concept3;0.15056825;None;0.082736485;0.8494317531585693;10;3;128;128
137;1;0.0001;concept1;0.023788352;None;0.039240826;0.976211667060852;10;3;128;128
137;2;0.0001;concept2;0.005275998;None;0.023174623;0.9947239756584167;10;3;128;128
138;0;0.0001;concept3;0.15043364;None;0.082608126;0.8495663404464722;10;3;128;128
138;1;0.0001;concept1;0.02377746;None;0.039224766;0.9762225151062012;10;3;128;128
138;2;0.0001;concept2;0.005291199;None;0.023202239;0.994708776473999;10;3;128;128
139;0;0.0001;concept3;0.15110953;None;0.082681514;0.848890483379364;10;3;128;128
139;1;0.0001;concept1;0.023719095;None;0.039187424;0.976280927658081;10;3;128;128
139;2;0.0001;concept2;0.0052883257;None;0.023187758;0.994711697101593;10;3;128;128
140;0;0.0001;concept3;0.15109095;None;0.0825925;0.8489090204238892;10;3;128;128
140;1;0.0001;concept1;0.02376389;None;0.039241146;0.97623610496521;10;3;128;128
140;2;0.0001;concept2;0.0053071366;None;0.023220291;0.994692862033844;10;3;128;128
141;0;0.0001;concept3;0.15119016;None;0.082470745;0.8488098382949829;10;3;128;128
141;1;0.0001;concept1;0.023573078;None;0.039099548;0.976426899433136;10;3;128;128
141;2;0.0001;concept2;0.005293093;None;0.023177283;0.994706928730011;10;3;128;128
142;0;0.0001;concept3;0.15030098;None;0.08218707;0.8496990203857422;10;3;128;128
142;1;0.0001;concept1;0.023370596;None;0.038980793;0.976629376411438;10;3;128;128
142;2;0.0001;concept2;0.005297202;None;0.023179585;0.9947028160095215;10;3;128;128
143;0;0.0001;concept3;0.15045494;None;0.08212811;0.8495450615882874;10;3;128;128
143;1;0.0001;concept1;0.023277856;None;0.03891922;0.9767221212387085;10;3;128;128
143;2;0.0001;concept2;0.0052882135;None;0.023150349;0.9947117567062378;10;3;128;128
144;0;0.0001;concept3;0.15213911;None;0.082440004;0.8478608727455139;10;3;128;128
144;1;0.0001;concept1;0.0232178;None;0.038893938;0.9767822027206421;10;3;128;128
144;2;0.0001;concept2;0.0052699763;None;0.02309855;0.9947299957275391;10;3;128;128
145;0;0.0001;concept3;0.151578;None;0.08222442;0.8484220504760742;10;3;128;128
145;1;0.0001;concept1;0.02317852;None;0.038904876;0.9768214821815491;10;3;128;128
145;2;0.0001;concept2;0.005266781;None;0.023081645;0.9947332143783569;10;3;128;128
146;0;0.0001;concept3;0.15275513;None;0.08241829;0.8472448587417603;10;3;128;128
146;1;0.0001;concept1;0.023127474;None;0.038873203;0.9768725037574768;10;3;128;128
146;2;0.0001;concept2;0.0052546137;None;0.023049539;0.9947453737258911;10;3;128;128
147;0;0.0001;concept3;0.15370236;None;0.08255305;0.8462976217269897;10;3;128;128
147;1;0.0001;concept1;0.02312729;None;0.03889542;0.9768726825714111;10;3;128;128
147;2;0.0001;concept2;0.005254295;None;0.023039773;0.9947457313537598;10;3;128;128
148;0;0.0001;concept3;0.1530816;None;0.082391284;0.8469184041023254;10;3;128;128
148;1;0.0001;concept1;0.023092192;None;0.03888441;0.9769077897071838;10;3;128;128
148;2;0.0001;concept2;0.005250658;None;0.023024892;0.9947493672370911;10;3;128;128
149;0;0.0001;concept3;0.15429738;None;0.0826276;0.845702588558197;10;3;128;128
149;1;0.0001;concept1;0.023072653;None;0.03889236;0.9769273400306702;10;3;128;128
149;2;0.0001;concept2;0.005268328;None;0.023058739;0.9947316646575928;10;3;128;128
150;0;0.0001;concept1;0.023162479;None;0.038962618;0.9768375158309937;10;3;128;128
150;1;0.0001;concept2;0.005251869;None;0.023012709;0.9947481155395508;10;3;128;128
150;2;0.0001;concept3;0.15497094;None;0.08270999;0.8450290560722351;10;3;128;128
151;0;0.0001;concept1;0.023224795;None;0.039030217;0.9767752289772034;10;3;128;128
151;1;0.0001;concept2;0.005250341;None;0.023000374;0.9947496652603149;10;3;128;128
151;2;0.0001;concept3;0.15476497;None;0.082618;0.8452350497245789;10;3;128;128
152;0;0.0001;concept1;0.023345642;None;0.039122593;0.9766543507575989;10;3;128;128
152;1;0.0001;concept2;0.0052488595;None;0.022987545;0.9947511553764343;10;3;128;128
152;2;0.0001;concept3;0.15550752;None;0.08274358;0.844492495059967;10;3;128;128
153;0;0.0001;concept1;0.02325241;None;0.039055016;0.9767475724220276;10;3;128;128
153;1;0.0001;concept2;0.0052423053;None;0.022958603;0.9947577118873596;10;3;128;128
153;2;0.0001;concept3;0.1563899;None;0.08294775;0.8436100482940674;10;3;128;128
154;0;0.0001;concept1;0.023242142;None;0.039037727;0.9767578840255737;10;3;128;128
154;1;0.0001;concept2;0.0052579353;None;0.022981083;0.9947420358657837;10;3;128;128
154;2;0.0001;concept3;0.15752119;None;0.08327758;0.8424788117408752;10;3;128;128
155;0;0.0001;concept1;0.02332415;None;0.039116167;0.9766758680343628;10;3;128;128
155;1;0.0001;concept2;0.0052600517;None;0.022973826;0.9947399497032166;10;3;128;128
155;2;0.0001;concept3;0.15782046;None;0.08332984;0.842179536819458;10;3;128;128
156;0;0.0001;concept1;0.023441533;None;0.039224267;0.9765584468841553;10;3;128;128
156;1;0.0001;concept2;0.0052633183;None;0.0229654;0.9947366714477539;10;3;128;128
156;2;0.0001;concept3;0.15903832;None;0.0835901;0.8409616947174072;10;3;128;128
157;0;0.0001;concept1;0.023374518;None;0.039180476;0.9766255021095276;10;3;128;128
157;1;0.0001;concept2;0.0052682124;None;0.022967981;0.9947317838668823;10;3;128;128
157;2;0.0001;concept3;0.1611194;None;0.08403717;0.8388805985450745;10;3;128;128
158;0;0.0001;concept1;0.023433963;None;0.03923852;0.9765660166740417;10;3;128;128
158;1;0.0001;concept2;0.005266482;None;0.022945773;0.9947335124015808;10;3;128;128
158;2;0.0001;concept3;0.16075456;None;0.083956644;0.8392454385757446;10;3;128;128
159;0;0.0001;concept1;0.023440799;None;0.03928397;0.9765592217445374;10;3;128;128
159;1;0.0001;concept2;0.005282147;None;0.022969194;0.9947178363800049;10;3;128;128
159;2;0.0001;concept3;0.16224897;None;0.084342636;0.837751030921936;10;3;128;128
160;0;0.0001;concept1;0.023429157;None;0.03929142;0.9765708446502686;10;3;128;128
160;1;0.0001;concept2;0.005272242;None;0.022931362;0.9947277307510376;10;3;128;128
160;2;0.0001;concept3;0.16336824;None;0.08467183;0.8366317749023438;10;3;128;128
161;0;0.0001;concept1;0.023394505;None;0.039286226;0.9766054749488831;10;3;128;128
161;1;0.0001;concept2;0.0052904077;None;0.022962257;0.9947096109390259;10;3;128;128
161;2;0.0001;concept3;0.16471864;None;0.08497448;0.8352813720703125;10;3;128;128
162;0;0.0001;concept1;0.02341767;None;0.039322354;0.9765823483467102;10;3;128;128
162;1;0.0001;concept2;0.005286012;None;0.022937138;0.9947139620780945;10;3;128;128
162;2;0.0001;concept3;0.16495249;None;0.085035086;0.8350474834442139;10;3;128;128
163;0;0.0001;concept1;0.02343823;None;0.039346576;0.9765617847442627;10;3;128;128
163;1;0.0001;concept2;0.0052811727;None;0.022913853;0.9947188496589661;10;3;128;128
163;2;0.0001;concept3;0.16528657;None;0.08507355;0.8347133994102478;10;3;128;128
164;0;0.0001;concept1;0.023469925;None;0.03938109;0.9765300750732422;10;3;128;128
164;1;0.0001;concept2;0.0052993214;None;0.022948012;0.9947006702423096;10;3;128;128
164;2;0.0001;concept3;0.16606529;None;0.08529384;0.8339347243309021;10;3;128;128
165;0;0.0001;concept1;0.023475645;None;0.039390378;0.9765243530273438;10;3;128;128
165;1;0.0001;concept2;0.005286612;None;0.022907328;0.9947133660316467;10;3;128;128
165;2;0.0001;concept3;0.16609551;None;0.08529678;0.833904504776001;10;3;128;128
166;0;0.0001;concept1;0.02349496;None;0.03939937;0.9765050411224365;10;3;128;128
166;1;0.0001;concept2;0.005294249;None;0.02292045;0.9947057366371155;10;3;128;128
166;2;0.0001;concept3;0.16715589;None;0.08550908;0.832844078540802;10;3;128;128
167;0;0.0001;concept1;0.023515059;None;0.03942586;0.9764849543571472;10;3;128;128
167;1;0.0001;concept2;0.0052984213;None;0.022921694;0.9947015643119812;10;3;128;128
167;2;0.0001;concept3;0.1679644;None;0.08571114;0.8320356011390686;10;3;128;128
168;0;0.0001;concept1;0.023496155;None;0.039399173;0.976503849029541;10;3;128;128
168;1;0.0001;concept2;0.0052858545;None;0.022882573;0.9947141408920288;10;3;128;128
168;2;0.0001;concept3;0.16681094;None;0.08542498;0.833189070224762;10;3;128;128
169;0;0.0001;concept1;0.023484543;None;0.039392315;0.9765154719352722;10;3;128;128
169;1;0.0001;concept2;0.005295717;None;0.022897873;0.9947043061256409;10;3;128;128
169;2;0.0001;concept3;0.16773733;None;0.08562054;0.8322626352310181;10;3;128;128
170;0;0.0001;concept1;0.02348264;None;0.03939067;0.976517379283905;10;3;128;128
170;1;0.0001;concept2;0.005292074;None;0.022876285;0.9947079420089722;10;3;128;128
170;2;0.0001;concept3;0.16806564;None;0.085751124;0.8319343328475952;10;3;128;128
171;0;0.0001;concept1;0.02347728;None;0.0393911;0.9765227437019348;10;3;128;128
171;1;0.0001;concept2;0.005302569;None;0.022893654;0.9946974515914917;10;3;128;128
171;2;0.0001;concept3;0.17068468;None;0.08632298;0.8293153047561646;10;3;128;128
172;0;0.0001;concept1;0.02344469;None;0.03936967;0.9765552878379822;10;3;128;128
172;1;0.0001;concept2;0.005297605;None;0.0228687;0.9947023987770081;10;3;128;128
172;2;0.0001;concept3;0.16925657;None;0.0859694;0.8307434320449829;10;3;128;128
173;0;0.0001;concept1;0.023411926;None;0.039358933;0.9765880703926086;10;3;128;128
173;1;0.0001;concept2;0.0053064954;None;0.02288296;0.9946935176849365;10;3;128;128
173;2;0.0001;concept3;0.1713692;None;0.086392365;0.828630805015564;10;3;128;128
174;0;0.0001;concept1;0.023420425;None;0.039392225;0.9765795469284058;10;3;128;128
174;1;0.0001;concept2;0.005305219;None;0.022870759;0.9946947693824768;10;3;128;128
174;2;0.0001;concept3;0.17239422;None;0.08648012;0.8276057839393616;10;3;128;128
175;0;0.0001;concept1;0.023384817;None;0.03938111;0.9766151905059814;10;3;128;128
175;1;0.0001;concept2;0.0053093666;None;0.022875074;0.9946906566619873;10;3;128;128
175;2;0.0001;concept3;0.17068593;None;0.08616407;0.8293140530586243;10;3;128;128
176;0;0.0001;concept1;0.023385217;None;0.039379187;0.976614773273468;10;3;128;128
176;1;0.0001;concept2;0.005280534;None;0.022801789;0.9947194457054138;10;3;128;128
176;2;0.0001;concept3;0.17366676;None;0.08665574;0.8263332843780518;10;3;128;128
177;0;0.0001;concept1;0.023416422;None;0.03941966;0.9765836000442505;10;3;128;128
177;1;0.0001;concept2;0.00528326;None;0.022800865;0.9947167634963989;10;3;128;128
177;2;0.0001;concept3;0.17326352;None;0.08661783;0.8267364501953125;10;3;128;128
178;0;0.0001;concept1;0.023354687;None;0.03938153;0.976645290851593;10;3;128;128
178;1;0.0001;concept2;0.0052829543;None;0.02279785;0.9947170615196228;10;3;128;128
178;2;0.0001;concept3;0.17219208;None;0.08628313;0.8278079032897949;10;3;128;128
179;0;0.0001;concept1;0.02334108;None;0.039397947;0.9766589403152466;10;3;128;128
179;1;0.0001;concept2;0.0052715177;None;0.022768773;0.9947285056114197;10;3;128;128
179;2;0.0001;concept3;0.17319424;None;0.086404584;0.8268057107925415;10;3;128;128
180;0;0.0001;concept1;0.023270592;None;0.039358567;0.9767293930053711;10;3;128;128
180;1;0.0001;concept2;0.0052642147;None;0.022751458;0.9947357773780823;10;3;128;128
180;2;0.0001;concept3;0.17516406;None;0.08665712;0.8248359560966492;10;3;128;128
181;0;0.0001;concept1;0.023321195;None;0.039419204;0.9766787886619568;10;3;128;128
181;1;0.0001;concept2;0.0052720765;None;0.022768922;0.9947279095649719;10;3;128;128
181;2;0.0001;concept3;0.17520022;None;0.08667585;0.8247997760772705;10;3;128;128
182;0;0.0001;concept1;0.02321642;None;0.039335255;0.9767835736274719;10;3;128;128
182;1;0.0001;concept2;0.0052659125;None;0.022751946;0.9947341084480286;10;3;128;128
182;2;0.0001;concept3;0.17558075;None;0.086620495;0.8244192600250244;10;3;128;128
183;0;0.0001;concept1;0.023136001;None;0.03929734;0.9768639802932739;10;3;128;128
183;1;0.0001;concept2;0.0052602496;None;0.022733055;0.9947397708892822;10;3;128;128
183;2;0.0001;concept3;0.17471252;None;0.08631327;0.8252874612808228;10;3;128;128
184;0;0.0001;concept1;0.023145204;None;0.0393158;0.9768548011779785;10;3;128;128
184;1;0.0001;concept2;0.0052596056;None;0.022726629;0.99474036693573;10;3;128;128
184;2;0.0001;concept3;0.17654893;None;0.08663382;0.823451042175293;10;3;128;128
185;0;0.0001;concept1;0.023130944;None;0.03933039;0.9768690466880798;10;3;128;128
185;1;0.0001;concept2;0.0052635786;None;0.022735568;0.9947364330291748;10;3;128;128
185;2;0.0001;concept3;0.17811222;None;0.08679754;0.8218877911567688;10;3;128;128
186;0;0.0001;concept1;0.02311102;None;0.03932931;0.9768889546394348;10;3;128;128
186;1;0.0001;concept2;0.0052500335;None;0.022699608;0.9947499632835388;10;3;128;128
186;2;0.0001;concept3;0.179295;None;0.08699036;0.820704996585846;10;3;128;128
187;0;0.0001;concept1;0.023024872;None;0.03929811;0.97697514295578;10;3;128;128
187;1;0.0001;concept2;0.005247518;None;0.022691526;0.9947524666786194;10;3;128;128
187;2;0.0001;concept3;0.1810535;None;0.08725827;0.8189464807510376;10;3;128;128
188;0;0.0001;concept1;0.022949627;None;0.039246947;0.9770503640174866;10;3;128;128
188;1;0.0001;concept2;0.005237133;None;0.022659967;0.9947628378868103;10;3;128;128
188;2;0.0001;concept3;0.1821716;None;0.08736989;0.8178284168243408;10;3;128;128
189;0;0.0001;concept1;0.022809844;None;0.039182357;0.9771901369094849;10;3;128;128
189;1;0.0001;concept2;0.0052301907;None;0.022639258;0.994769811630249;10;3;128;128
189;2;0.0001;concept3;0.1840288;None;0.08763788;0.8159711956977844;10;3;128;128
190;0;0.0001;concept1;0.022684252;None;0.039125144;0.9773157238960266;10;3;128;128
190;1;0.0001;concept2;0.0052231136;None;0.02261799;0.9947769045829773;10;3;128;128
190;2;0.0001;concept3;0.1838511;None;0.08750332;0.8161488771438599;10;3;128;128
191;0;0.0001;concept1;0.022694044;None;0.039155066;0.9773059487342834;10;3;128;128
191;1;0.0001;concept2;0.005216731;None;0.022601092;0.9947832822799683;10;3;128;128
191;2;0.0001;concept3;0.18336476;None;0.087367326;0.816635251045227;10;3;128;128
192;0;0.0001;concept1;0.022639725;None;0.039123613;0.9773602485656738;10;3;128;128
192;1;0.0001;concept2;0.005210209;None;0.022585398;0.9947897791862488;10;3;128;128
192;2;0.0001;concept3;0.18160558;None;0.08689521;0.8183944225311279;10;3;128;128
193;0;0.0001;concept1;0.022510748;None;0.039036926;0.9774892330169678;10;3;128;128
193;1;0.0001;concept2;0.0051990557;None;0.022557216;0.9948009252548218;10;3;128;128
193;2;0.0001;concept3;0.18439949;None;0.0873542;0.8156005144119263;10;3;128;128
194;0;0.0001;concept1;0.022539334;None;0.03907161;0.9774606823921204;10;3;128;128
194;1;0.0001;concept2;0.005181346;None;0.022516824;0.9948186278343201;10;3;128;128
194;2;0.0001;concept3;0.18300615;None;0.087006435;0.8169938325881958;10;3;128;128
195;0;0.0001;concept1;0.022631621;None;0.03913411;0.9773683547973633;10;3;128;128
195;1;0.0001;concept2;0.0051756552;None;0.022506857;0.9948243498802185;10;3;128;128
195;2;0.0001;concept3;0.18234186;None;0.08676718;0.8176581263542175;10;3;128;128
196;0;0.0001;concept1;0.022525223;None;0.03905273;0.9774747490882874;10;3;128;128
196;1;0.0001;concept2;0.005156465;None;0.022466006;0.9948435425758362;10;3;128;128
196;2;0.0001;concept3;0.18482022;None;0.0871913;0.8151797652244568;10;3;128;128
197;0;0.0001;concept1;0.022551341;None;0.03910173;0.9774486422538757;10;3;128;128
197;1;0.0001;concept2;0.005148254;None;0.022450967;0.9948517680168152;10;3;128;128
197;2;0.0001;concept3;0.18515672;None;0.08719778;0.8148432970046997;10;3;128;128
198;0;0.0001;concept1;0.022558466;None;0.03910466;0.9774415493011475;10;3;128;128
198;1;0.0001;concept2;0.005143573;None;0.022443894;0.9948564171791077;10;3;128;128
198;2;0.0001;concept3;0.18419512;None;0.086921126;0.8158048987388611;10;3;128;128
199;0;0.0001;concept1;0.022583468;None;0.03913734;0.9774165153503418;10;3;128;128
199;1;0.0001;concept2;0.005129106;None;0.022413548;0.9948709011077881;10;3;128;128
199;2;0.0001;concept3;0.19031176;None;0.08805172;0.8096882104873657;10;3;128;128
