0;0;0.0001;concept1;0.09821115975088598;None;0.11063365612011475;0.901788840249114;10;20;128;128
0;1;0.0001;concept2;0.9332538886057399;None;0.19852276926418796;0.06674611139426001;10;20;128;128
0;2;0.0001;concept3;0.35625243731810274;None;0.09306469917571748;0.6437475626818973;10;20;128;128
1;0;0.0001;concept1;0.13548946988879432;None;0.12939865095869793;0.8645105301112057;10;20;128;128
1;1;0.0001;concept2;1.3011855335950753;None;0.24378227302802286;-0.30118553359507527;10;20;128;128
1;2;0.0001;concept3;0.3948047063026003;None;0.09589743242114741;0.6051952936973997;10;20;128;128
2;0;0.0001;concept1;0.07516878240882326;None;0.09817042500073754;0.9248312175911767;10;20;128;128
2;1;0.0001;concept2;0.3572076568865067;None;0.11847242622605078;0.6427923431134932;10;20;128;128
2;2;0.0001;concept3;0.1369861365485089;None;0.05648962952502881;0.8630138634514911;10;20;128;128
3;0;0.0001;concept1;0.06207185963210814;None;0.0884077383497303;0.9379281403678918;10;20;128;128
3;1;0.0001;concept2;0.15419703687097785;None;0.07566158946288612;0.8458029631290221;10;20;128;128
3;2;0.0001;concept3;0.10163151076287014;None;0.04895931871181721;0.8983684892371299;10;20;128;128
4;0;0.0001;concept1;0.05600263302558607;None;0.08320189803485177;0.9439973669744139;10;20;128;128
4;1;0.0001;concept2;0.09503287842133001;None;0.05958250628537968;0.90496712157867;10;20;128;128
4;2;0.0001;concept3;0.08643484793169402;None;0.045329731674050425;0.913565152068306;10;20;128;128
5;0;0.0001;concept1;0.052336823233190465;None;0.07981028384103273;0.9476631767668096;10;20;128;128
5;1;0.0001;concept2;0.0701031720341841;None;0.051520223648027115;0.9298968279658159;10;20;128;128
5;2;0.0001;concept3;0.0771408724748565;None;0.04296271228875693;0.9228591275251435;10;20;128;128
6;0;0.0001;concept1;0.050112882345415256;None;0.07750503039987508;0.9498871176545848;10;20;128;128
6;1;0.0001;concept2;0.05654225471202773;None;0.04622404288604808;0.9434577452879722;10;20;128;128
6;2;0.0001;concept3;0.0704737337308603;None;0.041115296786262745;0.9295262662691397;10;20;128;128
7;0;0.0001;concept1;0.048377471029912966;None;0.07574219699155968;0.951622528970087;10;20;128;128
7;1;0.0001;concept2;0.048895661505262075;None;0.043065205569152526;0.951104338494738;10;20;128;128
7;2;0.0001;concept3;0.06484381732853059;None;0.03947719770817187;0.9351561826714694;10;20;128;128
8;0;0.0001;concept1;0.04693205916759881;None;0.07427785704936885;0.9530679408324012;10;20;128;128
8;1;0.0001;concept2;0.0437316178174423;None;0.04087856769617801;0.9562683821825577;10;20;128;128
8;2;0.0001;concept3;0.05995972564179214;None;0.03802019616842015;0.9400402743582079;10;20;128;128
9;0;0.0001;concept1;0.045776539377284896;None;0.07308365877790776;0.9542234606227151;10;20;128;128
9;1;0.0001;concept2;0.03996732813409834;None;0.03916057823907753;0.9600326718659017;10;20;128;128
9;2;0.0001;concept3;0.05569162937952532;None;0.03672655597159888;0.9443083706204747;10;20;128;128
10;0;0.0001;concept1;0.04497188175169115;None;0.07219053120009908;0.9550281182483088;10;20;128;128
10;1;0.0001;concept2;0.03703839573971486;None;0.03773258190160904;0.9629616042602851;10;20;128;128
10;2;0.0001;concept3;0.05223774666694573;None;0.03564163149718303;0.9477622533330543;10;20;128;128
11;0;0.0001;concept1;0.04419078592792906;None;0.071311358526536;0.955809214072071;10;20;128;128
11;1;0.0001;concept2;0.03472805147871083;None;0.03657173033829819;0.9652719485212892;10;20;128;128
11;2;0.0001;concept3;0.049315015141252104;None;0.03469034161041907;0.9506849848587479;10;20;128;128
12;0;0.0001;concept1;0.04349825216979202;None;0.07053484071540359;0.956501747830208;10;20;128;128
12;1;0.0001;concept2;0.032814217761781575;None;0.035575005030185756;0.9671857822382184;10;20;128;128
12;2;0.0001;concept3;0.046722995918757115;None;0.03381408819802093;0.9532770040812428;10;20;128;128
13;0;0.0001;concept1;0.04289979804306351;None;0.06983575896944064;0.9571002019569365;10;20;128;128
13;1;0.0001;concept2;0.03123018863985529;None;0.0347246921535142;0.9687698113601447;10;20;128;128
13;2;0.0001;concept3;0.04447403352546842;None;0.03301757033151947;0.9555259664745316;10;20;128;128
14;0;0.0001;concept1;0.04240164054925028;None;0.06922650980636322;0.9575983594507497;10;20;128;128
14;1;0.0001;concept2;0.02984561675348111;None;0.03395510992953991;0.9701543832465189;10;20;128;128
14;2;0.0001;concept3;0.04246847934503723;None;0.03230482250570709;0.9575315206549628;10;20;128;128
15;0;0.0001;concept1;0.041887494398585766;None;0.06863222575554098;0.9581125056014143;10;20;128;128
15;1;0.0001;concept2;0.028654853056432873;None;0.03327704297376723;0.9713451469435671;10;20;128;128
15;2;0.0001;concept3;0.040795622807858194;None;0.03170038076913318;0.9592043771921418;10;20;128;128
16;0;0.0001;concept1;0.041350072071892875;None;0.0680245501917895;0.9586499279281071;10;20;128;128
16;1;0.0001;concept2;0.027617397562468615;None;0.03266451621062775;0.9723826024375314;10;20;128;128
16;2;0.0001;concept3;0.03947088418585675;None;0.031202095636625626;0.9605291158141432;10;20;128;128
17;0;0.0001;concept1;0.04104284447438002;None;0.06761457968649667;0.95895715552562;10;20;128;128
17;1;0.0001;concept2;0.02652656061779153;None;0.031973657304058586;0.9734734393822084;10;20;128;128
17;2;0.0001;concept3;0.038197297148152565;None;0.030708653027979555;0.9618027028518474;10;20;128;128
18;0;0.0001;concept1;0.040668623294998305;None;0.06715655201329337;0.9593313767050017;10;20;128;128
18;1;0.0001;concept2;0.025626960825699322;None;0.031425367200795536;0.9743730391743006;10;20;128;128
18;2;0.0001;concept3;0.03687527943516612;None;0.03018723424739196;0.9631247205648339;10;20;128;128
19;0;0.0001;concept1;0.040309627161350704;None;0.06671987548814125;0.9596903728386493;10;20;128;128
19;1;0.0001;concept2;0.02484728255949397;None;0.030945177076144362;0.975152717440506;10;20;128;128
19;2;0.0001;concept3;0.035589023510389874;None;0.029683240782886346;0.9644109764896102;10;20;128;128
20;0;0.0001;concept1;0.04004612453681301;None;0.06636027183110166;0.959953875463187;10;20;128;128
20;1;0.0001;concept2;0.024123769486504396;None;0.030492631197689902;0.9758762305134956;10;20;128;128
20;2;0.0001;concept3;0.03460952384706314;None;0.029276570142269306;0.9653904761529368;10;20;128;128
21;0;0.0001;concept1;0.03976543615300889;None;0.06600644278607569;0.9602345638469911;10;20;128;128
21;1;0.0001;concept2;0.023488446078755523;None;0.030092170139194283;0.9765115539212444;10;20;128;128
21;2;0.0001;concept3;0.032931501988871834;None;0.028607063203669174;0.9670684980111282;10;20;128;128
22;0;0.0001;concept1;0.03956488687095798;None;0.06571909456304331;0.9604351131290421;10;20;128;128
22;1;0.0001;concept2;0.022926353022525114;None;0.0297258345999558;0.9770736469774749;10;20;128;128
22;2;0.0001;concept3;0.03180997782127593;None;0.028157411638368046;0.9681900221787241;10;20;128;128
23;0;0.0001;concept1;0.039305382483718995;None;0.06538890020543522;0.960694617516281;10;20;128;128
23;1;0.0001;concept2;0.022430574862595656;None;0.029403415252146313;0.9775694251374043;10;20;128;128
23;2;0.0001;concept3;0.031131557342256953;None;0.02782856205718233;0.9688684426577431;10;20;128;128
24;0;0.0001;concept1;0.03912096550372865;None;0.06511066671401852;0.9608790344962713;10;20;128;128
24;1;0.0001;concept2;0.02196567669106033;None;0.02909907258852991;0.9780343233089397;10;20;128;128
24;2;0.0001;concept3;0.03035844111728696;None;0.027482637908405366;0.9696415588827131;10;20;128;128
25;0;0.0001;concept1;0.03892439758778311;None;0.06484427946828193;0.9610756024122169;10;20;128;128
25;1;0.0001;concept2;0.021493599506339913;None;0.028788863554081445;0.9785064004936601;10;20;128;128
25;2;0.0001;concept3;0.029604357063699557;None;0.02715687956297057;0.9703956429363004;10;20;128;128
26;0;0.0001;concept1;0.038792015098996;None;0.06462324078406274;0.961207984901004;10;20;128;128
26;1;0.0001;concept2;0.021093770649575638;None;0.028521761746016464;0.9789062293504244;10;20;128;128
26;2;0.0001;concept3;0.028900439184672954;None;0.026850523794387755;0.971099560815327;10;20;128;128
27;0;0.0001;concept1;0.03860872173962036;None;0.06435444663895025;0.9613912782603796;10;20;128;128
27;1;0.0001;concept2;0.020742860260402743;None;0.028283204599428867;0.9792571397395973;10;20;128;128
27;2;0.0001;concept3;0.028227875298272188;None;0.02655647918345796;0.9717721247017278;10;20;128;128
28;0;0.0001;concept1;0.038427959891614995;None;0.06410043408839967;0.961572040108385;10;20;128;128
28;1;0.0001;concept2;0.020428470433891066;None;0.02806827326997268;0.9795715295661089;10;20;128;128
28;2;0.0001;concept3;0.027608794219867578;None;0.02628299080187606;0.9723912057801324;10;20;128;128
29;0;0.0001;concept1;0.03829663465222606;None;0.06389495158796338;0.9617033653477739;10;20;128;128
29;1;0.0001;concept2;0.020118641815817014;None;0.027854413557370585;0.979881358184183;10;20;128;128
29;2;0.0001;concept3;0.02703291179792981;None;0.02602286972440281;0.9729670882020702;10;20;128;128
30;0;0.0001;concept1;0.0382025444038481;None;0.06373531107216665;0.9617974555961519;10;20;128;128
30;1;0.0001;concept2;0.019827942806102804;None;0.02764900444617186;0.9801720571938972;10;20;128;128
30;2;0.0001;concept3;0.026491489939414598;None;0.025774546853075186;0.9735085100605854;10;20;128;128
31;0;0.0001;concept1;0.03812185689558434;None;0.06356642328268;0.9618781431044157;10;20;128;128
31;1;0.0001;concept2;0.019572489529563267;None;0.0274671816946289;0.9804275104704367;10;20;128;128
31;2;0.0001;concept3;0.025975541329721727;None;0.025533580160880663;0.9740244586702783;10;20;128;128
32;0;0.0001;concept1;0.03796066599311834;None;0.06335465833971016;0.9620393340068817;10;20;128;128
32;1;0.0001;concept2;0.019315508395340436;None;0.02728534563979893;0.9806844916046595;10;20;128;128
32;2;0.0001;concept3;0.025485413744085424;None;0.025299998419890727;0.9745145862559146;10;20;128;128
33;0;0.0001;concept1;0.037840348751445714;None;0.06317207266963423;0.9621596512485543;10;20;128;128
33;1;0.0001;concept2;0.019088072838877035;None;0.02712136857183777;0.980911927161123;10;20;128;128
33;2;0.0001;concept3;0.0250396186822479;None;0.025084776005416844;0.9749603813177521;10;20;128;128
34;0;0.0001;concept1;0.037763113577909416;None;0.06303072993933537;0.9622368864220906;10;20;128;128
34;1;0.0001;concept2;0.018857161387340927;None;0.026956424135556354;0.981142838612659;10;20;128;128
34;2;0.0001;concept3;0.024605974305422964;None;0.02487112715247186;0.975394025694577;10;20;128;128
35;0;0.0001;concept1;0.03766348272776;None;0.06285619503153006;0.96233651727224;10;20;128;128
35;1;0.0001;concept2;0.018636804977110417;None;0.02679689841370992;0.9813631950228896;10;20;128;128
35;2;0.0001;concept3;0.02420418981471151;None;0.024675404425227893;0.9757958101852885;10;20;128;128
36;0;0.0001;concept1;0.037537173048122596;None;0.06268966778350592;0.9624628269518775;10;20;128;128
36;1;0.0001;concept2;0.01845250814223402;None;0.026666389191315806;0.981547491857766;10;20;128;128
36;2;0.0001;concept3;0.023817094917932283;None;0.024481707489213998;0.9761829050820677;10;20;128;128
37;0;0.0001;concept1;0.03739104578237066;None;0.06250186976205194;0.9626089542176294;10;20;128;128
37;1;0.0001;concept2;0.018273501190456197;None;0.026537492896471795;0.9817264988095438;10;20;128;128
37;2;0.0001;concept3;0.02344151618092603;None;0.024290456525481025;0.976558483819074;10;20;128;128
38;0;0.0001;concept1;0.03731636710198172;None;0.062384615524226195;0.9626836328980183;10;20;128;128
38;1;0.0001;concept2;0.018094141857061385;None;0.026412380079599965;0.9819058581429386;10;20;128;128
38;2;0.0001;concept3;0.023075244195433088;None;0.02410244996828607;0.976924755804567;10;20;128;128
39;0;0.0001;concept1;0.03727597674050304;None;0.062276008422298114;0.9627240232594969;10;20;128;128
39;1;0.0001;concept2;0.017928456205402277;None;0.026296253677818838;0.9820715437945977;10;20;128;128
39;2;0.0001;concept3;0.02273543100358357;None;0.023927297862607957;0.9772645689964164;10;20;128;128
40;0;0.0001;concept1;0.037146000310631005;None;0.062099631416856774;0.962853999689369;10;20;128;128
40;1;0.0001;concept2;0.017787759186580477;None;0.026197019941385045;0.9822122408134195;10;20;128;128
40;2;0.0001;concept3;0.02238656247457694;None;0.02374990174554951;0.9776134375254231;10;20;128;128
41;0;0.0001;concept1;0.037065024868052465;None;0.061978100120577105;0.9629349751319476;10;20;128;128
41;1;0.0001;concept2;0.017647498081644605;None;0.026095451685861904;0.9823525019183554;10;20;128;128
41;2;0.0001;concept3;0.02206396564590568;None;0.02358898416166374;0.9779360343540944;10;20;128;128
42;0;0.0001;concept1;0.03699195660293225;None;0.061862528709226906;0.9630080433970678;10;20;128;128
42;1;0.0001;concept2;0.01750325358461781;None;0.025992372678766106;0.9824967464153822;10;20;128;128
42;2;0.0001;concept3;0.021721826228370624;None;0.02343055823669582;0.9782781737716294;10;20;128;128
43;0;0.0001;concept1;0.03686134441389325;None;0.06169828672066155;0.9631386555861068;10;20;128;128
43;1;0.0001;concept2;0.017383528352993827;None;0.025905627120276165;0.9826164716470062;10;20;128;128
43;2;0.0001;concept3;0.02148196119488664;None;0.023287346580049044;0.9785180388051133;10;20;128;128
44;0;0.0001;concept1;0.03679585635832319;None;0.061587906980550354;0.9632041436416768;10;20;128;128
44;1;0.0001;concept2;0.017271938812048252;None;0.02582357678571532;0.9827280611879518;10;20;128;128
44;2;0.0001;concept3;0.021182482030876346;None;0.023143060897954214;0.9788175179691236;10;20;128;128
45;0;0.0001;concept1;0.03669500819661377;None;0.061457553977240495;0.9633049918033862;10;20;128;128
45;1;0.0001;concept2;0.017141957000325635;None;0.02572841317126952;0.9828580429996744;10;20;128;128
45;2;0.0001;concept3;0.02091661748923808;None;0.023008767285201227;0.9790833825107619;10;20;128;128
46;0;0.0001;concept1;0.036630549062140944;None;0.06135344368268857;0.9633694509378591;10;20;128;128
46;1;0.0001;concept2;0.017021514402176263;None;0.025642064354777675;0.9829784855978237;10;20;128;128
46;2;0.0001;concept3;0.02065835180227709;None;0.022869333523948696;0.979341648197723;10;20;128;128
47;0;0.0001;concept1;0.036573198812956884;None;0.06125688996222144;0.9634268011870432;10;20;128;128
47;1;0.0001;concept2;0.016924932477304446;None;0.025570064987584934;0.9830750675226956;10;20;128;128
47;2;0.0001;concept3;0.0204198694393957;None;0.022734854469198217;0.9795801305606043;10;20;128;128
48;0;0.0001;concept1;0.03651440227020723;None;0.061154873399686956;0.9634855977297928;10;20;128;128
48;1;0.0001;concept2;0.016812604996390326;None;0.02548882599046281;0.9831873950036096;10;20;128;128
48;2;0.0001;concept3;0.020174879239525;None;0.02260498585761228;0.979825120760475;10;20;128;128
49;0;0.0001;concept1;0.03641962986892537;None;0.061023213265600514;0.9635803701310747;10;20;128;128
49;1;0.0001;concept2;0.016706215092022636;None;0.02541117759206219;0.9832937849079774;10;20;128;128
49;2;0.0001;concept3;0.019951922355323733;None;0.022485895484092435;0.9800480776446763;10;20;128;128
50;0;0.0001;concept1;0.04383864805528151;None;0.0544525306382058;0.9561613519447185;10;20;128;128
50;1;0.0001;concept2;0.005821296498505496;None;0.03374243657656112;0.9941787035014945;10;20;128;128
50;2;0.0001;concept3;0.004908254211231371;None;0.03794119235613488;0.9950917457887686;10;20;128;128
51;0;0.0001;concept1;0.04375906249798527;None;0.0543424640452662;0.9562409375020148;10;20;128;128
51;1;0.0001;concept2;0.005778865318518123;None;0.03360645303019901;0.9942211346814819;10;20;128;128
51;2;0.0001;concept3;0.004891367284698484;None;0.03790349992281519;0.9951086327153015;10;20;128;128
52;0;0.0001;concept1;0.04387406048531349;None;0.05431378983744842;0.9561259395146865;10;20;128;128
52;1;0.0001;concept2;0.005740971760079771;None;0.033482874937314666;0.9942590282399202;10;20;128;128
52;2;0.0001;concept3;0.004878366968633615;None;0.037885331327089024;0.9951216330313664;10;20;128;128
53;0;0.0001;concept1;0.04377068636244911;None;0.05418790527091695;0.9562293136375509;10;20;128;128
53;1;0.0001;concept2;0.005703612842047336;None;0.03335847862572407;0.9942963871579527;10;20;128;128
53;2;0.0001;concept3;0.004866794084248281;None;0.03788181574816989;0.9951332059157517;10;20;128;128
54;0;0.0001;concept1;0.04347310500760281;None;0.05399794054383498;0.9565268949923972;10;20;128;128
54;1;0.0001;concept2;0.005667668308477612;None;0.033241915688055915;0.9943323316915224;10;20;128;128
54;2;0.0001;concept3;0.004854801123810718;None;0.037858915651220154;0.9951451988761892;10;20;128;128
55;0;0.0001;concept1;0.04346416839261596;None;0.05390649550557482;0.9565358316073841;10;20;128;128
55;1;0.0001;concept2;0.005637902391254779;None;0.033140716165709544;0.9943620976087453;10;20;128;128
55;2;0.0001;concept3;0.004840210549583698;None;0.03782752654937413;0.9951597894504163;10;20;128;128
56;0;0.0001;concept1;0.043419517334860304;None;0.05381684890238395;0.9565804826651397;10;20;128;128
56;1;0.0001;concept2;0.005606143479491956;None;0.03303552153476761;0.994393856520508;10;20;128;128
56;2;0.0001;concept3;0.004827995502560392;None;0.037811327079323574;0.9951720044974396;10;20;128;128
57;0;0.0001;concept1;0.04333137559488833;None;0.05373295337377589;0.9566686244051117;10;20;128;128
57;1;0.0001;concept2;0.0055705268074290335;None;0.032920385682160984;0.9944294731925709;10;20;128;128
57;2;0.0001;concept3;0.004816530155328811;None;0.037799082074276166;0.9951834698446712;10;20;128;128
58;0;0.0001;concept1;0.04329571158930016;None;0.05365316907328637;0.9567042884106999;10;20;128;128
58;1;0.0001;concept2;0.0055438344092551455;None;0.032834663823075295;0.9944561655907449;10;20;128;128
58;2;0.0001;concept3;0.004801633731558008;None;0.03776840163905319;0.9951983662684419;10;20;128;128
59;0;0.0001;concept1;0.04347612011993783;None;0.053657697594748095;0.9565238798800622;10;20;128;128
59;1;0.0001;concept2;0.005512055010224444;None;0.032731871795155285;0.9944879449897756;10;20;128;128
59;2;0.0001;concept3;0.004792320318303101;None;0.03776008692075607;0.9952076796816969;10;20;128;128
60;0;0.0001;concept1;0.04352212420551483;None;0.05361254873682585;0.9564778757944852;10;20;128;128
60;1;0.0001;concept2;0.005483297706081274;None;0.03264277259340724;0.9945167022939188;10;20;128;128
60;2;0.0001;concept3;0.004782000224039687;None;0.03774381753695082;0.9952179997759603;10;20;128;128
61;0;0.0001;concept1;0.04360194760688951;None;0.05356882373177539;0.9563980523931105;10;20;128;128
61;1;0.0001;concept2;0.005451480500655734;None;0.03254069076281444;0.9945485194993443;10;20;128;128
61;2;0.0001;concept3;0.004774284244754297;None;0.037738510715216396;0.9952257157552457;10;20;128;128
62;0;0.0001;concept1;0.04329383699857705;None;0.053388300182281904;0.956706163001423;10;20;128;128
62;1;0.0001;concept2;0.005425514805332291;None;0.03245686542580368;0.9945744851946677;10;20;128;128
62;2;0.0001;concept3;0.00476269867080999;None;0.037714788557669486;0.99523730132919;10;20;128;128
63;0;0.0001;concept1;0.04322246990147662;None;0.05329492720023464;0.9567775300985234;10;20;128;128
63;1;0.0001;concept2;0.005399532186630134;None;0.03237338168478414;0.9946004678133699;10;20;128;128
63;2;0.0001;concept3;0.004750644109268425;None;0.037684159790763325;0.9952493558907316;10;20;128;128
64;0;0.0001;concept1;0.04302653623838576;None;0.05314663794410073;0.9569734637616143;10;20;128;128
64;1;0.0001;concept2;0.005371878314385258;None;0.03228496144536048;0.9946281216856148;10;20;128;128
64;2;0.0001;concept3;0.0047444386417260604;None;0.037678766049225765;0.995255561358274;10;20;128;128
65;0;0.0001;concept1;0.04284358160363718;None;0.05300517752692583;0.9571564183963628;10;20;128;128
65;1;0.0001;concept2;0.005346467820795365;None;0.03220078586435871;0.9946535321792046;10;20;128;128
65;2;0.0001;concept3;0.004733203861832049;None;0.03764623748118076;0.9952667961381679;10;20;128;128
66;0;0.0001;concept1;0.04298418749050516;None;0.05300700416064397;0.9570158125094949;10;20;128;128
66;1;0.0001;concept2;0.005319926069437472;None;0.03211126512765422;0.9946800739305626;10;20;128;128
66;2;0.0001;concept3;0.004719015464506968;None;0.037609740855484575;0.9952809845354931;10;20;128;128
67;0;0.0001;concept1;0.04306274510493875;None;0.05297907333378785;0.9569372548950612;10;20;128;128
67;1;0.0001;concept2;0.005296531204113414;None;0.03203117634763113;0.9947034687958866;10;20;128;128
67;2;0.0001;concept3;0.004719958233125725;None;0.03762362380509702;0.9952800417668742;10;20;128;128
68;0;0.0001;concept1;0.043008181038243214;None;0.052908859841154766;0.9569918189617568;10;20;128;128
68;1;0.0001;concept2;0.005275840859522389;None;0.03195825501410032;0.9947241591404776;10;20;128;128
68;2;0.0001;concept3;0.004703744519991527;None;0.0375721116513438;0.9952962554800084;10;20;128;128
69;0;0.0001;concept1;0.04288118724392089;None;0.05280621407941522;0.9571188127560791;10;20;128;128
69;1;0.0001;concept2;0.005253360543353003;None;0.03188102711033102;0.994746639456647;10;20;128;128
69;2;0.0001;concept3;0.004696714690760578;None;0.03755658496657634;0.9953032853092394;10;20;128;128
70;0;0.0001;concept1;0.04283204971013583;None;0.05273195463696234;0.9571679502898641;10;20;128;128
70;1;0.0001;concept2;0.00522667617276949;None;0.03178685305004422;0.9947733238272305;10;20;128;128
70;2;0.0001;concept3;0.004688229715688491;None;0.03753079040767375;0.9953117702843115;10;20;128;128
71;0;0.0001;concept1;0.04277777493024466;None;0.052654615496628324;0.9572222250697553;10;20;128;128
71;1;0.0001;concept2;0.005206051405270328;None;0.03171230800738421;0.9947939485947297;10;20;128;128
71;2;0.0001;concept3;0.004680712059663215;None;0.0375149066365248;0.9953192879403367;10;20;128;128
72;0;0.0001;concept1;0.04274732974632134;None;0.05259316770205095;0.9572526702536787;10;20;128;128
72;1;0.0001;concept2;0.005185570716559177;None;0.03163965302438474;0.9948144292834408;10;20;128;128
72;2;0.0001;concept3;0.004680218216227924;None;0.03752375794949248;0.9953197817837721;10;20;128;128
73;0;0.0001;concept1;0.04271573433527465;None;0.05251428977045849;0.9572842656647254;10;20;128;128
73;1;0.0001;concept2;0.005166977408526712;None;0.031574063952498344;0.9948330225914733;10;20;128;128
73;2;0.0001;concept3;0.004673845255880533;None;0.037507615938348726;0.9953261547441195;10;20;128;128
74;0;0.0001;concept1;0.04267041736932998;None;0.05244878533749224;0.95732958263067;10;20;128;128
74;1;0.0001;concept2;0.005145920388415238;None;0.03149657566531756;0.9948540796115848;10;20;128;128
74;2;0.0001;concept3;0.004665859607778749;None;0.0374869615947323;0.9953341403922212;10;20;128;128
75;0;0.0001;concept1;0.04267781550918312;None;0.052413184776147155;0.9573221844908169;10;20;128;128
75;1;0.0001;concept2;0.005124175444362192;None;0.03141788089568775;0.9948758245556378;10;20;128;128
75;2;0.0001;concept3;0.004660030713649144;None;0.03747811806350481;0.9953399692863508;10;20;128;128
76;0;0.0001;concept1;0.04272060597075116;None;0.052373774477065774;0.9572793940292489;10;20;128;128
76;1;0.0001;concept2;0.005104340182704543;None;0.031346255582850924;0.9948956598172954;10;20;128;128
76;2;0.0001;concept3;0.004665352129521881;None;0.03751806277219072;0.9953346478704781;10;20;128;128
77;0;0.0001;concept1;0.04273755192436264;None;0.05233753808799533;0.9572624480756373;10;20;128;128
77;1;0.0001;concept2;0.005086334846544484;None;0.03127954598177149;0.9949136651534555;10;20;128;128
77;2;0.0001;concept3;0.004658738782668892;None;0.03750321072163158;0.9953412612173311;10;20;128;128
78;0;0.0001;concept1;0.04276458322500394;None;0.05228980325801837;0.957235416774996;10;20;128;128
78;1;0.0001;concept2;0.005069193289833844;None;0.031217581404519284;0.9949308067101662;10;20;128;128
78;2;0.0001;concept3;0.004654250112466669;None;0.03749100631166754;0.9953457498875333;10;20;128;128
79;0;0.0001;concept1;0.04255955016504666;None;0.052159893156206706;0.9574404498349534;10;20;128;128
79;1;0.0001;concept2;0.005052384760896206;None;0.031155092357527815;0.9949476152391038;10;20;128;128
79;2;0.0001;concept3;0.004652446759725521;None;0.03749720799288989;0.9953475532402745;10;20;128;128
80;0;0.0001;concept1;0.042530407795272285;None;0.05211343403792579;0.9574695922047277;10;20;128;128
80;1;0.0001;concept2;0.005035108243316422;None;0.031090702370119717;0.9949648917566836;10;20;128;128
80;2;0.0001;concept3;0.004650702649335617;None;0.037503274235260516;0.9953492973506644;10;20;128;128
81;0;0.0001;concept1;0.04247177270152923;None;0.052046090140841474;0.9575282272984708;10;20;128;128
81;1;0.0001;concept2;0.005017922549143498;None;0.03102658201948287;0.9949820774508565;10;20;128;128
81;2;0.0001;concept3;0.0046424095698534866;None;0.037481619623100856;0.9953575904301465;10;20;128;128
82;0;0.0001;concept1;0.042686290736185684;None;0.05208918016019528;0.9573137092638143;10;20;128;128
82;1;0.0001;concept2;0.005000921149486628;None;0.030962704937079782;0.9949990788505134;10;20;128;128
82;2;0.0001;concept3;0.004638096215193527;None;0.037473512878414036;0.9953619037848065;10;20;128;128
83;0;0.0001;concept1;0.04241084501993922;None;0.051939853079684004;0.9575891549800608;10;20;128;128
83;1;0.0001;concept2;0.004984966398514585;None;0.030902886140841555;0.9950150336014855;10;20;128;128
83;2;0.0001;concept3;0.004630820479302977;None;0.03744831485186767;0.995369179520697;10;20;128;128
84;0;0.0001;concept1;0.042692054728517816;None;0.05200103588812646;0.9573079452714822;10;20;128;128
84;1;0.0001;concept2;0.00496835263203824;None;0.030839525328301566;0.9950316473679618;10;20;128;128
84;2;0.0001;concept3;0.004627265757862432;None;0.037445927218921156;0.9953727342421376;10;20;128;128
85;0;0.0001;concept1;0.042391318353115305;None;0.05183609559991308;0.9576086816468847;10;20;128;128
85;1;0.0001;concept2;0.004953980984269122;None;0.03078506288299486;0.9950460190157309;10;20;128;128
85;2;0.0001;concept3;0.004626952080925069;None;0.037455003816315474;0.9953730479190749;10;20;128;128
86;0;0.0001;concept1;0.042262486357804746;None;0.051761926777979854;0.9577375136421953;10;20;128;128
86;1;0.0001;concept2;0.004939504070320111;None;0.030729293151009005;0.9950604959296799;10;20;128;128
86;2;0.0001;concept3;0.00461818863824838;None;0.03741590924750863;0.9953818113617516;10;20;128;128
87;0;0.0001;concept1;0.042546815565635075;None;0.05181284672410512;0.9574531844343649;10;20;128;128
87;1;0.0001;concept2;0.00492407706480375;None;0.030670384391649222;0.9950759229351962;10;20;128;128
87;2;0.0001;concept3;0.004617178535060229;None;0.03742646510698494;0.9953828214649397;10;20;128;128
88;0;0.0001;concept1;0.04274669459246781;None;0.051862336052702046;0.9572533054075322;10;20;128;128
88;1;0.0001;concept2;0.0049071910451965635;None;0.030604475186534683;0.9950928089548035;10;20;128;128
88;2;0.0001;concept3;0.004610621814232479;None;0.03741170353185436;0.9953893781857676;10;20;128;128
89;0;0.0001;concept1;0.042267183367506185;None;0.0516345607781257;0.9577328166324938;10;20;128;128
89;1;0.0001;concept2;0.004891644169515518;None;0.03054068496935845;0.9951083558304845;10;20;128;128
89;2;0.0001;concept3;0.0046055304753774735;None;0.03740735106030059;0.9953944695246225;10;20;128;128
90;0;0.0001;concept1;0.04210493399790168;None;0.05153178175431811;0.9578950660020983;10;20;128;128
90;1;0.0001;concept2;0.004876463870611238;None;0.03048132018524674;0.9951235361293888;10;20;128;128
90;2;0.0001;concept3;0.004604506451166862;None;0.037419902580577084;0.9953954935488332;10;20;128;128
91;0;0.0001;concept1;0.042528126546773334;None;0.051658916542308045;0.9574718734532267;10;20;128;128
91;1;0.0001;concept2;0.004863015120629426;None;0.03043075666705445;0.9951369848793705;10;20;128;128
91;2;0.0001;concept3;0.004602602519941552;None;0.03742506914812708;0.9953973974800584;10;20;128;128
92;0;0.0001;concept1;0.04224278208869398;None;0.051500017584495295;0.957757217911306;10;20;128;128
92;1;0.0001;concept2;0.004848589659283814;None;0.030374797150782555;0.9951514103407162;10;20;128;128
92;2;0.0001;concept3;0.004599445978056798;None;0.03742453875040367;0.9954005540219432;10;20;128;128
93;0;0.0001;concept1;0.042075182149387644;None;0.05140322648647238;0.9579248178506123;10;20;128;128
93;1;0.0001;concept2;0.004835630230202088;None;0.030325538710098562;0.9951643697697979;10;20;128;128
93;2;0.0001;concept3;0.004604152964643683;None;0.03745679178795539;0.9953958470353563;10;20;128;128
94;0;0.0001;concept1;0.0421324846830478;None;0.05138368006669172;0.9578675153169522;10;20;128;128
94;1;0.0001;concept2;0.004822211056098627;None;0.0302731541668694;0.9951777889439014;10;20;128;128
94;2;0.0001;concept3;0.004601943974911937;None;0.03746077792850157;0.995398056025088;10;20;128;128
95;0;0.0001;concept1;0.042502063711790196;None;0.0515013092682699;0.9574979362882098;10;20;128;128
95;1;0.0001;concept2;0.004810707520465099;None;0.03022791397997311;0.9951892924795349;10;20;128;128
95;2;0.0001;concept3;0.004601426579409401;None;0.037469330000033885;0.9953985734205906;10;20;128;128
96;0;0.0001;concept1;0.04201671821475319;None;0.05127538837612901;0.9579832817852468;10;20;128;128
96;1;0.0001;concept2;0.0047975167582986825;None;0.030176080306467984;0.9952024832417014;10;20;128;128
96;2;0.0001;concept3;0.0045998742057344775;None;0.03747496903908973;0.9954001257942655;10;20;128;128
97;0;0.0001;concept1;0.042550812741284694;None;0.05144740630268454;0.9574491872587153;10;20;128;128
97;1;0.0001;concept2;0.004786372502060297;None;0.030132385116179293;0.9952136274979397;10;20;128;128
97;2;0.0001;concept3;0.0045966202700486935;None;0.03746902242827611;0.9954033797299513;10;20;128;128
98;0;0.0001;concept1;0.04286085920869904;None;0.051551288136075624;0.957139140791301;10;20;128;128
98;1;0.0001;concept2;0.0047760742399266705;None;0.030091981008686076;0.9952239257600733;10;20;128;128
98;2;0.0001;concept3;0.004594248438812501;None;0.0374717415877368;0.9954057515611875;10;20;128;128
99;0;0.0001;concept1;0.0420287216627956;None;0.0511837942536994;0.9579712783372044;10;20;128;128
99;1;0.0001;concept2;0.00476353923838709;None;0.030041953674341825;0.9952364607616129;10;20;128;128
99;2;0.0001;concept3;0.004593506897324607;None;0.03748069369760569;0.9954064931026754;10;20;128;128
100;0;0.0001;concept1;0.06395742098704696;None;0.0632118039957758;0.9360425790129531;10;20;128;128
100;1;0.0001;concept2;0.027664227296045767;None;0.0296480880994499;0.9723357727039542;10;20;128;128
100;2;0.0001;concept3;0.17668337685024543;None;0.16073861447213467;0.8233166231497546;10;20;128;128
101;0;0.0001;concept1;0.06406550108890673;None;0.06322136019029805;0.9359344989110933;10;20;128;128
101;1;0.0001;concept2;0.027612741777904487;None;0.029619479125543212;0.9723872582220955;10;20;128;128
101;2;0.0001;concept3;0.1765177456800806;None;0.16063660241625916;0.8234822543199194;10;20;128;128
102;0;0.0001;concept1;0.06401906437233432;None;0.0632203947200713;0.9359809356276657;10;20;128;128
102;1;0.0001;concept2;0.02758056931921155;None;0.029600894485958967;0.9724194306807884;10;20;128;128
102;2;0.0001;concept3;0.17628884630217692;None;0.16050945428638694;0.8237111536978231;10;20;128;128
103;0;0.0001;concept1;0.0639846651674372;None;0.06320496088162324;0.9360153348325628;10;20;128;128
103;1;0.0001;concept2;0.02756205546340646;None;0.02959141178314274;0.9724379445365935;10;20;128;128
103;2;0.0001;concept3;0.17613171579983736;None;0.16043895104333564;0.8238682842001627;10;20;128;128
104;0;0.0001;concept1;0.06401632099745018;None;0.06315328974914075;0.9359836790025499;10;20;128;128
104;1;0.0001;concept2;0.02751670537777041;None;0.029566343908622613;0.9724832946222296;10;20;128;128
104;2;0.0001;concept3;0.17603273944006156;None;0.16041666314447783;0.8239672605599384;10;20;128;128
105;0;0.0001;concept1;0.06394939693034107;None;0.06311075869669827;0.9360506030696589;10;20;128;128
105;1;0.0001;concept2;0.02746819579447149;None;0.02953882111547585;0.9725318042055285;10;20;128;128
105;2;0.0001;concept3;0.17588981906433354;None;0.1603647607653084;0.8241101809356665;10;20;128;128
106;0;0.0001;concept1;0.0640501437253484;None;0.06311656509339439;0.9359498562746515;10;20;128;128
106;1;0.0001;concept2;0.027443904631328547;None;0.029525427101777687;0.9725560953686715;10;20;128;128
106;2;0.0001;concept3;0.17578897017221515;None;0.16033010224481278;0.8242110298277848;10;20;128;128
107;0;0.0001;concept1;0.06391574371580311;None;0.0630497748004147;0.9360842562841969;10;20;128;128
107;1;0.0001;concept2;0.027409862301475293;None;0.029507130681231453;0.9725901376985248;10;20;128;128
107;2;0.0001;concept3;0.17559090034188132;None;0.1602118599881895;0.8244090996581187;10;20;128;128
108;0;0.0001;concept1;0.0639412729499027;None;0.06303190160310652;0.9360587270500973;10;20;128;128
108;1;0.0001;concept2;0.02735913474435603;None;0.029479499415426987;0.972640865255644;10;20;128;128
108;2;0.0001;concept3;0.17539592111882643;None;0.16005697123839005;0.8246040788811736;10;20;128;128
109;0;0.0001;concept1;0.06411113330731905;None;0.06307745766178961;0.935888866692681;10;20;128;128
109;1;0.0001;concept2;0.027503827494033226;None;0.029556493776022045;0.9724961725059668;10;20;128;128
109;2;0.0001;concept3;0.17531503410054167;None;0.16004262790878698;0.8246849658994584;10;20;128;128
110;0;0.0001;concept1;0.06418049558413867;None;0.06308666640413392;0.9358195044158614;10;20;128;128
110;1;0.0001;concept2;0.027568089928567813;None;0.029594472411138602;0.9724319100714321;10;20;128;128
110;2;0.0001;concept3;0.1751314020609755;None;0.15990590791639764;0.8248685979390246;10;20;128;128
111;0;0.0001;concept1;0.06417615289730044;None;0.06307693705304206;0.9358238471026996;10;20;128;128
111;1;0.0001;concept2;0.027545698451725362;None;0.02958279238645778;0.9724543015482746;10;20;128;128
111;2;0.0001;concept3;0.1751144352471054;None;0.1598862527456789;0.8248855647528945;10;20;128;128
112;0;0.0001;concept1;0.0640473975822764;None;0.06296525801329841;0.9359526024177236;10;20;128;128
112;1;0.0001;concept2;0.0274857782907332;None;0.029549859507780493;0.9725142217092668;10;20;128;128
112;2;0.0001;concept3;0.17495407446259528;None;0.15981258927131847;0.8250459255374047;10;20;128;128
113;0;0.0001;concept1;0.06408215674902643;None;0.06297095879937575;0.9359178432509736;10;20;128;128
113;1;0.0001;concept2;0.027468188361561164;None;0.029540843030054085;0.9725318116384388;10;20;128;128
113;2;0.0001;concept3;0.17478938095238267;None;0.15969986157185154;0.8252106190476174;10;20;128;128
114;0;0.0001;concept1;0.06410646581410734;None;0.0629524223914042;0.9358935341858927;10;20;128;128
114;1;0.0001;concept2;0.02743616936801885;None;0.029524034806149044;0.9725638306319812;10;20;128;128
114;2;0.0001;concept3;0.174698345165236;None;0.159662870581099;0.825301654834764;10;20;128;128
115;0;0.0001;concept1;0.06419559575651149;None;0.06299195636315792;0.9358044042434885;10;20;128;128
115;1;0.0001;concept2;0.027393128264813354;None;0.029501051441741855;0.9726068717351867;10;20;128;128
115;2;0.0001;concept3;0.1746508418556237;None;0.1596762736228943;0.8253491581443763;10;20;128;128
116;0;0.0001;concept1;0.06413147521140443;None;0.06290749354665687;0.9358685247885956;10;20;128;128
116;1;0.0001;concept2;0.027367926798726766;None;0.029487371183879788;0.9726320732012732;10;20;128;128
116;2;0.0001;concept3;0.17452640668909555;None;0.15958702759452476;0.8254735933109044;10;20;128;128
117;0;0.0001;concept1;0.06424323465930407;None;0.06295709383273375;0.935756765340696;10;20;128;128
117;1;0.0001;concept2;0.027353168515673768;None;0.029480179522666447;0.9726468314843262;10;20;128;128
117;2;0.0001;concept3;0.17442232317508843;None;0.15963466580190677;0.8255776768249116;10;20;128;128
118;0;0.0001;concept1;0.06416255058327905;None;0.06287650915172362;0.935837449416721;10;20;128;128
118;1;0.0001;concept2;0.027303002524294358;None;0.029453510377062384;0.9726969974757056;10;20;128;128
118;2;0.0001;concept3;0.17428047694946872;None;0.15959120227653026;0.8257195230505313;10;20;128;128
119;0;0.0001;concept1;0.06409595849374539;None;0.06289326687910736;0.9359040415062546;10;20;128;128
119;1;0.0001;concept2;0.02728615637217483;None;0.029444292584140584;0.9727138436278252;10;20;128;128
119;2;0.0001;concept3;0.1741270799861085;None;0.15951063324394757;0.8258729200138915;10;20;128;128
120;0;0.0001;concept1;0.06412413692620329;None;0.06285383272248612;0.9358758630737967;10;20;128;128
120;1;0.0001;concept2;0.02727869230563598;None;0.029440676922701855;0.972721307694364;10;20;128;128
120;2;0.0001;concept3;0.17413678353913717;None;0.1595209168898788;0.8258632164608628;10;20;128;128
121;0;0.0001;concept1;0.064096580728465;None;0.06287460891397503;0.935903419271535;10;20;128;128
121;1;0.0001;concept2;0.027227878077652243;None;0.02941243872789094;0.9727721219223477;10;20;128;128
121;2;0.0001;concept3;0.1740746199027311;None;0.15949713538060112;0.8259253800972689;10;20;128;128
122;0;0.0001;concept1;0.06406320730825778;None;0.06278914434158107;0.9359367926917422;10;20;128;128
122;1;0.0001;concept2;0.027184502395204688;None;0.029388177859171787;0.9728154976047954;10;20;128;128
122;2;0.0001;concept3;0.1739353459106882;None;0.1594377758771278;0.8260646540893117;10;20;128;128
123;0;0.0001;concept1;0.06408194328445413;None;0.06281489643443287;0.9359180567155458;10;20;128;128
123;1;0.0001;concept2;0.02720671491393884;None;0.029402087704358117;0.9727932850860611;10;20;128;128
123;2;0.0001;concept3;0.1738098533657718;None;0.1593785782853391;0.8261901466342282;10;20;128;128
124;0;0.0001;concept1;0.06407725405860348;None;0.0627695480724147;0.9359227459413966;10;20;128;128
124;1;0.0001;concept2;0.02717113491706343;None;0.02938275799308896;0.9728288650829365;10;20;128;128
124;2;0.0001;concept3;0.1737333966048464;None;0.15937224137662226;0.8262666033951536;10;20;128;128
125;0;0.0001;concept1;0.06397731193831964;None;0.06272689018431025;0.9360226880616804;10;20;128;128
125;1;0.0001;concept2;0.027116815593837093;None;0.029352350448323936;0.972883184406163;10;20;128;128
125;2;0.0001;concept3;0.1734980172699094;None;0.159248376606175;0.8265019827300906;10;20;128;128
126;0;0.0001;concept1;0.06410118002272572;None;0.06280275306630131;0.9358988199772743;10;20;128;128
126;1;0.0001;concept2;0.02709387092993917;None;0.029339585148229274;0.9729061290700608;10;20;128;128
126;2;0.0001;concept3;0.1733087065796601;None;0.15910460047583133;0.8266912934203399;10;20;128;128
127;0;0.0001;concept1;0.06405910163895603;None;0.06277226411022557;0.935940898361044;10;20;128;128
127;1;0.0001;concept2;0.02708228291657949;None;0.0293334159886404;0.9729177170834206;10;20;128;128
127;2;0.0001;concept3;0.17323159397621574;None;0.15909254082224764;0.8267684060237843;10;20;128;128
128;0;0.0001;concept1;0.06399824283468192;None;0.06273170924338546;0.9360017571653181;10;20;128;128
128;1;0.0001;concept2;0.0270076529895616;None;0.02929187137822897;0.9729923470104384;10;20;128;128
128;2;0.0001;concept3;0.17305640440915102;None;0.1589830459158932;0.8269435955908491;10;20;128;128
129;0;0.0001;concept1;0.06402762051829264;None;0.06268687104892665;0.9359723794817074;10;20;128;128
129;1;0.0001;concept2;0.026988323423743382;None;0.02928179810361774;0.9730116765762566;10;20;128;128
129;2;0.0001;concept3;0.17276370846322658;None;0.15881181600858668;0.8272362915367735;10;20;128;128
130;0;0.0001;concept1;0.06402730104919627;None;0.06267170818945994;0.9359726989508037;10;20;128;128
130;1;0.0001;concept2;0.02701125976383724;None;0.029295335870325567;0.9729887402361628;10;20;128;128
130;2;0.0001;concept3;0.17272930657086277;None;0.15883274685560284;0.8272706934291372;10;20;128;128
131;0;0.0001;concept1;0.06399206842894807;None;0.06263923467333998;0.9360079315710519;10;20;128;128
131;1;0.0001;concept2;0.026996197895443372;None;0.029287414223401507;0.9730038021045566;10;20;128;128
131;2;0.0001;concept3;0.17256114484683258;None;0.15872270890156182;0.8274388551531674;10;20;128;128
132;0;0.0001;concept1;0.06405437219010905;None;0.0626347777724593;0.935945627809891;10;20;128;128
132;1;0.0001;concept2;0.02696312731964411;None;0.02926971737651112;0.9730368726803559;10;20;128;128
132;2;0.0001;concept3;0.17241428976363107;None;0.1586285012344906;0.827585710236369;10;20;128;128
133;0;0.0001;concept1;0.06398653766423795;None;0.0626159692154247;0.9360134623357621;10;20;128;128
133;1;0.0001;concept2;0.026946511682467516;None;0.029261008664854583;0.9730534883175325;10;20;128;128
133;2;0.0001;concept3;0.17241432625187847;None;0.15867493113551;0.8275856737481215;10;20;128;128
134;0;0.0001;concept1;0.0639998385232677;None;0.06265289865457135;0.9360001614767324;10;20;128;128
134;1;0.0001;concept2;0.026932030946282947;None;0.029253080126980243;0.9730679690537171;10;20;128;128
134;2;0.0001;concept3;0.17226808360095508;None;0.15859857263058802;0.8277319163990449;10;20;128;128
135;0;0.0001;concept1;0.06399824894371459;None;0.06264074997570164;0.9360017510562855;10;20;128;128
135;1;0.0001;concept2;0.026920291969760562;None;0.029247277444920495;0.9730797080302395;10;20;128;128
135;2;0.0001;concept3;0.17217071086921565;None;0.15857205222412304;0.8278292891307844;10;20;128;128
136;0;0.0001;concept1;0.06395677062804704;None;0.06263138169152405;0.936043229371953;10;20;128;128
136;1;0.0001;concept2;0.026913325707313418;None;0.029243777902326646;0.9730866742926866;10;20;128;128
136;2;0.0001;concept3;0.1720674822217702;None;0.15851760743045587;0.8279325177782298;10;20;128;128
137;0;0.0001;concept1;0.06398850692388419;None;0.06255662709539458;0.9360114930761159;10;20;128;128
137;1;0.0001;concept2;0.026888566164012397;None;0.029229036738340517;0.9731114338359876;10;20;128;128
137;2;0.0001;concept3;0.17205889928860726;None;0.1585365861815357;0.8279411007113927;10;20;128;128
138;0;0.0001;concept1;0.06398205761020918;None;0.06258421654723734;0.9360179423897909;10;20;128;128
138;1;0.0001;concept2;0.02683462844401049;None;0.029199535196391176;0.9731653715559895;10;20;128;128
138;2;0.0001;concept3;0.17194011281520166;None;0.15848401865250203;0.8280598871847984;10;20;128;128
139;0;0.0001;concept1;0.06395323483949994;None;0.06252820570113797;0.9360467651605;10;20;128;128
139;1;0.0001;concept2;0.026798718753822955;None;0.029179758070590815;0.973201281246177;10;20;128;128
139;2;0.0001;concept3;0.17186333566522;None;0.1584644839051532;0.8281366643347801;10;20;128;128
140;0;0.0001;concept1;0.06395295276068265;None;0.06257764415417055;0.9360470472393173;10;20;128;128
140;1;0.0001;concept2;0.026900173732443904;None;0.029235258375166107;0.9730998262675561;10;20;128;128
140;2;0.0001;concept3;0.17174425012515;None;0.15840663490898918;0.8282557498748501;10;20;128;128
141;0;0.0001;concept1;0.06394246064236765;None;0.06251811271611589;0.9360575393576324;10;20;128;128
141;1;0.0001;concept2;0.026865957107338304;None;0.02921646073532375;0.9731340428926617;10;20;128;128
141;2;0.0001;concept3;0.17186018299924716;None;0.15860614958757027;0.8281398170007528;10;20;128;128
142;0;0.0001;concept1;0.06389790195379082;None;0.06252922607088156;0.9361020980462091;10;20;128;128
142;1;0.0001;concept2;0.02674455113697909;None;0.029150205463369383;0.973255448863021;10;20;128;128
142;2;0.0001;concept3;0.1716892674651498;None;0.15850579089311143;0.8283107325348502;10;20;128;128
143;0;0.0001;concept1;0.06380998446150497;None;0.062458365665435424;0.936190015538495;10;20;128;128
143;1;0.0001;concept2;0.026816917715770515;None;0.029189887959823472;0.9731830822842295;10;20;128;128
143;2;0.0001;concept3;0.17147357863221516;None;0.15837738631550882;0.8285264213677849;10;20;128;128
144;0;0.0001;concept1;0.06385435264339107;None;0.06242558309253261;0.936145647356609;10;20;128;128
144;1;0.0001;concept2;0.02678366420557612;None;0.029172009462042358;0.9732163357944239;10;20;128;128
144;2;0.0001;concept3;0.17144244473680217;None;0.15844620531018896;0.8285575552631979;10;20;128;128
145;0;0.0001;concept1;0.0637608779128813;None;0.062393201056503984;0.9362391220871187;10;20;128;128
145;1;0.0001;concept2;0.026781058551464967;None;0.029171063173671213;0.973218941448535;10;20;128;128
145;2;0.0001;concept3;0.1714531209969898;None;0.15845947591270307;0.8285468790030102;10;20;128;128
146;0;0.0001;concept1;0.0638063903435749;None;0.062374076128481976;0.9361936096564251;10;20;128;128
146;1;0.0001;concept2;0.026733789507219163;None;0.029145205311980203;0.9732662104927808;10;20;128;128
146;2;0.0001;concept3;0.17131989581393792;None;0.15840364291598297;0.8286801041860621;10;20;128;128
147;0;0.0001;concept1;0.06380881307640952;None;0.06239797002056109;0.9361911869235905;10;20;128;128
147;1;0.0001;concept2;0.026719309283434443;None;0.029136659895674277;0.9732806907165655;10;20;128;128
147;2;0.0001;concept3;0.17117626075311204;None;0.15833626609491727;0.828823739246888;10;20;128;128
148;0;0.0001;concept1;0.06383409336188545;None;0.06234780098284463;0.9361659066381145;10;20;128;128
148;1;0.0001;concept2;0.026697568347572576;None;0.029125028478227465;0.9733024316524275;10;20;128;128
148;2;0.0001;concept3;0.1710950848925079;None;0.15830693601708098;0.8289049151074921;10;20;128;128
149;0;0.0001;concept1;0.06387660367665618;None;0.0623902568241072;0.9361233963233438;10;20;128;128
149;1;0.0001;concept2;0.026532592788158615;None;0.02903469405411744;0.9734674072118414;10;20;128;128
149;2;0.0001;concept3;0.1709595761258077;None;0.15824395799886076;0.8290404238741923;10;20;128;128
150;0;0.0001;concept1;0.04933391027048299;None;0.058174429911722024;0.950666089729517;10;20;128;128
150;1;0.0001;concept2;0.002246658760749756;None;0.017890837931280514;0.9977533412392502;10;20;128;128
150;2;0.0001;concept3;0.7893369183055174;None;0.10729368650376342;0.21066308169448256;10;20;128;128
151;0;0.0001;concept1;0.049321217703327605;None;0.0581586476867418;0.9506787822966724;10;20;128;128
151;1;0.0001;concept2;0.0022432479263627273;None;0.017877863548573975;0.9977567520736372;10;20;128;128
151;2;0.0001;concept3;0.7874453880008544;None;0.10715460617624609;0.2125546119991456;10;20;128;128
152;0;0.0001;concept1;0.04934109074538801;None;0.05813894902110179;0.950658909254612;10;20;128;128
152;1;0.0001;concept2;0.002240440074148701;None;0.017867014945294822;0.9977595599258513;10;20;128;128
152;2;0.0001;concept3;0.7863681277163056;None;0.10707308645682738;0.2136318722836944;10;20;128;128
153;0;0.0001;concept1;0.04933110086485808;None;0.05810772706692963;0.950668899135142;10;20;128;128
153;1;0.0001;concept2;0.0022366733417575036;None;0.017854918974670286;0.9977633266582425;10;20;128;128
153;2;0.0001;concept3;0.7825782671051938;None;0.10683231582897432;0.21742173289480626;10;20;128;128
154;0;0.0001;concept1;0.04928228153178473;None;0.05808085368478525;0.9507177184682153;10;20;128;128
154;1;0.0001;concept2;0.0022338885890455257;None;0.01784482256960896;0.9977661114109545;10;20;128;128
154;2;0.0001;concept3;0.7835727472151413;None;0.10689258305438151;0.21642725278485864;10;20;128;128
155;0;0.0001;concept1;0.04919771111632262;None;0.058055811774482935;0.9508022888836773;10;20;128;128
155;1;0.0001;concept2;0.002230804003292469;None;0.01783415534675421;0.9977691959967075;10;20;128;128
155;2;0.0001;concept3;0.7824612105520068;None;0.10680952349414358;0.2175387894479932;10;20;128;128
156;0;0.0001;concept1;0.049196668893467715;None;0.05799810674219143;0.9508033311065323;10;20;128;128
156;1;0.0001;concept2;0.00222745299221397;None;0.0178213096457211;0.9977725470077861;10;20;128;128
156;2;0.0001;concept3;0.7806990676885907;None;0.10668299752611683;0.21930093231140935;10;20;128;128
157;0;0.0001;concept1;0.04916315497805375;None;0.05799617991212032;0.9508368450219462;10;20;128;128
157;1;0.0001;concept2;0.002223996155322425;None;0.01780891186984757;0.9977760038446776;10;20;128;128
157;2;0.0001;concept3;0.7793261369825656;None;0.1065822439999709;0.2206738630174343;10;20;128;128
158;0;0.0001;concept1;0.04920332846807693;None;0.05798932731721599;0.950796671531923;10;20;128;128
158;1;0.0001;concept2;0.0022203947323286752;None;0.017794375043849037;0.9977796052676713;10;20;128;128
158;2;0.0001;concept3;0.7770215476993011;None;0.10642401064460157;0.2229784523006989;10;20;128;128
159;0;0.0001;concept1;0.04915615018480226;None;0.05793162041235759;0.9508438498151978;10;20;128;128
159;1;0.0001;concept2;0.0022164245856053717;None;0.01777920192843745;0.9977835754143947;10;20;128;128
159;2;0.0001;concept3;0.7757702747077746;None;0.10633301316663372;0.2242297252922254;10;20;128;128
160;0;0.0001;concept1;0.049177210959853425;None;0.057910393348885376;0.9508227890401466;10;20;128;128
160;1;0.0001;concept2;0.0022138351207147667;None;0.017769588097431083;0.9977861648792853;10;20;128;128
160;2;0.0001;concept3;0.7736725475463416;None;0.1061825056108908;0.22632745245365837;10;20;128;128
161;0;0.0001;concept1;0.04914971789988571;None;0.05788346535688846;0.9508502821001144;10;20;128;128
161;1;0.0001;concept2;0.002209803570671512;None;0.017754400104045536;0.9977901964293285;10;20;128;128
161;2;0.0001;concept3;0.7715868497675105;None;0.10603410751338084;0.22841315023248954;10;20;128;128
162;0;0.0001;concept1;0.049151824750275463;None;0.057854020420359996;0.9508481752497245;10;20;128;128
162;1;0.0001;concept2;0.0022063665370643617;None;0.017741225636769515;0.9977936334629356;10;20;128;128
162;2;0.0001;concept3;0.7688433735122349;None;0.10584182860241383;0.23115662648776514;10;20;128;128
163;0;0.0001;concept1;0.04924948159528393;None;0.05785961845793691;0.950750518404716;10;20;128;128
163;1;0.0001;concept2;0.002202824323208564;None;0.017727307263683715;0.9977971756767914;10;20;128;128
163;2;0.0001;concept3;0.7667763506998677;None;0.10569540367402461;0.23322364930013229;10;20;128;128
164;0;0.0001;concept1;0.04913531724257401;None;0.05780479760082882;0.950864682757426;10;20;128;128
164;1;0.0001;concept2;0.0022005221664448704;None;0.017719293319818717;0.9977994778335552;10;20;128;128
164;2;0.0001;concept3;0.7647082983336262;None;0.10554792034737419;0.2352917016663737;10;20;128;128
165;0;0.0001;concept1;0.04912918934746752;None;0.05778587499153342;0.9508708106525325;10;20;128;128
165;1;0.0001;concept2;0.002198063509425042;None;0.01771206136567868;0.9978019364905749;10;20;128;128
165;2;0.0001;concept3;0.7669709368299122;None;0.10569211256657411;0.23302906317008776;10;20;128;128
166;0;0.0001;concept1;0.04914303060543385;None;0.057757231737687056;0.9508569693945661;10;20;128;128
166;1;0.0001;concept2;0.0021956499531840933;None;0.017705666660277772;0.9978043500468159;10;20;128;128
166;2;0.0001;concept3;0.7627432032875016;None;0.1053935635818817;0.23725679671249833;10;20;128;128
167;0;0.0001;concept1;0.04904990919647027;None;0.05767999160045595;0.9509500908035298;10;20;128;128
167;1;0.0001;concept2;0.002193031936453257;None;0.017695360683449426;0.9978069680635467;10;20;128;128
167;2;0.0001;concept3;0.7603666032522387;None;0.10522483380723185;0.2396333967477613;10;20;128;128
168;0;0.0001;concept1;0.04908547014352508;None;0.05769828884433689;0.950914529856475;10;20;128;128
168;1;0.0001;concept2;0.0021896769051375172;None;0.017683314289477114;0.9978103230948625;10;20;128;128
168;2;0.0001;concept3;0.7596267895742462;None;0.10518284493403085;0.24037321042575377;10;20;128;128
169;0;0.0001;concept1;0.04908497584496075;None;0.0576579017199449;0.9509150241550393;10;20;128;128
169;1;0.0001;concept2;0.002186569971267021;None;0.017671437128902668;0.997813430028733;10;20;128;128
169;2;0.0001;concept3;0.7585177456337248;None;0.10510340792731833;0.24148225436627524;10;20;128;128
170;0;0.0001;concept1;0.04910963934312508;None;0.05765002360222008;0.9508903606568749;10;20;128;128
170;1;0.0001;concept2;0.002184674583694589;None;0.017663996627100886;0.9978153254163055;10;20;128;128
170;2;0.0001;concept3;0.7571729729613886;None;0.10500414769692908;0.24282702703861136;10;20;128;128
171;0;0.0001;concept1;0.049009555674429904;None;0.05757880126768129;0.9509904443255701;10;20;128;128
171;1;0.0001;concept2;0.0021822493178308327;None;0.017654819463207842;0.9978177506821692;10;20;128;128
171;2;0.0001;concept3;0.7542055828747124;None;0.10480239257353051;0.2457944171252875;10;20;128;128
172;0;0.0001;concept1;0.04905547269650721;None;0.05760469814863696;0.9509445273034928;10;20;128;128
172;1;0.0001;concept2;0.0021791061356405557;None;0.01764388556760475;0.9978208938643595;10;20;128;128
172;2;0.0001;concept3;0.7529157345937846;None;0.10471746890315324;0.24708426540621553;10;20;128;128
173;0;0.0001;concept1;0.04909056293602314;None;0.05760839728899215;0.9509094370639769;10;20;128;128
173;1;0.0001;concept2;0.0021768078949338625;None;0.017634171608971537;0.9978231921050661;10;20;128;128
173;2;0.0001;concept3;0.7514993587760178;None;0.10463232339951563;0.2485006412239822;10;20;128;128
174;0;0.0001;concept1;0.04910529071627174;None;0.05760166226723367;0.9508947092837282;10;20;128;128
174;1;0.0001;concept2;0.0021747510903036573;None;0.01762675838108473;0.9978252489096964;10;20;128;128
174;2;0.0001;concept3;0.7513584870095583;None;0.10462479520294841;0.24864151299044168;10;20;128;128
175;0;0.0001;concept1;0.04893199053544514;None;0.05748527423925606;0.9510680094645548;10;20;128;128
175;1;0.0001;concept2;0.002172583586139086;None;0.017618255419835707;0.997827416413861;10;20;128;128
175;2;0.0001;concept3;0.7497376865480166;None;0.1045203683898512;0.25026231345198335;10;20;128;128
176;0;0.0001;concept1;0.048947256154796843;None;0.05748629197465098;0.9510527438452032;10;20;128;128
176;1;0.0001;concept2;0.002170036957809648;None;0.017608719534620256;0.9978299630421904;10;20;128;128
176;2;0.0001;concept3;0.7482395124661225;None;0.10441632983688141;0.25176048753387736;10;20;128;128
177;0;0.0001;concept1;0.0489530215776171;None;0.05748162450495132;0.951046978422383;10;20;128;128
177;1;0.0001;concept2;0.002167822204465794;None;0.01760009838877695;0.9978321777955342;10;20;128;128
177;2;0.0001;concept3;0.7459936380672726;None;0.10427390723003646;0.2540063619327274;10;20;128;128
178;0;0.0001;concept1;0.04888512620027579;None;0.05743975551153373;0.9511148737997241;10;20;128;128
178;1;0.0001;concept2;0.0021656886420427126;None;0.017591625603074534;0.9978343113579573;10;20;128;128
178;2;0.0001;concept3;0.7444684176333881;None;0.10417438750573144;0.2555315823666119;10;20;128;128
179;0;0.0001;concept1;0.048811451713160946;None;0.057402762575024156;0.9511885482868391;10;20;128;128
179;1;0.0001;concept2;0.002163341909079114;None;0.017582805645681508;0.9978366580909209;10;20;128;128
179;2;0.0001;concept3;0.7431492432645221;None;0.10408680716687446;0.25685075673547786;10;20;128;128
180;0;0.0001;concept1;0.04880354644159622;None;0.05734489860095198;0.9511964535584038;10;20;128;128
180;1;0.0001;concept2;0.002160500952607857;None;0.017572880579123346;0.9978394990473921;10;20;128;128
180;2;0.0001;concept3;0.7417394957066185;None;0.10399346039783537;0.25826050429338154;10;20;128;128
181;0;0.0001;concept1;0.048878060117093704;None;0.05739510333419207;0.9511219398829063;10;20;128;128
181;1;0.0001;concept2;0.0021583733262556847;None;0.01756424655373375;0.9978416266737443;10;20;128;128
181;2;0.0001;concept3;0.7410456784968176;None;0.10394379113932775;0.2589543215031824;10;20;128;128
182;0;0.0001;concept1;0.048892913167341526;None;0.0573749051059084;0.9511070868326584;10;20;128;128
182;1;0.0001;concept2;0.002156214487350674;None;0.0175550922046306;0.9978437855126493;10;20;128;128
182;2;0.0001;concept3;0.7221528923030891;None;0.10264506693214735;0.2778471076969108;10;20;128;128
183;0;0.0001;concept1;0.04886241052799588;None;0.05731393676495397;0.9511375894720041;10;20;128;128
183;1;0.0001;concept2;0.002152920750059642;None;0.01754326433623469;0.9978470792499403;10;20;128;128
183;2;0.0001;concept3;0.7204399236731561;None;0.10252979990783032;0.2795600763268439;10;20;128;128
184;0;0.0001;concept1;0.048735141588827274;None;0.05725974158692708;0.9512648584111727;10;20;128;128
184;1;0.0001;concept2;0.0021508499282982753;None;0.017535515429394324;0.9978491500717017;10;20;128;128
184;2;0.0001;concept3;0.7207176277980689;None;0.10252405932319605;0.2792823722019311;10;20;128;128
185;0;0.0001;concept1;0.04869229947176447;None;0.05725032082193778;0.9513077005282355;10;20;128;128
185;1;0.0001;concept2;0.002148357536576467;None;0.01752561935781696;0.9978516424634235;10;20;128;128
185;2;0.0001;concept3;0.7166981850363124;None;0.10230353561293172;0.28330181496368756;10;20;128;128
186;0;0.0001;concept1;0.0487812087033928;None;0.05726440533271849;0.9512187912966072;10;20;128;128
186;1;0.0001;concept2;0.002146655851376016;None;0.01751913207045382;0.997853344148624;10;20;128;128
186;2;0.0001;concept3;0.7146276837999501;None;0.10216853426669971;0.2853723162000499;10;20;128;128
187;0;0.0001;concept1;0.048835067958774125;None;0.05724803865932567;0.9511649320412259;10;20;128;128
187;1;0.0001;concept2;0.0021445274794060967;None;0.017511050727659946;0.9978554725205939;10;20;128;128
187;2;0.0001;concept3;0.7127200821228638;None;0.10204443313028073;0.28727991787713625;10;20;128;128
188;0;0.0001;concept1;0.048641739634408335;None;0.05715413239718907;0.9513582603655917;10;20;128;128
188;1;0.0001;concept2;0.002142117321748477;None;0.017501891585175133;0.9978578826782515;10;20;128;128
188;2;0.0001;concept3;0.7106382839922603;None;0.10189875073063567;0.28936171600773974;10;20;128;128
189;0;0.0001;concept1;0.04881029113244752;None;0.05720327876221917;0.9511897088675525;10;20;128;128
189;1;0.0001;concept2;0.0021399978580859125;None;0.017493196099244927;0.9978600021419141;10;20;128;128
189;2;0.0001;concept3;0.7081514289284965;None;0.10172774362861191;0.2918485710715035;10;20;128;128
190;0;0.0001;concept1;0.04877409630009018;None;0.0571710469190376;0.9512259036999098;10;20;128;128
190;1;0.0001;concept2;0.0021381454335694145;None;0.017485909106557816;0.9978618545664306;10;20;128;128
190;2;0.0001;concept3;0.7064924867058302;None;0.10160828100651303;0.2935075132941698;10;20;128;128
191;0;0.0001;concept1;0.04878127801308546;None;0.05712384976408317;0.9512187219869146;10;20;128;128
191;1;0.0001;concept2;0.0021364122457125383;None;0.017478167859171535;0.9978635877542874;10;20;128;128
191;2;0.0001;concept3;0.7052919101926909;None;0.10152724319117998;0.294708089807309;10;20;128;128
192;0;0.0001;concept1;0.04862780670760275;None;0.05708940424612685;0.9513721932923973;10;20;128;128
192;1;0.0001;concept2;0.0021334880683664408;None;0.017467397137676716;0.9978665119316336;10;20;128;128
192;2;0.0001;concept3;0.7021251424329326;None;0.1013150329667629;0.29787485756706744;10;20;128;128
193;0;0.0001;concept1;0.04871496049978684;None;0.05708782392819345;0.9512850395002131;10;20;128;128
193;1;0.0001;concept2;0.0021306434298127342;None;0.017456119967672552;0.9978693565701873;10;20;128;128
193;2;0.0001;concept3;0.700956903840539;None;0.10123488028067668;0.299043096159461;10;20;128;128
194;0;0.0001;concept1;0.048713511916771715;None;0.05707200061404841;0.9512864880832282;10;20;128;128
194;1;0.0001;concept2;0.0021292451461396404;None;0.017450201734365966;0.9978707548538603;10;20;128;128
194;2;0.0001;concept3;0.6994349102950552;None;0.10113025534530166;0.30056508970494467;10;20;128;128
195;0;0.0001;concept1;0.048722765462685405;None;0.057074008280521484;0.9512772345373146;10;20;128;128
195;1;0.0001;concept2;0.002126835488054861;None;0.017440854611667157;0.9978731645119452;10;20;128;128
195;2;0.0001;concept3;0.6982642923743803;None;0.10104847382432895;0.30173570762561963;10;20;128;128
196;0;0.0001;concept1;0.0486362743808721;None;0.057031625103580494;0.9513637256191279;10;20;128;128
196;1;0.0001;concept2;0.002124401931382391;None;0.017431982688042903;0.9978755980686176;10;20;128;128
196;2;0.0001;concept3;0.6974239317200798;None;0.10098782476556671;0.3025760682799201;10;20;128;128
197;0;0.0001;concept1;0.048692682296399434;None;0.05701775352299549;0.9513073177036006;10;20;128;128
197;1;0.0001;concept2;0.002122622577142455;None;0.01742455414124792;0.9978773774228575;10;20;128;128
197;2;0.0001;concept3;0.6956642776300715;None;0.10087126871762658;0.30433572236992834;10;20;128;128
198;0;0.0001;concept1;0.048711255622181523;None;0.057030230050671434;0.9512887443778185;10;20;128;128
198;1;0.0001;concept2;0.0021203963699014702;None;0.017415501313692697;0.9978796036300985;10;20;128;128
198;2;0.0001;concept3;0.6942006903519091;None;0.10077227272334964;0.3057993096480909;10;20;128;128
199;0;0.0001;concept1;0.04855958521119836;None;0.05694651327171771;0.9514404147888016;10;20;128;128
199;1;0.0001;concept2;0.0021180924792350135;None;0.017406807996874375;0.997881907520765;10;20;128;128
199;2;0.0001;concept3;0.6933673903933442;None;0.10071298312886658;0.3066326096066557;10;20;128;128
