0;0;0.0001;concept1;0.08914782743268648;None;0.10701208494771124;0.9108521725673135;10;20;128;128
0;1;0.0001;concept2;0.7761502303326402;None;0.19144606651718063;0.2238497696673598;10;20;128;128
0;2;0.0001;concept3;0.5858029181175106;None;0.11255808901044505;0.4141970818824894;10;20;128;128
1;0;0.0001;concept1;0.09490595411471936;None;0.10941334156666525;0.9050940458852806;10;20;128;128
1;1;0.0001;concept2;0.9560556293933593;None;0.2135476183297694;0.04394437060664058;10;20;128;128
1;2;0.0001;concept3;0.33138546841191097;None;0.08373144229504786;0.668614531588089;10;20;128;128
2;0;0.0001;concept1;0.08868670145161067;None;0.10614615280020315;0.9113132985483894;10;20;128;128
2;1;0.0001;concept2;0.8013464305123318;None;0.1943273595716801;0.1986535694876682;10;20;128;128
2;2;0.0001;concept3;0.2725569941021792;None;0.07560756370888817;0.7274430058978207;10;20;128;128
3;0;0.0001;concept1;0.0815525938998217;None;0.1022343608574629;0.9184474061001783;10;20;128;128
3;1;0.0001;concept2;0.6532997505436894;None;0.17410314641304592;0.3467002494563106;10;20;128;128
3;2;0.0001;concept3;0.22222757191522763;None;0.06809074738050173;0.7777724280847724;10;20;128;128
4;0;0.0001;concept1;0.07762116152525053;None;0.09984122521098367;0.9223788384747494;10;20;128;128
4;1;0.0001;concept2;0.5279401189632525;None;0.1549756397080269;0.47205988103674745;10;20;128;128
4;2;0.0001;concept3;0.18417532460398675;None;0.06193371891205579;0.8158246753960132;10;20;128;128
5;0;0.0001;concept1;0.07412791787388538;None;0.09759592942877193;0.9258720821261146;10;20;128;128
5;1;0.0001;concept2;0.41991562295294077;None;0.1365467415805664;0.5800843770470592;10;20;128;128
5;2;0.0001;concept3;0.15537171648397954;None;0.05687784272182209;0.8446282835160205;10;20;128;128
6;0;0.0001;concept1;0.07108123832324668;None;0.09554439921789266;0.9289187616767534;10;20;128;128
6;1;0.0001;concept2;0.3253071894129854;None;0.1184451574268614;0.6746928105870145;10;20;128;128
6;2;0.0001;concept3;0.13380513345133063;None;0.05275779000183445;0.8661948665486694;10;20;128;128
7;0;0.0001;concept1;0.06795076897585971;None;0.09338635615365083;0.9320492310241403;10;20;128;128
7;1;0.0001;concept2;0.25114528379562917;None;0.10227665141092876;0.7488547162043708;10;20;128;128
7;2;0.0001;concept3;0.11702515542003533;None;0.049430848816993674;0.8829748445799647;10;20;128;128
8;0;0.0001;concept1;0.06475094944986583;None;0.09094876248365544;0.9352490505501342;10;20;128;128
8;1;0.0001;concept2;0.19164180859300045;None;0.08759799278000266;0.8083581914069995;10;20;128;128
8;2;0.0001;concept3;0.10490326273514207;None;0.04702682752074631;0.895096737264858;10;20;128;128
9;0;0.0001;concept1;0.06230096995706306;None;0.08898120729539423;0.937699030042937;10;20;128;128
9;1;0.0001;concept2;0.14461951077327442;None;0.074588630966598;0.8553804892267256;10;20;128;128
9;2;0.0001;concept3;0.09591849595934503;None;0.04523283111539503;0.904081504040655;10;20;128;128
10;0;0.0001;concept1;0.06009212623432676;None;0.08715595854050052;0.9399078737656732;10;20;128;128
10;1;0.0001;concept2;0.10373519748980409;None;0.062234649484615545;0.8962648025101959;10;20;128;128
10;2;0.0001;concept3;0.08821437512334682;None;0.043705841607576436;0.9117856248766532;10;20;128;128
11;0;0.0001;concept1;0.0579133862666351;None;0.08531174640383443;0.9420866137333649;10;20;128;128
11;1;0.0001;concept2;0.07754939512274221;None;0.053510252310600345;0.9224506048772578;10;20;128;128
11;2;0.0001;concept3;0.08098970820943709;None;0.04229450082596726;0.9190102917905629;10;20;128;128
12;0;0.0001;concept1;0.0558888033793784;None;0.08351315183833942;0.9441111966206216;10;20;128;128
12;1;0.0001;concept2;0.05882263247564487;None;0.04660747297024996;0.9411773675243551;10;20;128;128
12;2;0.0001;concept3;0.07256515779293768;None;0.04006590296703648;0.9274348422070623;10;20;128;128
13;0;0.0001;concept1;0.05339237294631361;None;0.08110855707359556;0.9466076270536864;10;20;128;128
13;1;0.0001;concept2;0.04810037627072598;None;0.04232703029644067;0.9518996237292741;10;20;128;128
13;2;0.0001;concept3;0.06435226207038575;None;0.03781655082502292;0.9356477379296142;10;20;128;128
14;0;0.0001;concept1;0.05160713405540686;None;0.07940488410317302;0.9483928659445932;10;20;128;128
14;1;0.0001;concept2;0.040607155285042336;None;0.03910712057144971;0.9593928447149577;10;20;128;128
14;2;0.0001;concept3;0.056258831854359606;None;0.03551264143220664;0.9437411681456404;10;20;128;128
15;0;0.0001;concept1;0.04986442500094065;None;0.07769353175684067;0.9501355749990593;10;20;128;128
15;1;0.0001;concept2;0.03492128665782053;None;0.03629075153436361;0.9650787133421794;10;20;128;128
15;2;0.0001;concept3;0.051496440332063256;None;0.034249038128123764;0.9485035596679368;10;20;128;128
16;0;0.0001;concept1;0.0489792039900783;None;0.0768455107722529;0.9510207960099217;10;20;128;128
16;1;0.0001;concept2;0.030851233495821494;None;0.034164945395190015;0.9691487665041785;10;20;128;128
16;2;0.0001;concept3;0.04680964146064865;None;0.032668919138728846;0.9531903585393513;10;20;128;128
17;0;0.0001;concept1;0.047570520314813264;None;0.07541456309773763;0.9524294796851868;10;20;128;128
17;1;0.0001;concept2;0.02687809345078476;None;0.03205495828981653;0.9731219065492153;10;20;128;128
17;2;0.0001;concept3;0.04425761955065918;None;0.031868024591324776;0.9557423804493408;10;20;128;128
18;0;0.0001;concept1;0.04611452711687322;None;0.0738727681095123;0.9538854728831268;10;20;128;128
18;1;0.0001;concept2;0.024527504437245853;None;0.030595691132269728;0.9754724955627542;10;20;128;128
18;2;0.0001;concept3;0.04288982406219675;None;0.03154354653506667;0.9571101759378032;10;20;128;128
19;0;0.0001;concept1;0.04462645900980594;None;0.07224461371142127;0.955373540990194;10;20;128;128
19;1;0.0001;concept2;0.022381047517240023;None;0.029302312602463156;0.97761895248276;10;20;128;128
19;2;0.0001;concept3;0.04125513956138593;None;0.030952304601418592;0.9587448604386141;10;20;128;128
20;0;0.0001;concept1;0.043738868712738986;None;0.07131248378684822;0.956261131287261;10;20;128;128
20;1;0.0001;concept2;0.020435303335308252;None;0.028048401506036175;0.9795646966646917;10;20;128;128
20;2;0.0001;concept3;0.039114851858273555;None;0.030114971282636977;0.9608851481417264;10;20;128;128
21;0;0.0001;concept1;0.04270981881096803;None;0.0701386700653584;0.957290181189032;10;20;128;128
21;1;0.0001;concept2;0.01877183714224722;None;0.02691251104375642;0.9812281628577528;10;20;128;128
21;2;0.0001;concept3;0.037777384259321166;None;0.02965117652554181;0.9622226157406788;10;20;128;128
22;0;0.0001;concept1;0.04153686118759649;None;0.0688123355098224;0.9584631388124035;10;20;128;128
22;1;0.0001;concept2;0.017819080647896012;None;0.02614560391012044;0.9821809193521039;10;20;128;128
22;2;0.0001;concept3;0.03584766416091499;None;0.028851264420116308;0.964152335839085;10;20;128;128
23;0;0.0001;concept1;0.04059788811825153;None;0.06763711069932696;0.9594021118817485;10;20;128;128
23;1;0.0001;concept2;0.016519172427087413;None;0.025132766596056736;0.9834808275729126;10;20;128;128
23;2;0.0001;concept3;0.03448948015211498;None;0.028365230304584623;0.965510519847885;10;20;128;128
24;0;0.0001;concept1;0.03986813732300925;None;0.06665279882533283;0.9601318626769908;10;20;128;128
24;1;0.0001;concept2;0.015192927160638288;None;0.024043119358894992;0.9848070728393618;10;20;128;128
24;2;0.0001;concept3;0.03282761238652838;None;0.02767808394711357;0.9671723876134716;10;20;128;128
25;0;0.0001;concept1;0.039310886922684744;None;0.0658556259790956;0.9606891130773153;10;20;128;128
25;1;0.0001;concept2;0.014251644658326897;None;0.023301590930619686;0.9857483553416732;10;20;128;128
25;2;0.0001;concept3;0.031312997360404146;None;0.02701035674721984;0.9686870026395958;10;20;128;128
26;0;0.0001;concept1;0.03864714943733556;None;0.06498968084437168;0.9613528505626644;10;20;128;128
26;1;0.0001;concept2;0.01321272032509308;None;0.022456010120986074;0.9867872796749069;10;20;128;128
26;2;0.0001;concept3;0.029736421292694486;None;0.026296517783562793;0.9702635787073055;10;20;128;128
27;0;0.0001;concept1;0.03813018074806418;None;0.06425689444014852;0.9618698192519358;10;20;128;128
27;1;0.0001;concept2;0.012386921946218224;None;0.021755597588250814;0.9876130780537817;10;20;128;128
27;2;0.0001;concept3;0.02827834312546475;None;0.025676641147450035;0.9717216568745353;10;20;128;128
28;0;0.0001;concept1;0.037548528375795524;None;0.06347229784173508;0.9624514716242045;10;20;128;128
28;1;0.0001;concept2;0.011914500017456524;None;0.021346093050980213;0.9880854999825435;10;20;128;128
28;2;0.0001;concept3;0.02682786856600722;None;0.024989162384147508;0.9731721314339927;10;20;128;128
29;0;0.0001;concept1;0.03710623926850922;None;0.06279991394194108;0.9628937607314908;10;20;128;128
29;1;0.0001;concept2;0.011676403771429655;None;0.02114482296637865;0.9883235962285704;10;20;128;128
29;2;0.0001;concept3;0.02536020499020899;None;0.02432491444112519;0.974639795009791;10;20;128;128
30;0;0.0001;concept1;0.03658628274963015;None;0.061914371147337326;0.9634137172503698;10;20;128;128
30;1;0.0001;concept2;0.011329343417870896;None;0.02084025532518917;0.988670656582129;10;20;128;128
30;2;0.0001;concept3;0.02398017273243955;None;0.023675529344070856;0.9760198272675604;10;20;128;128
31;0;0.0001;concept1;0.03625088809834955;None;0.061384619560296415;0.9637491119016505;10;20;128;128
31;1;0.0001;concept2;0.011098078979725846;None;0.020620205712548;0.9889019210202742;10;20;128;128
31;2;0.0001;concept3;0.02269804649720012;None;0.023047577882353603;0.9773019535027999;10;20;128;128
32;0;0.0001;concept1;0.03563130544760868;None;0.06047413054643048;0.9643686945523913;10;20;128;128
32;1;0.0001;concept2;0.01125414938335719;None;0.020747070360329713;0.9887458506166428;10;20;128;128
32;2;0.0001;concept3;0.02148609897602293;None;0.022452111474163042;0.9785139010239771;10;20;128;128
33;0;0.0001;concept1;0.035348021203247655;None;0.060077466118705576;0.9646519787967524;10;20;128;128
33;1;0.0001;concept2;0.01126395345104045;None;0.020748895546058667;0.9887360465489595;10;20;128;128
33;2;0.0001;concept3;0.020372673237005392;None;0.021903517020753906;0.9796273267629946;10;20;128;128
34;0;0.0001;concept1;0.03517668944994079;None;0.05965292146625201;0.9648233105500592;10;20;128;128
34;1;0.0001;concept2;0.011167675868160643;None;0.020654463544014817;0.9888323241318394;10;20;128;128
34;2;0.0001;concept3;0.019353426414627173;None;0.021387535469268186;0.9806465735853729;10;20;128;128
35;0;0.0001;concept1;0.03487193380525845;None;0.05917859764112709;0.9651280661947416;10;20;128;128
35;1;0.0001;concept2;0.011133651675243036;None;0.020614850363631154;0.988866348324757;10;20;128;128
35;2;0.0001;concept3;0.018488719184339492;None;0.020974447012237975;0.9815112808156605;10;20;128;128
36;0;0.0001;concept1;0.03464386063093671;None;0.058754021258699204;0.9653561393690633;10;20;128;128
36;1;0.0001;concept2;0.010999718699241512;None;0.02048868898577988;0.9890002813007585;10;20;128;128
36;2;0.0001;concept3;0.01771900509198305;None;0.020620955617011053;0.9822809949080169;10;20;128;128
37;0;0.0001;concept1;0.034482764974277054;None;0.05839279721244555;0.965517235025723;10;20;128;128
37;1;0.0001;concept2;0.01090320177689167;None;0.020395511206483915;0.9890967982231084;10;20;128;128
37;2;0.0001;concept3;0.017013486756476275;None;0.020283641989748854;0.9829865132435237;10;20;128;128
38;0;0.0001;concept1;0.03420024230468228;None;0.05794004891436039;0.9657997576953177;10;20;128;128
38;1;0.0001;concept2;0.010765401890342566;None;0.02027116144279952;0.9892345981096574;10;20;128;128
38;2;0.0001;concept3;0.01641142601062263;None;0.01999852904833501;0.9835885739893774;10;20;128;128
39;0;0.0001;concept1;0.0340280161958681;None;0.057586726311550054;0.9659719838041319;10;20;128;128
39;1;0.0001;concept2;0.010632772466370994;None;0.020157112452650488;0.989367227533629;10;20;128;128
39;2;0.0001;concept3;0.015931599000522354;None;0.019768572637810188;0.9840684009994777;10;20;128;128
40;0;0.0001;concept1;0.033771775972289864;None;0.05717926567695604;0.9662282240277101;10;20;128;128
40;1;0.0001;concept2;0.01051766190831521;None;0.020054086253660005;0.9894823380916848;10;20;128;128
40;2;0.0001;concept3;0.015439760422589117;None;0.019574036489588293;0.9845602395774109;10;20;128;128
41;0;0.0001;concept1;0.03368319620772203;None;0.05692919905672078;0.9663168037922779;10;20;128;128
41;1;0.0001;concept2;0.010384806030941001;None;0.019935394547850354;0.989615193969059;10;20;128;128
41;2;0.0001;concept3;0.015016259152781541;None;0.019395080721005424;0.9849837408472185;10;20;128;128
42;0;0.0001;concept1;0.0334990467880073;None;0.05658910758711755;0.9665009532119927;10;20;128;128
42;1;0.0001;concept2;0.010257366894262142;None;0.019817025771574036;0.9897426331057378;10;20;128;128
42;2;0.0001;concept3;0.014658043361042003;None;0.019222220613131995;0.985341956638958;10;20;128;128
43;0;0.0001;concept1;0.03333525137553594;None;0.05627129848725803;0.966664748624464;10;20;128;128
43;1;0.0001;concept2;0.010095992100293792;None;0.019668319167509357;0.9899040078997062;10;20;128;128
43;2;0.0001;concept3;0.014386910330430757;None;0.019080386034564186;0.9856130896695693;10;20;128;128
44;0;0.0001;concept1;0.03315607549116704;None;0.055952824770873856;0.9668439245088329;10;20;128;128
44;1;0.0001;concept2;0.009966947417256674;None;0.01953181218788549;0.9900330525827433;10;20;128;128
44;2;0.0001;concept3;0.01418803075889047;None;0.01898549104431069;0.9858119692411095;10;20;128;128
45;0;0.0001;concept1;0.032999089492006466;None;0.05567451736754195;0.9670009105079935;10;20;128;128
45;1;0.0001;concept2;0.009829910332467816;None;0.019393417183044076;0.9901700896675322;10;20;128;128
45;2;0.0001;concept3;0.014014613933548277;None;0.01888760001219471;0.9859853860664517;10;20;128;128
46;0;0.0001;concept1;0.03286484034678023;None;0.05539935992190526;0.9671351596532197;10;20;128;128
46;1;0.0001;concept2;0.009743289051614217;None;0.019309509982625355;0.9902567109483857;10;20;128;128
46;2;0.0001;concept3;0.013907601523302338;None;0.018827488811896977;0.9860923984766977;10;20;128;128
47;0;0.0001;concept1;0.03274268281877168;None;0.055128226171141125;0.9672573171812283;10;20;128;128
47;1;0.0001;concept2;0.009587579118638495;None;0.01918043957726458;0.9904124208813615;10;20;128;128
47;2;0.0001;concept3;0.01383363636369626;None;0.01879721506578454;0.9861663636363037;10;20;128;128
48;0;0.0001;concept1;0.032676593345123954;None;0.05491400601528561;0.967323406654876;10;20;128;128
48;1;0.0001;concept2;0.009477017942615467;None;0.019081538380923784;0.9905229820573845;10;20;128;128
48;2;0.0001;concept3;0.01384091988116769;None;0.01879521035593903;0.9861590801188324;10;20;128;128
49;0;0.0001;concept1;0.03257747645466764;None;0.054669805869350364;0.9674225235453323;10;20;128;128
49;1;0.0001;concept2;0.00942802960113754;None;0.0190068891399337;0.9905719703988625;10;20;128;128
49;2;0.0001;concept3;0.01381443924112914;None;0.01877734294282137;0.9861855607588709;10;20;128;128
50;0;0.0001;concept1;0.04091252317346973;None;0.046681224052506486;0.9590874768265303;10;20;128;128
50;1;0.0001;concept2;0.0030828548267312936;None;0.02440656716816544;0.9969171451732687;10;20;128;128
50;2;0.0001;concept3;0.00535922872946028;None;0.0378833450328221;0.9946407712705397;10;20;128;128
51;0;0.0001;concept1;0.04091982754633557;None;0.04638973373239079;0.9590801724536644;10;20;128;128
51;1;0.0001;concept2;0.0030395079471566932;None;0.024285998280454718;0.9969604920528433;10;20;128;128
51;2;0.0001;concept3;0.005457556949082595;None;0.038323057017515635;0.9945424430509174;10;20;128;128
52;0;0.0001;concept1;0.04111906567050067;None;0.046236538468137786;0.9588809343294993;10;20;128;128
52;1;0.0001;concept2;0.0030058039927388738;None;0.024195836479319423;0.9969941960072611;10;20;128;128
52;2;0.0001;concept3;0.0053689272926477506;None;0.03784258098613219;0.9946310727073523;10;20;128;128
53;0;0.0001;concept1;0.04117150132103468;None;0.04603753550801425;0.9588284986789654;10;20;128;128
53;1;0.0001;concept2;0.002959715748536088;None;0.024046048775580937;0.997040284251464;10;20;128;128
53;2;0.0001;concept3;0.005707347454825567;None;0.03938896159329547;0.9942926525451744;10;20;128;128
54;0;0.0001;concept1;0.040436692164914134;None;0.04554279415087948;0.9595633078350858;10;20;128;128
54;1;0.0001;concept2;0.002927917363906192;None;0.023967228955874345;0.9970720826360938;10;20;128;128
54;2;0.0001;concept3;0.00551192899662446;None;0.03838980476206263;0.9944880710033756;10;20;128;128
55;0;0.0001;concept1;0.04023471368532326;None;0.04526177656897722;0.9597652863146767;10;20;128;128
55;1;0.0001;concept2;0.002898037537486727;None;0.023899347865297727;0.9971019624625133;10;20;128;128
55;2;0.0001;concept3;0.005500216001572999;None;0.038245608709696656;0.994499783998427;10;20;128;128
56;0;0.0001;concept1;0.03969405735659764;None;0.04485909257454285;0.9603059426434024;10;20;128;128
56;1;0.0001;concept2;0.0028715473128681393;None;0.0238358761932624;0.9971284526871319;10;20;128;128
56;2;0.0001;concept3;0.0055726576278770975;None;0.038574493353561404;0.9944273423721229;10;20;128;128
57;0;0.0001;concept1;0.03888699944900077;None;0.0444011123756188;0.9611130005509992;10;20;128;128
57;1;0.0001;concept2;0.0028399160145078555;None;0.023734022630554654;0.9971600839854922;10;20;128;128
57;2;0.0001;concept3;0.005620150979965768;None;0.03878109920619017;0.9943798490200342;10;20;128;128
58;0;0.0001;concept1;0.03832947778484088;None;0.044053257969446605;0.9616705222151591;10;20;128;128
58;1;0.0001;concept2;0.0028241558363115656;None;0.023698551114142027;0.9971758441636884;10;20;128;128
58;2;0.0001;concept3;0.005687022465605632;None;0.03912081036373822;0.9943129775343944;10;20;128;128
59;0;0.0001;concept1;0.03767691268904516;None;0.04364495471859964;0.9623230873109548;10;20;128;128
59;1;0.0001;concept2;0.0028107874591620824;None;0.02366896069356381;0.9971892125408379;10;20;128;128
59;2;0.0001;concept3;0.005774102886995779;None;0.03953043019651404;0.9942258971130042;10;20;128;128
60;0;0.0001;concept1;0.037508333218752576;None;0.043427956558454196;0.9624916667812474;10;20;128;128
60;1;0.0001;concept2;0.002790996033549164;None;0.023619368526568388;0.9972090039664508;10;20;128;128
60;2;0.0001;concept3;0.005778727312441291;None;0.039533347028430255;0.9942212726875587;10;20;128;128
61;0;0.0001;concept1;0.03765631530309987;None;0.04335433853601269;0.9623436846969001;10;20;128;128
61;1;0.0001;concept2;0.002769832508013812;None;0.02355383955041863;0.9972301674919862;10;20;128;128
61;2;0.0001;concept3;0.005805029557414615;None;0.03967981742135791;0.9941949704425854;10;20;128;128
62;0;0.0001;concept1;0.03770670302800494;None;0.04327184871009801;0.9622932969719951;10;20;128;128
62;1;0.0001;concept2;0.0027616188305120606;None;0.023548164489248017;0.9972383811694879;10;20;128;128
62;2;0.0001;concept3;0.005830897559406638;None;0.03981381059642144;0.9941691024405933;10;20;128;128
63;0;0.0001;concept1;0.0377027695305648;None;0.0431236566832817;0.9622972304694352;10;20;128;128
63;1;0.0001;concept2;0.0027576329694318693;None;0.023548829331747307;0.9972423670305681;10;20;128;128
63;2;0.0001;concept3;0.005863024923311687;None;0.03999692758116658;0.9941369750766883;10;20;128;128
64;0;0.0001;concept1;0.03755261645252155;None;0.042946424001486294;0.9624473835474785;10;20;128;128
64;1;0.0001;concept2;0.002754538820807338;None;0.023550400814819676;0.9972454611791927;10;20;128;128
64;2;0.0001;concept3;0.006044841762884803;None;0.04098035761703331;0.9939551582371152;10;20;128;128
65;0;0.0001;concept1;0.036746071227434784;None;0.042544694188278935;0.9632539287725652;10;20;128;128
65;1;0.0001;concept2;0.0027509666566777804;None;0.02355052967787818;0.9972490333433223;10;20;128;128
65;2;0.0001;concept3;0.005929252188884895;None;0.0403556945747314;0.9940707478111152;10;20;128;128
66;0;0.0001;concept1;0.036670756260394545;None;0.04241894522561591;0.9633292437396055;10;20;128;128
66;1;0.0001;concept2;0.002748711911667649;None;0.02354654561513687;0.9972512880883323;10;20;128;128
66;2;0.0001;concept3;0.005951425157704803;None;0.040510963230695474;0.9940485748422953;10;20;128;128
67;0;0.0001;concept1;0.03653506121808685;None;0.04231410289529251;0.9634649387819132;10;20;128;128
67;1;0.0001;concept2;0.002748457363552781;None;0.023542023239346083;0.9972515426364472;10;20;128;128
67;2;0.0001;concept3;0.005990567377303392;None;0.040760935035107415;0.9940094326226966;10;20;128;128
68;0;0.0001;concept1;0.03655049767125506;None;0.04223724578452608;0.9634495023287449;10;20;128;128
68;1;0.0001;concept2;0.0027435706025452315;None;0.02351307847056947;0.9972564293974547;10;20;128;128
68;2;0.0001;concept3;0.0060101554250591455;None;0.040909756102795077;0.9939898445749409;10;20;128;128
69;0;0.0001;concept1;0.036502064094400134;None;0.04211998501902216;0.9634979359055998;10;20;128;128
69;1;0.0001;concept2;0.0027448638743323628;None;0.02351105881670134;0.9972551361256676;10;20;128;128
69;2;0.0001;concept3;0.006287706049667497;None;0.04213454142329095;0.9937122939503324;10;20;128;128
70;0;0.0001;concept1;0.03661920287237143;None;0.042076407305276786;0.9633807971276286;10;20;128;128
70;1;0.0001;concept2;0.0027444476992638184;None;0.02350642230954769;0.9972555523007361;10;20;128;128
70;2;0.0001;concept3;0.006049472610205109;None;0.04109751596226046;0.9939505273897948;10;20;128;128
71;0;0.0001;concept1;0.03662470972896944;None;0.042005257429687866;0.9633752902710305;10;20;128;128
71;1;0.0001;concept2;0.0027477053294227643;None;0.023518633002208633;0.9972522946705772;10;20;128;128
71;2;0.0001;concept3;0.006084320886749452;None;0.04121640242271331;0.9939156791132505;10;20;128;128
72;0;0.0001;concept1;0.03662164323211792;None;0.04191533338637545;0.9633783567678821;10;20;128;128
72;1;0.0001;concept2;0.002745093873163681;None;0.023503646065764446;0.9972549061268363;10;20;128;128
72;2;0.0001;concept3;0.006155059610594825;None;0.04162976037592385;0.9938449403894052;10;20;128;128
73;0;0.0001;concept1;0.03649492957589889;None;0.041812538174835844;0.963505070424101;10;20;128;128
73;1;0.0001;concept2;0.002746490923176908;None;0.023506426036049414;0.9972535090768231;10;20;128;128
73;2;0.0001;concept3;0.006285812122690373;None;0.04222404131013448;0.9937141878773096;10;20;128;128
74;0;0.0001;concept1;0.03650759593664149;None;0.041717847423768925;0.9634924040633586;10;20;128;128
74;1;0.0001;concept2;0.0027392098979870183;None;0.023493913685432584;0.997260790102013;10;20;128;128
74;2;0.0001;concept3;0.0061432437895490915;None;0.04159794541174176;0.9938567562104509;10;20;128;128
75;0;0.0001;concept1;0.036328411447510624;None;0.04156102036626188;0.9636715885524894;10;20;128;128
75;1;0.0001;concept2;0.002735259887531618;None;0.023475358568556405;0.9972647401124684;10;20;128;128
75;2;0.0001;concept3;0.006166395605232358;None;0.04169247445645118;0.9938336043947676;10;20;128;128
76;0;0.0001;concept1;0.0368855938282825;None;0.041699096811283434;0.9631144061717175;10;20;128;128
76;1;0.0001;concept2;0.002734916444672989;None;0.023477377200388196;0.9972650835553271;10;20;128;128
76;2;0.0001;concept3;0.0061790048662075;None;0.041801004416265566;0.9938209951337925;10;20;128;128
77;0;0.0001;concept1;0.037136543680837464;None;0.04174907310399094;0.9628634563191625;10;20;128;128
77;1;0.0001;concept2;0.002754072269876345;None;0.023558314868069488;0.9972459277301237;10;20;128;128
77;2;0.0001;concept3;0.006197723864828281;None;0.04179785153145717;0.9938022761351717;10;20;128;128
78;0;0.0001;concept1;0.03727041917829304;None;0.04173835451790587;0.962729580821707;10;20;128;128
78;1;0.0001;concept2;0.002757194410166991;None;0.023570862612590865;0.997242805589833;10;20;128;128
78;2;0.0001;concept3;0.006198597051317511;None;0.04193378382271776;0.9938014029486825;10;20;128;128
79;0;0.0001;concept1;0.037208045265227405;None;0.041622399135071715;0.9627919547347726;10;20;128;128
79;1;0.0001;concept2;0.0027581128106554708;None;0.023568272961195555;0.9972418871893445;10;20;128;128
79;2;0.0001;concept3;0.006244883236919632;None;0.04206352550598945;0.9937551167630804;10;20;128;128
80;0;0.0001;concept1;0.037149955838146016;None;0.041586877908709255;0.9628500441618539;10;20;128;128
80;1;0.0001;concept2;0.0027599037825426333;None;0.023575331474337907;0.9972400962174574;10;20;128;128
80;2;0.0001;concept3;0.006322809009419776;None;0.04246586817228365;0.9936771909905803;10;20;128;128
81;0;0.0001;concept1;0.03712605507513594;None;0.04147839655289936;0.9628739449248641;10;20;128;128
81;1;0.0001;concept2;0.002761003068058373;None;0.023571558524994807;0.9972389969319416;10;20;128;128
81;2;0.0001;concept3;0.006244729801299661;None;0.04207098138836362;0.9937552701987004;10;20;128;128
82;0;0.0001;concept1;0.037451112042565286;None;0.04155342421468992;0.9625488879574348;10;20;128;128
82;1;0.0001;concept2;0.002763562548967367;None;0.02357524798183096;0.9972364374510326;10;20;128;128
82;2;0.0001;concept3;0.0063173501800422764;None;0.04251908869230309;0.9936826498199577;10;20;128;128
83;0;0.0001;concept1;0.03733371222614309;None;0.04150414444341029;0.9626662877738569;10;20;128;128
83;1;0.0001;concept2;0.0027650005854825055;None;0.02357905085325329;0.9972349994145175;10;20;128;128
83;2;0.0001;concept3;0.006254607176066865;None;0.0421529447715663;0.9937453928239331;10;20;128;128
84;0;0.0001;concept1;0.03731464567020095;None;0.041407043023996414;0.9626853543297991;10;20;128;128
84;1;0.0001;concept2;0.0027636216526218406;None;0.023569914791815205;0.9972363783473781;10;20;128;128
84;2;0.0001;concept3;0.006244442231683857;None;0.04212225805812472;0.9937555577683161;10;20;128;128
85;0;0.0001;concept1;0.03736544224571109;None;0.04134762128278191;0.962634557754289;10;20;128;128
85;1;0.0001;concept2;0.002764153375668458;None;0.02357221802145787;0.9972358466243315;10;20;128;128
85;2;0.0001;concept3;0.006239396104415674;None;0.04212323920756213;0.9937606038955843;10;20;128;128
86;0;0.0001;concept1;0.037440544321379415;None;0.04135561738131786;0.9625594556786206;10;20;128;128
86;1;0.0001;concept2;0.002764366488128237;None;0.023563850012465512;0.9972356335118717;10;20;128;128
86;2;0.0001;concept3;0.0062332788092563434;None;0.042155504456147436;0.9937667211907436;10;20;128;128
87;0;0.0001;concept1;0.03743095444663858;None;0.041275545510876185;0.9625690455533614;10;20;128;128
87;1;0.0001;concept2;0.0027620056609524686;None;0.023546787524627362;0.9972379943390476;10;20;128;128
87;2;0.0001;concept3;0.006220941361123874;None;0.042128609725786234;0.9937790586388762;10;20;128;128
88;0;0.0001;concept1;0.03761422589917314;None;0.0412768729499925;0.9623857741008268;10;20;128;128
88;1;0.0001;concept2;0.0027618486633830238;None;0.02354203656512756;0.997238151336617;10;20;128;128
88;2;0.0001;concept3;0.006235607322507634;None;0.04214303117994805;0.9937643926774924;10;20;128;128
89;0;0.0001;concept1;0.03769695048814878;None;0.04127052377527486;0.9623030495118512;10;20;128;128
89;1;0.0001;concept2;0.00275919133696611;None;0.02352274091216858;0.9972408086630339;10;20;128;128
89;2;0.0001;concept3;0.006216344692182015;None;0.042114496838957315;0.993783655307818;10;20;128;128
90;0;0.0001;concept1;0.03736723935165102;None;0.041020847249169615;0.962632760648349;10;20;128;128
90;1;0.0001;concept2;0.002756980772551851;None;0.023509001394659636;0.9972430192274482;10;20;128;128
90;2;0.0001;concept3;0.006201894897220147;None;0.042153223735777845;0.9937981051027799;10;20;128;128
91;0;0.0001;concept1;0.03746793997124359;None;0.04100504724833216;0.9625320600287564;10;20;128;128
91;1;0.0001;concept2;0.002756735871267501;None;0.02350597884011908;0.9972432641287325;10;20;128;128
91;2;0.0001;concept3;0.006219846820088477;None;0.04235798202448465;0.9937801531799115;10;20;128;128
92;0;0.0001;concept1;0.0372602701054813;None;0.04085439672319458;0.9627397298945187;10;20;128;128
92;1;0.0001;concept2;0.0027536723234548345;None;0.023486248994676707;0.9972463276765452;10;20;128;128
92;2;0.0001;concept3;0.006239735581913697;None;0.04252901037042945;0.9937602644180863;10;20;128;128
93;0;0.0001;concept1;0.03726265207356898;None;0.0407648646457081;0.9627373479264311;10;20;128;128
93;1;0.0001;concept2;0.002751240354228287;None;0.023467885533199243;0.9972487596457718;10;20;128;128
93;2;0.0001;concept3;0.006327546938563253;None;0.04300668546296752;0.9936724530614367;10;20;128;128
94;0;0.0001;concept1;0.037235372095001475;None;0.04072318573704803;0.9627646279049985;10;20;128;128
94;1;0.0001;concept2;0.0027493149430750166;None;0.023449624778511865;0.9972506850569249;10;20;128;128
94;2;0.0001;concept3;0.006249377377435059;None;0.042661215411310176;0.993750622622565;10;20;128;128
95;0;0.0001;concept1;0.03724466184998237;None;0.04068477483289954;0.9627553381500177;10;20;128;128
95;1;0.0001;concept2;0.0027479756097199526;None;0.023435252903535524;0.99725202439028;10;20;128;128
95;2;0.0001;concept3;0.006234249574263822;None;0.04259997069806724;0.9937657504257362;10;20;128;128
96;0;0.0001;concept1;0.037317639255346584;None;0.04066752431756242;0.9626823607446534;10;20;128;128
96;1;0.0001;concept2;0.0027424756510073547;None;0.023399910352385037;0.9972575243489926;10;20;128;128
96;2;0.0001;concept3;0.006211560565022306;None;0.042513286094477916;0.9937884394349777;10;20;128;128
97;0;0.0001;concept1;0.03754775971589311;None;0.04071461878815087;0.9624522402841069;10;20;128;128
97;1;0.0001;concept2;0.0027325809507337804;None;0.023340744228551865;0.9972674190492662;10;20;128;128
97;2;0.0001;concept3;0.006229285313027348;None;0.04264864200869895;0.9937707146869726;10;20;128;128
98;0;0.0001;concept1;0.037515471577774295;None;0.04065991114897292;0.9624845284222256;10;20;128;128
98;1;0.0001;concept2;0.0027294101611851944;None;0.02331185490917746;0.9972705898388148;10;20;128;128
98;2;0.0001;concept3;0.006136902490365548;None;0.04210334568651421;0.9938630975096344;10;20;128;128
99;0;0.0001;concept1;0.0374265551129514;None;0.04058653378303641;0.9625734448870487;10;20;128;128
99;1;0.0001;concept2;0.0027270572672540893;None;0.02329274399321737;0.9972729427327459;10;20;128;128
99;2;0.0001;concept3;0.0061434032684577495;None;0.0421451414131582;0.9938565967315423;10;20;128;128
100;0;0.0001;concept1;0.045575995192201575;None;0.050975869697815895;0.9544240048077984;10;20;128;128
100;1;0.0001;concept2;0.005978175394332981;None;0.013973911446371504;0.994021824605667;10;20;128;128
100;2;0.0001;concept3;0.1386473873725453;None;0.14459091376286906;0.8613526126274547;10;20;128;128
101;0;0.0001;concept1;0.045864375860647406;None;0.050988667779191026;0.9541356241393526;10;20;128;128
101;1;0.0001;concept2;0.006096090134757131;None;0.014109492107991827;0.9939039098652429;10;20;128;128
101;2;0.0001;concept3;0.14045014818086846;None;0.1471961106977714;0.8595498518191316;10;20;128;128
102;0;0.0001;concept1;0.0459960059297495;None;0.050845510017234224;0.9540039940702505;10;20;128;128
102;1;0.0001;concept2;0.0061509661556777544;None;0.01414109882821402;0.9938490338443222;10;20;128;128
102;2;0.0001;concept3;0.13936308072330364;None;0.14675751389286756;0.8606369192766964;10;20;128;128
103;0;0.0001;concept1;0.045834756979583106;None;0.050693814907004635;0.9541652430204169;10;20;128;128
103;1;0.0001;concept2;0.006273059274960025;None;0.014260565661687853;0.99372694072504;10;20;128;128
103;2;0.0001;concept3;0.13814761239648965;None;0.14618690319796815;0.8618523876035104;10;20;128;128
104;0;0.0001;concept1;0.045887897264181084;None;0.05061281019890233;0.9541121027358189;10;20;128;128
104;1;0.0001;concept2;0.0063965206254830865;None;0.014390095942311497;0.9936034793745169;10;20;128;128
104;2;0.0001;concept3;0.13707841408427907;None;0.14566608357936306;0.8629215859157209;10;20;128;128
105;0;0.0001;concept1;0.045774695631844574;None;0.050610358720144966;0.9542253043681554;10;20;128;128
105;1;0.0001;concept2;0.006510800168983433;None;0.014510639982829887;0.9934891998310166;10;20;128;128
105;2;0.0001;concept3;0.13628710093526364;None;0.14516286400648454;0.8637128990647364;10;20;128;128
106;0;0.0001;concept1;0.045784622132021086;None;0.05041089910083123;0.9542153778679789;10;20;128;128
106;1;0.0001;concept2;0.006536288441727152;None;0.014515887307773815;0.9934637115582728;10;20;128;128
106;2;0.0001;concept3;0.13618710325309466;None;0.14515956542897787;0.8638128967469053;10;20;128;128
107;0;0.0001;concept1;0.04586706580019212;None;0.05039167607220461;0.9541329341998079;10;20;128;128
107;1;0.0001;concept2;0.006608843616497751;None;0.014581834414930762;0.9933911563835023;10;20;128;128
107;2;0.0001;concept3;0.1361414567437854;None;0.14533105824069328;0.8638585432562147;10;20;128;128
108;0;0.0001;concept1;0.0471779834154754;None;0.050926615058648046;0.9528220165845246;10;20;128;128
108;1;0.0001;concept2;0.006737638015486242;None;0.01471329547508706;0.9932623619845138;10;20;128;128
108;2;0.0001;concept3;0.1343905160381145;None;0.1446096852278204;0.8656094839618855;10;20;128;128
109;0;0.0001;concept1;0.04704114086638;None;0.05073715616819046;0.95295885913362;10;20;128;128
109;1;0.0001;concept2;0.006489713764423791;None;0.014415417712463801;0.9935102862355762;10;20;128;128
109;2;0.0001;concept3;0.13381746802952627;None;0.1446027421140461;0.8661825319704737;10;20;128;128
110;0;0.0001;concept1;0.04696527951589454;None;0.050726257057771375;0.9530347204841054;10;20;128;128
110;1;0.0001;concept2;0.0058893929000066415;None;0.013926122391918528;0.9941106070999933;10;20;128;128
110;2;0.0001;concept3;0.1324716837980894;None;0.143925082784455;0.8675283162019106;10;20;128;128
111;0;0.0001;concept1;0.04696955523360517;None;0.05073338487787391;0.9530304447663949;10;20;128;128
111;1;0.0001;concept2;0.00634695135940077;None;0.014869430363742343;0.9936530486405992;10;20;128;128
111;2;0.0001;concept3;0.13264422127782374;None;0.14423843650217116;0.8673557787221763;10;20;128;128
112;0;0.0001;concept1;0.046788746380675005;None;0.05049458172476635;0.953211253619325;10;20;128;128
112;1;0.0001;concept2;0.010213499941002267;None;0.019574874831280537;0.9897865000589977;10;20;128;128
112;2;0.0001;concept3;0.1313252039858988;None;0.14346224696406168;0.8686747960141012;10;20;128;128
113;0;0.0001;concept1;0.04661913500478885;None;0.05043735409399517;0.9533808649952111;10;20;128;128
113;1;0.0001;concept2;0.00633258206774764;None;0.01482882787148096;0.9936674179322523;10;20;128;128
113;2;0.0001;concept3;0.130665034728884;None;0.14311965623352998;0.869334965271116;10;20;128;128
114;0;0.0001;concept1;0.04682450694151733;None;0.05047147791721935;0.9531754930584827;10;20;128;128
114;1;0.0001;concept2;0.005859338361652632;None;0.013946724813387205;0.9941406616383474;10;20;128;128
114;2;0.0001;concept3;0.13080872647012712;None;0.14322071693390195;0.8691912735298729;10;20;128;128
115;0;0.0001;concept1;0.04700437862543836;None;0.050611969547737556;0.9529956213745616;10;20;128;128
115;1;0.0001;concept2;0.005845174937585112;None;0.013944679913338344;0.9941548250624149;10;20;128;128
115;2;0.0001;concept3;0.1349840547839485;None;0.1459498309310053;0.8650159452160515;10;20;128;128
116;0;0.0001;concept1;0.04685401253874917;None;0.0505004916378738;0.9531459874612508;10;20;128;128
116;1;0.0001;concept2;0.005850928347979575;None;0.01401711337019699;0.9941490716520204;10;20;128;128
116;2;0.0001;concept3;0.13315345692846847;None;0.14513164365325443;0.8668465430715315;10;20;128;128
117;0;0.0001;concept1;0.04698687345839812;None;0.05044398107137309;0.9530131265416019;10;20;128;128
117;1;0.0001;concept2;0.005893318980232498;None;0.013923811085574188;0.9941066810197675;10;20;128;128
117;2;0.0001;concept3;0.1319835288001667;None;0.1442970451433158;0.8680164711998333;10;20;128;128
118;0;0.0001;concept1;0.04697887883790135;None;0.050391387322309;0.9530211211620987;10;20;128;128
118;1;0.0001;concept2;0.005890401976168815;None;0.013918077655453802;0.9941095980238311;10;20;128;128
118;2;0.0001;concept3;0.13143876700018522;None;0.1441727454372947;0.8685612329998148;10;20;128;128
119;0;0.0001;concept1;0.04746183704842042;None;0.05063747459216663;0.9525381629515796;10;20;128;128
119;1;0.0001;concept2;0.007512807575373097;None;0.016506565513317736;0.9924871924246269;10;20;128;128
119;2;0.0001;concept3;0.12958766310062034;None;0.1430216447921633;0.8704123368993797;10;20;128;128
120;0;0.0001;concept1;0.047463134796247;None;0.05057270710299324;0.952536865203753;10;20;128;128
120;1;0.0001;concept2;0.011211468535789125;None;0.020715154560766818;0.9887885314642109;10;20;128;128
120;2;0.0001;concept3;0.12711459453999865;None;0.14225751052408384;0.8728854054600014;10;20;128;128
121;0;0.0001;concept1;0.04731434875428651;None;0.05040180377164029;0.9526856512457135;10;20;128;128
121;1;0.0001;concept2;0.006010940154378369;None;0.014312834199711187;0.9939890598456216;10;20;128;128
121;2;0.0001;concept3;0.15239995482670288;None;0.15512774010625352;0.8476000451732971;10;20;128;128
122;0;0.0001;concept1;0.04763282571838604;None;0.050508532040510395;0.952367174281614;10;20;128;128
122;1;0.0001;concept2;0.008022447113086242;None;0.01716812450529343;0.9919775528869138;10;20;128;128
122;2;0.0001;concept3;0.1236326795509544;None;0.14394206329181505;0.8763673204490456;10;20;128;128
123;0;0.0001;concept1;0.04760351137496596;None;0.050428472541118124;0.952396488625034;10;20;128;128
123;1;0.0001;concept2;0.010721992235756303;None;0.02021118641813777;0.9892780077642437;10;20;128;128
123;2;0.0001;concept3;0.12127779290510664;None;0.14056071936414513;0.8787222070948933;10;20;128;128
124;0;0.0001;concept1;0.047436958849316056;None;0.05035117277014848;0.9525630411506839;10;20;128;128
124;1;0.0001;concept2;0.006658311072717556;None;0.014449910854269065;0.9933416889272825;10;20;128;128
124;2;0.0001;concept3;0.1275248790188618;None;0.1428218650329411;0.8724751209811382;10;20;128;128
125;0;0.0001;concept1;0.04782358786141655;None;0.050499559163950894;0.9521764121385835;10;20;128;128
125;1;0.0001;concept2;0.012110728385086037;None;0.021666106280483904;0.9878892716149139;10;20;128;128
125;2;0.0001;concept3;0.12859855225863462;None;0.14313706052715933;0.8714014477413654;10;20;128;128
126;0;0.0001;concept1;0.04791972407183677;None;0.0503949611625332;0.9520802759281632;10;20;128;128
126;1;0.0001;concept2;0.006722894138107936;None;0.015428953263057503;0.9932771058618921;10;20;128;128
126;2;0.0001;concept3;0.12741907543028447;None;0.14207197827806448;0.8725809245697156;10;20;128;128
127;0;0.0001;concept1;0.0475863279747363;None;0.05020533853466365;0.9524136720252637;10;20;128;128
127;1;0.0001;concept2;0.006209696806180549;None;0.01403468079481501;0.9937903031938194;10;20;128;128
127;2;0.0001;concept3;0.12363994669646802;None;0.14059300417089526;0.876360053303532;10;20;128;128
128;0;0.0001;concept1;0.04766910919195178;None;0.05030432410072378;0.9523308908080482;10;20;128;128
128;1;0.0001;concept2;0.005827861511231781;None;0.013982749115900082;0.9941721384887682;10;20;128;128
128;2;0.0001;concept3;0.12405462740292296;None;0.14032356907536744;0.875945372597077;10;20;128;128
129;0;0.0001;concept1;0.047624858781988195;None;0.0501850169688663;0.9523751412180118;10;20;128;128
129;1;0.0001;concept2;0.006291543749571566;None;0.01408838665184394;0.9937084562504285;10;20;128;128
129;2;0.0001;concept3;0.12359758210034319;None;0.1401269527962583;0.8764024178996568;10;20;128;128
130;0;0.0001;concept1;0.047519540490168426;None;0.05014358077022511;0.9524804595098315;10;20;128;128
130;1;0.0001;concept2;0.006549681479348643;None;0.014312534103283045;0.9934503185206514;10;20;128;128
130;2;0.0001;concept3;0.1253923337430747;None;0.14052137783652127;0.8746076662569253;10;20;128;128
131;0;0.0001;concept1;0.0472671055809868;None;0.049954789535547404;0.9527328944190132;10;20;128;128
131;1;0.0001;concept2;0.009767678928231856;None;0.019182719749752317;0.9902323210717682;10;20;128;128
131;2;0.0001;concept3;0.12495765915917806;None;0.14105420225211107;0.8750423408408219;10;20;128;128
132;0;0.0001;concept1;0.047223001653303544;None;0.04987972805683793;0.9527769983466965;10;20;128;128
132;1;0.0001;concept2;0.006063325942731681;None;0.013863897110929129;0.9939366740572683;10;20;128;128
132;2;0.0001;concept3;0.12379779087687819;None;0.14029242829840383;0.8762022091231219;10;20;128;128
133;0;0.0001;concept1;0.04753229828067378;None;0.04990732887996443;0.9524677017193263;10;20;128;128
133;1;0.0001;concept2;0.012681181172876492;None;0.02231202448998952;0.9873188188271235;10;20;128;128
133;2;0.0001;concept3;0.12319517297873318;None;0.13987302312673444;0.8768048270212668;10;20;128;128
134;0;0.0001;concept1;0.04717646401446422;None;0.04969553314902071;0.9528235359855358;10;20;128;128
134;1;0.0001;concept2;0.006897818136842697;None;0.014637961622417385;0.9931021818631574;10;20;128;128
134;2;0.0001;concept3;0.12298042517008732;None;0.13961895190107038;0.8770195748299127;10;20;128;128
135;0;0.0001;concept1;0.0473082432288156;None;0.04976972887950697;0.9526917567711845;10;20;128;128
135;1;0.0001;concept2;0.011497594618736683;None;0.019696681787373417;0.9885024053812633;10;20;128;128
135;2;0.0001;concept3;0.12260700913910244;None;0.13949032521175653;0.8773929908608975;10;20;128;128
136;0;0.0001;concept1;0.047367430233012785;None;0.04972438097119394;0.9526325697669872;10;20;128;128
136;1;0.0001;concept2;0.005608722390847965;None;0.013578796596154347;0.994391277609152;10;20;128;128
136;2;0.0001;concept3;0.12273725405661952;None;0.13963182517408237;0.8772627459433805;10;20;128;128
137;0;0.0001;concept1;0.04782682694328952;None;0.04980354873699765;0.9521731730567105;10;20;128;128
137;1;0.0001;concept2;0.006497428555527223;None;0.014193753114034507;0.9935025714444727;10;20;128;128
137;2;0.0001;concept3;0.12278116725716266;None;0.13964346829679986;0.8772188327428373;10;20;128;128
138;0;0.0001;concept1;0.0478523958309261;None;0.04975166099135013;0.952147604169074;10;20;128;128
138;1;0.0001;concept2;0.007461584480750435;None;0.016494783254892665;0.9925384155192496;10;20;128;128
138;2;0.0001;concept3;0.12241372569709781;None;0.1393690831743242;0.8775862743029021;10;20;128;128
139;0;0.0001;concept1;0.04798363667610474;None;0.04984611249083564;0.9520163633238953;10;20;128;128
139;1;0.0001;concept2;0.01534201843362313;None;0.0233075102494459;0.9846579815663768;10;20;128;128
139;2;0.0001;concept3;0.12215730487875553;None;0.13936207399635445;0.8778426951212445;10;20;128;128
140;0;0.0001;concept1;0.04749527310606735;None;0.04977267706272043;0.9525047268939326;10;20;128;128
140;1;0.0001;concept2;0.005945895564274379;None;0.01433684087257977;0.9940541044357256;10;20;128;128
140;2;0.0001;concept3;0.12179133206254353;None;0.13886890889659928;0.8782086679374564;10;20;128;128
141;0;0.0001;concept1;0.04716995998215059;None;0.04960647441996362;0.9528300400178494;10;20;128;128
141;1;0.0001;concept2;0.016006343945091574;None;0.023909045006881215;0.9839936560549084;10;20;128;128
141;2;0.0001;concept3;0.12190637591044681;None;0.1393246220951409;0.8780936240895532;10;20;128;128
142;0;0.0001;concept1;0.04740425236482648;None;0.049663632719812396;0.9525957476351735;10;20;128;128
142;1;0.0001;concept2;0.024560973118486623;None;0.030992380613233863;0.9754390268815134;10;20;128;128
142;2;0.0001;concept3;0.12190337493829591;None;0.13910040030904258;0.8780966250617042;10;20;128;128
143;0;0.0001;concept1;0.04740129806283967;None;0.0495926951128535;0.9525987019371603;10;20;128;128
143;1;0.0001;concept2;0.006672620569267198;None;0.014343212196419177;0.9933273794307328;10;20;128;128
143;2;0.0001;concept3;0.12173027340849706;None;0.13939279142229524;0.8782697265915029;10;20;128;128
144;0;0.0001;concept1;0.047723208037939654;None;0.04948232493843536;0.9522767919620604;10;20;128;128
144;1;0.0001;concept2;0.005599715650568614;None;0.013505234651197082;0.9944002843494314;10;20;128;128
144;2;0.0001;concept3;0.12193214973829002;None;0.13977407149082713;0.87806785026171;10;20;128;128
145;0;0.0001;concept1;0.04760941263260294;None;0.04961042203681602;0.952390587367397;10;20;128;128
145;1;0.0001;concept2;0.0060720931545776465;None;0.013768915592258756;0.9939279068454223;10;20;128;128
145;2;0.0001;concept3;0.12181906487822065;None;0.13983591875427798;0.8781809351217793;10;20;128;128
146;0;0.0001;concept1;0.047488396382652745;None;0.049432316109976344;0.9525116036173472;10;20;128;128
146;1;0.0001;concept2;0.005844909600457561;None;0.01421209625137706;0.9941550903995424;10;20;128;128
146;2;0.0001;concept3;0.12218312963017858;None;0.14042203103179968;0.8778168703698215;10;20;128;128
147;0;0.0001;concept1;0.04721907099063363;None;0.049411144637429204;0.9527809290093664;10;20;128;128
147;1;0.0001;concept2;0.006800693384192763;None;0.014448896946396065;0.9931993066158072;10;20;128;128
147;2;0.0001;concept3;0.12171457454652132;None;0.14015897240578337;0.8782854254534787;10;20;128;128
148;0;0.0001;concept1;0.047278696989349035;None;0.04936616732025665;0.9527213030106509;10;20;128;128
148;1;0.0001;concept2;0.0075743179830468615;None;0.015358215331785104;0.9924256820169531;10;20;128;128
148;2;0.0001;concept3;0.12182698931365246;None;0.14034061424791644;0.8781730106863476;10;20;128;128
149;0;0.0001;concept1;0.04760893243507908;None;0.04934082168393726;0.952391067564921;10;20;128;128
149;1;0.0001;concept2;0.012813469267277599;None;0.020966265451579525;0.9871865307327224;10;20;128;128
149;2;0.0001;concept3;0.12226905406441534;None;0.1412390971612924;0.8777309459355846;10;20;128;128
150;0;0.0001;concept1;0.02379574372100219;None;0.0390362246082674;0.9762042562789978;10;20;128;128
150;1;0.0001;concept2;0.002081924202146473;None;0.016512420601438114;0.9979180757978535;10;20;128;128
150;2;0.0001;concept3;0.2508950176051248;None;0.058094132093333785;0.7491049823948752;10;20;128;128
151;0;0.0001;concept1;0.023698157995786142;None;0.03898886538194002;0.9763018420042139;10;20;128;128
151;1;0.0001;concept2;0.00206973098936719;None;0.01645824057107313;0.9979302690106329;10;20;128;128
151;2;0.0001;concept3;0.2429361277803163;None;0.0569466798470506;0.7570638722196836;10;20;128;128
152;0;0.0001;concept1;0.023714881583269624;None;0.03897534850656252;0.9762851184167304;10;20;128;128
152;1;0.0001;concept2;0.0020580149532018048;None;0.016408279566440604;0.9979419850467982;10;20;128;128
152;2;0.0001;concept3;0.2363819749636161;None;0.05585749370001707;0.7636180250363839;10;20;128;128
153;0;0.0001;concept1;0.023690366442940113;None;0.03898119939071355;0.9763096335570599;10;20;128;128
153;1;0.0001;concept2;0.0020476347453656763;None;0.01636484817174437;0.9979523652546344;10;20;128;128
153;2;0.0001;concept3;0.24063603696989955;None;0.05628026711823756;0.7593639630301005;10;20;128;128
154;0;0.0001;concept1;0.02368935233659944;None;0.038982988495139835;0.9763106476634006;10;20;128;128
154;1;0.0001;concept2;0.0020376456727952564;None;0.01632204222090178;0.9979623543272047;10;20;128;128
154;2;0.0001;concept3;0.23123929210064204;None;0.05504694780446567;0.7687607078993579;10;20;128;128
155;0;0.0001;concept1;0.023794794072754435;None;0.03902972724854652;0.9762052059272456;10;20;128;128
155;1;0.0001;concept2;0.0020125641462825075;None;0.016187465196520225;0.9979874358537175;10;20;128;128
155;2;0.0001;concept3;0.23074645487155143;None;0.05480888997839156;0.7692535451284486;10;20;128;128
156;0;0.0001;concept1;0.023606781131114685;None;0.038912951050892805;0.9763932188688853;10;20;128;128
156;1;0.0001;concept2;0.0020025515065480726;None;0.016148172979347744;0.997997448493452;10;20;128;128
156;2;0.0001;concept3;0.2318663199854086;None;0.05460059876977965;0.7681336800145914;10;20;128;128
157;0;0.0001;concept1;0.02361651891467402;None;0.03890947845221933;0.976383481085326;10;20;128;128
157;1;0.0001;concept2;0.0019932634635921255;None;0.016106989844225893;0.9980067365364079;10;20;128;128
157;2;0.0001;concept3;0.23493227971532277;None;0.054517948976857175;0.7650677202846772;10;20;128;128
158;0;0.0001;concept1;0.0235700639491015;None;0.03888380320394283;0.9764299360508985;10;20;128;128
158;1;0.0001;concept2;0.001984485269756924;None;0.01606964132198402;0.9980155147302431;10;20;128;128
158;2;0.0001;concept3;0.23986661880183532;None;0.054613358301382774;0.7601333811981646;10;20;128;128
159;0;0.0001;concept1;0.02351028647632175;None;0.03884458953987346;0.9764897135236782;10;20;128;128
159;1;0.0001;concept2;0.0019761639098047927;None;0.0160327878337447;0.9980238360901952;10;20;128;128
159;2;0.0001;concept3;0.24688351139513814;None;0.05467445373814057;0.7531164886048618;10;20;128;128
160;0;0.0001;concept1;0.023523846752380295;None;0.038850963288289894;0.9764761532476197;10;20;128;128
160;1;0.0001;concept2;0.001968568556642708;None;0.016001113046785163;0.9980314314433573;10;20;128;128
160;2;0.0001;concept3;0.25672950852989246;None;0.05509016224123922;0.7432704914701076;10;20;128;128
161;0;0.0001;concept1;0.023504929813193038;None;0.0388363865883925;0.9764950701868069;10;20;128;128
161;1;0.0001;concept2;0.00196024506228892;None;0.015966022385104695;0.9980397549377111;10;20;128;128
161;2;0.0001;concept3;0.268776827444374;None;0.05585699365789514;0.731223172555626;10;20;128;128
162;0;0.0001;concept1;0.023532151200871196;None;0.03883585196346654;0.9764678487991288;10;20;128;128
162;1;0.0001;concept2;0.0019528768034271517;None;0.015934887450977486;0.9980471231965728;10;20;128;128
162;2;0.0001;concept3;0.2802394997214322;None;0.05653609456613811;0.7197605002785679;10;20;128;128
163;0;0.0001;concept1;0.023604508736013403;None;0.03886367098010489;0.9763954912639866;10;20;128;128
163;1;0.0001;concept2;0.0019440808670644907;None;0.015900313734885506;0.9980559191329355;10;20;128;128
163;2;0.0001;concept3;0.2971647700448443;None;0.05759041766520281;0.7028352299551557;10;20;128;128
164;0;0.0001;concept1;0.02370862583727785;None;0.03890736307423579;0.9762913741627222;10;20;128;128
164;1;0.0001;concept2;0.0019380232462394584;None;0.0158759778570614;0.9980619767537605;10;20;128;128
164;2;0.0001;concept3;0.31003632994531105;None;0.05831524755126218;0.689963670054689;10;20;128;128
165;0;0.0001;concept1;0.023578203227428214;None;0.038824695497583654;0.9764217967725718;10;20;128;128
165;1;0.0001;concept2;0.0019313114131427722;None;0.01584698843772379;0.9980686885868573;10;20;128;128
165;2;0.0001;concept3;0.3257754970589934;None;0.0595835581253814;0.6742245029410066;10;20;128;128
166;0;0.0001;concept1;0.023588546540828006;None;0.038838614968949275;0.976411453459172;10;20;128;128
166;1;0.0001;concept2;0.0019232169709092319;None;0.01581681206614059;0.9980767830290908;10;20;128;128
166;2;0.0001;concept3;0.3422600388458738;None;0.06139168005243958;0.6577399611541261;10;20;128;128
167;0;0.0001;concept1;0.023458674557015106;None;0.03875127347945796;0.9765413254429849;10;20;128;128
167;1;0.0001;concept2;0.0019163304321960408;None;0.015789953966355467;0.9980836695678039;10;20;128;128
167;2;0.0001;concept3;0.34674831867786565;None;0.06197010423273597;0.6532516813221343;10;20;128;128
168;0;0.0001;concept1;0.023547271056584336;None;0.038810054146960184;0.9764527289434156;10;20;128;128
168;1;0.0001;concept2;0.0019097456654008761;None;0.015762244607502002;0.9980902543345991;10;20;128;128
168;2;0.0001;concept3;0.3543571254777654;None;0.06278662413052571;0.6456428745222346;10;20;128;128
169;0;0.0001;concept1;0.023305970536266506;None;0.03872299715792629;0.9766940294637335;10;20;128;128
169;1;0.0001;concept2;0.0019027445028286405;None;0.015737071388484816;0.9980972554971713;10;20;128;128
169;2;0.0001;concept3;0.3614306936190365;None;0.06372787173465896;0.6385693063809635;10;20;128;128
170;0;0.0001;concept1;0.02333661347426703;None;0.038714063452541074;0.9766633865257329;10;20;128;128
170;1;0.0001;concept2;0.0018978116295007483;None;0.015710225193923597;0.9981021883704992;10;20;128;128
170;2;0.0001;concept3;0.38499550421023515;None;0.06606868448545364;0.6150044957897648;10;20;128;128
171;0;0.0001;concept1;0.02329431321668324;None;0.03867798047034325;0.9767056867833167;10;20;128;128
171;1;0.0001;concept2;0.001888225513886211;None;0.015678025577898453;0.9981117744861138;10;20;128;128
171;2;0.0001;concept3;0.40396483181401543;None;0.06787021686509045;0.5960351681859846;10;20;128;128
172;0;0.0001;concept1;0.02313802547789316;None;0.03860273953647902;0.9768619745221069;10;20;128;128
172;1;0.0001;concept2;0.001885725317807044;None;0.015656639059280095;0.9981142746821929;10;20;128;128
172;2;0.0001;concept3;0.30731222497912003;None;0.05866517057372192;0.69268777502088;10;20;128;128
173;0;0.0001;concept1;0.023190347127024502;None;0.03865769167019643;0.9768096528729755;10;20;128;128
173;1;0.0001;concept2;0.0018758032898854205;None;0.015629235296287534;0.9981241967101145;10;20;128;128
173;2;0.0001;concept3;0.31959804202796155;None;0.059855776698583135;0.6804019579720384;10;20;128;128
174;0;0.0001;concept1;0.023208146011008398;None;0.03867993363545003;0.9767918539889916;10;20;128;128
174;1;0.0001;concept2;0.001865582770622024;None;0.015583688313433838;0.998134417229378;10;20;128;128
174;2;0.0001;concept3;0.33222137946056796;None;0.06117849783927374;0.667778620539432;10;20;128;128
175;0;0.0001;concept1;0.023132301584794915;None;0.03866155857273557;0.976867698415205;10;20;128;128
175;1;0.0001;concept2;0.0018603784212625175;None;0.015561464318497392;0.9981396215787375;10;20;128;128
175;2;0.0001;concept3;0.3283110043820217;None;0.0607105717989541;0.6716889956179783;10;20;128;128
176;0;0.0001;concept1;0.023005298115532914;None;0.03857387139418697;0.9769947018844671;10;20;128;128
176;1;0.0001;concept2;0.0018542386111225096;None;0.01553404643138615;0.9981457613888775;10;20;128;128
176;2;0.0001;concept3;0.35806509048994667;None;0.06381865325807483;0.6419349095100533;10;20;128;128
177;0;0.0001;concept1;0.02291534121954584;None;0.03856155250527756;0.9770846587804541;10;20;128;128
177;1;0.0001;concept2;0.001848298819366688;None;0.015506627306814357;0.9981517011806333;10;20;128;128
177;2;0.0001;concept3;0.3758657181888416;None;0.06555911337541047;0.6241342818111584;10;20;128;128
178;0;0.0001;concept1;0.022819652191169826;None;0.03850608289689429;0.9771803478088301;10;20;128;128
178;1;0.0001;concept2;0.0018413894635106805;None;0.015477986268180545;0.9981586105364894;10;20;128;128
178;2;0.0001;concept3;0.371597621142759;None;0.06508324551168325;0.628402378857241;10;20;128;128
179;0;0.0001;concept1;0.023069435661023843;None;0.03860826007596436;0.9769305643389762;10;20;128;128
179;1;0.0001;concept2;0.0018356688517756675;None;0.01545203497095163;0.9981643311482243;10;20;128;128
179;2;0.0001;concept3;0.38652267502842763;None;0.06646351800684329;0.6134773249715724;10;20;128;128
180;0;0.0001;concept1;0.02300042381601566;None;0.038583741680181596;0.9769995761839844;10;20;128;128
180;1;0.0001;concept2;0.0018313043444967505;None;0.015431246913857473;0.9981686956555033;10;20;128;128
180;2;0.0001;concept3;0.4029529534686655;None;0.06808781359013613;0.5970470465313344;10;20;128;128
181;0;0.0001;concept1;0.022956636987486734;None;0.03854982893934749;0.9770433630125133;10;20;128;128
181;1;0.0001;concept2;0.0018278692683924348;None;0.015413604965084532;0.9981721307316076;10;20;128;128
181;2;0.0001;concept3;0.40736315383709515;None;0.06846388054961255;0.5926368461629048;10;20;128;128
182;0;0.0001;concept1;0.022874747413488068;None;0.03849669314128274;0.977125252586512;10;20;128;128
182;1;0.0001;concept2;0.0018239103261163754;None;0.015393395086540522;0.9981760896738836;10;20;128;128
182;2;0.0001;concept3;0.41918282092746595;None;0.06946701605653843;0.580817179072534;10;20;128;128
183;0;0.0001;concept1;0.02277857972216993;None;0.03843732772585155;0.9772214202778301;10;20;128;128
183;1;0.0001;concept2;0.0018181825188938302;None;0.0153659756206003;0.9981818174811061;10;20;128;128
183;2;0.0001;concept3;0.430899179588776;None;0.07056807196757547;0.569100820411224;10;20;128;128
184;0;0.0001;concept1;0.022849968709636206;None;0.03850661159516959;0.9771500312903638;10;20;128;128
184;1;0.0001;concept2;0.0018149179698396768;None;0.015348646720898928;0.9981850820301603;10;20;128;128
184;2;0.0001;concept3;0.44848444501771084;None;0.07205550045030473;0.5515155549822892;10;20;128;128
185;0;0.0001;concept1;0.022811599043353514;None;0.038478325229226784;0.9771884009566465;10;20;128;128
185;1;0.0001;concept2;0.001811025020276155;None;0.015328714730478464;0.9981889749797238;10;20;128;128
185;2;0.0001;concept3;0.4621081519492395;None;0.07314542903377691;0.5378918480507604;10;20;128;128
186;0;0.0001;concept1;0.022737919931015062;None;0.03843892283682764;0.977262080068985;10;20;128;128
186;1;0.0001;concept2;0.0018070899745508064;None;0.015308138833861907;0.9981929100254492;10;20;128;128
186;2;0.0001;concept3;0.4788002229852774;None;0.0744310336024128;0.5211997770147225;10;20;128;128
187;0;0.0001;concept1;0.02275876453512273;None;0.038415404016785955;0.9772412354648773;10;20;128;128
187;1;0.0001;concept2;0.0018022517979291918;None;0.015282195146304188;0.9981977482020709;10;20;128;128
187;2;0.0001;concept3;0.4936258700092884;None;0.07556241919463325;0.5063741299907116;10;20;128;128
188;0;0.0001;concept1;0.022835446691649577;None;0.03848075175283256;0.9771645533083504;10;20;128;128
188;1;0.0001;concept2;0.00179930762326127;None;0.015267306561476799;0.9982006923767387;10;20;128;128
188;2;0.0001;concept3;0.5192257321836438;None;0.07750883317730636;0.48077426781635624;10;20;128;128
189;0;0.0001;concept1;0.02264138437062742;None;0.03835781291509675;0.9773586156293725;10;20;128;128
189;1;0.0001;concept2;0.001795752476416495;None;0.015248975247612189;0.9982042475235835;10;20;128;128
189;2;0.0001;concept3;0.5357384084670216;None;0.07869577806108774;0.4642615915329784;10;20;128;128
190;0;0.0001;concept1;0.02276065380110343;None;0.03837997156527355;0.9772393461988965;10;20;128;128
190;1;0.0001;concept2;0.0017923772677358115;None;0.015231109261585114;0.9982076227322642;10;20;128;128
190;2;0.0001;concept3;0.5520277615656313;None;0.07986533494871026;0.4479722384343686;10;20;128;128
191;0;0.0001;concept1;0.022518944423503818;None;0.03825721121570946;0.9774810555764962;10;20;128;128
191;1;0.0001;concept2;0.0017894556910603599;None;0.015215162633764516;0.9982105443089396;10;20;128;128
191;2;0.0001;concept3;0.5717590616826342;None;0.08121636558333517;0.42824093831736565;10;20;128;128
192;0;0.0001;concept1;0.022669577905621116;None;0.038296059703290405;0.9773304220943789;10;20;128;128
192;1;0.0001;concept2;0.0017867027111164444;None;0.015200994734582002;0.9982132972888835;10;20;128;128
192;2;0.0001;concept3;0.5551702080497543;None;0.07994541170196144;0.44482979195024575;10;20;128;128
193;0;0.0001;concept1;0.02259198995489446;None;0.03825693370907716;0.9774080100451056;10;20;128;128
193;1;0.0001;concept2;0.001783868827372692;None;0.015185846780868246;0.9982161311726273;10;20;128;128
193;2;0.0001;concept3;0.5993924731608561;None;0.08305071938573282;0.4006075268391439;10;20;128;128
194;0;0.0001;concept1;0.02261867031744113;None;0.038247515830765313;0.9773813296825589;10;20;128;128
194;1;0.0001;concept2;0.001780443528630358;None;0.015167625117387241;0.9982195564713696;10;20;128;128
194;2;0.0001;concept3;0.6104050590314788;None;0.0837990931005415;0.3895949409685211;10;20;128;128
195;0;0.0001;concept1;0.022582590645515325;None;0.0382081288363376;0.9774174093544846;10;20;128;128
195;1;0.0001;concept2;0.001778232177032181;None;0.015155493111058089;0.9982217678229678;10;20;128;128
195;2;0.0001;concept3;0.5925184845057613;None;0.0824650805476717;0.4074815154942387;10;20;128;128
196;0;0.0001;concept1;0.02262166785132431;None;0.03820207711164774;0.9773783321486756;10;20;128;128
196;1;0.0001;concept2;0.001775732645889966;None;0.015141903717570465;0.9982242673541101;10;20;128;128
196;2;0.0001;concept3;0.6430626716266659;None;0.08585096552596991;0.35693732837333414;10;20;128;128
197;0;0.0001;concept1;0.022494671438895504;None;0.03814808709525815;0.9775053285611045;10;20;128;128
197;1;0.0001;concept2;0.0017726940798367882;None;0.015124496544933436;0.9982273059201632;10;20;128;128
197;2;0.0001;concept3;0.6569239516758665;None;0.08666351073618286;0.3430760483241335;10;20;128;128
198;0;0.0001;concept1;0.022359892233223565;None;0.038088600194101145;0.9776401077667765;10;20;128;128
198;1;0.0001;concept2;0.0017704706429106205;None;0.015112021946940068;0.9982295293570894;10;20;128;128
198;2;0.0001;concept3;0.6584907818454985;None;0.08671059155153421;0.3415092181545015;10;20;128;128
199;0;0.0001;concept1;0.022423637899247936;None;0.03806526938071986;0.977576362100752;10;20;128;128
199;1;0.0001;concept2;0.0017679184215696735;None;0.01509774216425549;0.9982320815784304;10;20;128;128
199;2;0.0001;concept3;0.6495799780825073;None;0.08598981237819218;0.35042002191749266;10;20;128;128
