0;0;0.0001;concept1;0.08870919859535165;None;0.10996630359120649;0.9112908014046484;10;20;128;128
0;1;0.0001;concept2;0.7875769440732631;None;0.19283067550931748;0.21242305592673694;10;20;128;128
0;2;0.0001;concept3;0.3173473084876511;None;0.08346026583039706;0.682652691512349;10;20;128;128
1;0;0.0001;concept1;0.07604897640846843;None;0.10062845365310201;0.9239510235915316;10;20;128;128
1;1;0.0001;concept2;0.399787015545646;None;0.12954155847093657;0.600212984454354;10;20;128;128
1;2;0.0001;concept3;0.15284086937008148;None;0.058660135441053717;0.8471591306299185;10;20;128;128
2;0;0.0001;concept1;0.04776666874806774;None;0.07680948808430722;0.9522333312519322;10;20;128;128
2;1;0.0001;concept2;0.043150001818234744;None;0.042433197537473884;0.9568499981817653;10;20;128;128
2;2;0.0001;concept3;0.07352555572553882;None;0.042948098858442585;0.9264744442744612;10;20;128;128
3;0;0.0001;concept1;0.03464420812399238;None;0.06134583717388767;0.9653557918760076;10;20;128;128
3;1;0.0001;concept2;0.027091654101290278;None;0.03347271216412393;0.9729083458987097;10;20;128;128
3;2;0.0001;concept3;0.053011125768681916;None;0.03695201961759705;0.9469888742313181;10;20;128;128
4;0;0.0001;concept1;0.028735340842133462;None;0.05116256998531649;0.9712646591578665;10;20;128;128
4;1;0.0001;concept2;0.01547732188070289;None;0.024758224226708286;0.9845226781192971;10;20;128;128
4;2;0.0001;concept3;0.029649705183827167;None;0.026510253394751264;0.9703502948161729;10;20;128;128
5;0;0.0001;concept1;0.02654175094440001;None;0.04636492265180953;0.9734582490556;10;20;128;128
5;1;0.0001;concept2;0.012179572513547409;None;0.022248810365788;0.9878204274864526;10;20;128;128
5;2;0.0001;concept3;0.021659831950010335;None;0.02338549585139818;0.9783401680499897;10;20;128;128
6;0;0.0001;concept1;0.025646993237796654;None;0.04479951659165169;0.9743530067622034;10;20;128;128
6;1;0.0001;concept2;0.015114962686490483;None;0.025090716211672692;0.9848850373135095;10;20;128;128
6;2;0.0001;concept3;0.02581795625288016;None;0.025751380455821555;0.9741820437471198;10;20;128;128
7;0;0.0001;concept1;0.025032998933427524;None;0.043934944828815506;0.9749670010665725;10;20;128;128
7;1;0.0001;concept2;0.018079375293871457;None;0.02760359105763634;0.9819206247061285;10;20;128;128
7;2;0.0001;concept3;0.031319230264490905;None;0.028364183568633412;0.9686807697355091;10;20;128;128
8;0;0.0001;concept1;0.024544570181117227;None;0.04328082400691209;0.9754554298188828;10;20;128;128
8;1;0.0001;concept2;0.01937599235898163;None;0.028682727766984457;0.9806240076410183;10;20;128;128
8;2;0.0001;concept3;0.03480326221370316;None;0.029765236127632048;0.9651967377862969;10;20;128;128
9;0;0.0001;concept1;0.024136416483539855;None;0.042817629498413855;0.9758635835164602;10;20;128;128
9;1;0.0001;concept2;0.019422415091335434;None;0.028700355248253626;0.9805775849086645;10;20;128;128
9;2;0.0001;concept3;0.03603279315506197;None;0.03028678364685665;0.9639672068449381;10;20;128;128
10;0;0.0001;concept1;0.024030887368363747;None;0.0425876264644284;0.9759691126316362;10;20;128;128
10;1;0.0001;concept2;0.019289654788980735;None;0.02845911091133327;0.9807103452110193;10;20;128;128
10;2;0.0001;concept3;0.03593916793395638;None;0.030265938985065327;0.9640608320660436;10;20;128;128
11;0;0.0001;concept1;0.023849160051212598;None;0.042400393724830746;0.9761508399487874;10;20;128;128
11;1;0.0001;concept2;0.019145537723650158;None;0.028206001294346403;0.9808544622763499;10;20;128;128
11;2;0.0001;concept3;0.03534230553335047;None;0.030014889857957645;0.9646576944666495;10;20;128;128
12;0;0.0001;concept1;0.023800966210221413;None;0.04245795382780575;0.9761990337897786;10;20;128;128
12;1;0.0001;concept2;0.01859834575380344;None;0.027686192581727918;0.9814016542461965;10;20;128;128
12;2;0.0001;concept3;0.03454902874075295;None;0.02968590866958289;0.9654509712592471;10;20;128;128
13;0;0.0001;concept1;0.023728788346908242;None;0.042421449973369996;0.9762712116530917;10;20;128;128
13;1;0.0001;concept2;0.018178211823108553;None;0.027276789747008177;0.9818217881768915;10;20;128;128
13;2;0.0001;concept3;0.03344799763612073;None;0.029200683176613798;0.9665520023638793;10;20;128;128
14;0;0.0001;concept1;0.023527134006236926;None;0.042356640012672704;0.976472865993763;10;20;128;128
14;1;0.0001;concept2;0.01773997324125842;None;0.02685339567858408;0.9822600267587416;10;20;128;128
14;2;0.0001;concept3;0.03262396034795022;None;0.028851819868619327;0.9673760396520498;10;20;128;128
15;0;0.0001;concept1;0.02343489514941104;None;0.04225640712319356;0.976565104850589;10;20;128;128
15;1;0.0001;concept2;0.01695547445876588;None;0.026212816891150084;0.9830445255412341;10;20;128;128
15;2;0.0001;concept3;0.032400082463138934;None;0.028722721846552626;0.967599917536861;10;20;128;128
16;0;0.0001;concept1;0.023349293783448077;None;0.0422009297108581;0.9766507062165519;10;20;128;128
16;1;0.0001;concept2;0.015882139084985595;None;0.02524297581123736;0.9841178609150144;10;20;128;128
16;2;0.0001;concept3;0.031977210589612975;None;0.028498011622037047;0.968022789410387;10;20;128;128
17;0;0.0001;concept1;0.023375904857296334;None;0.0422958528230466;0.9766240951427037;10;20;128;128
17;1;0.0001;concept2;0.015467671000021698;None;0.024959479813935783;0.9845323289999783;10;20;128;128
17;2;0.0001;concept3;0.0313261175259339;None;0.028175262251677796;0.968673882474066;10;20;128;128
18;0;0.0001;concept1;0.023418187705740157;None;0.0424772487709926;0.9765818122942599;10;20;128;128
18;1;0.0001;concept2;0.01539021430667362;None;0.024815760827318865;0.9846097856933264;10;20;128;128
18;2;0.0001;concept3;0.030649363547681874;None;0.02780827158658418;0.9693506364523181;10;20;128;128
19;0;0.0001;concept1;0.02343063268648496;None;0.042546122783670405;0.9765693673135151;10;20;128;128
19;1;0.0001;concept2;0.015402031286045849;None;0.025072971007623082;0.9845979687139541;10;20;128;128
19;2;0.0001;concept3;0.030218201497434444;None;0.027550602935633932;0.9697817985025655;10;20;128;128
20;0;0.0001;concept1;0.023307396887735244;None;0.042531893673063224;0.9766926031122648;10;20;128;128
20;1;0.0001;concept2;0.015510356525977913;None;0.025340544127633462;0.9844896434740221;10;20;128;128
20;2;0.0001;concept3;0.029625330799031808;None;0.027258504291055172;0.9703746692009682;10;20;128;128
21;0;0.0001;concept1;0.02327924581695403;None;0.04247056267931175;0.9767207541830459;10;20;128;128
21;1;0.0001;concept2;0.015547677476875552;None;0.02547276269353168;0.9844523225231244;10;20;128;128
21;2;0.0001;concept3;0.029032194123660118;None;0.026967845127926587;0.9709678058763399;10;20;128;128
22;0;0.0001;concept1;0.023175900335750427;None;0.042344240007931785;0.9768240996642495;10;20;128;128
22;1;0.0001;concept2;0.015828419138223672;None;0.02590323905532507;0.9841715808617764;10;20;128;128
22;2;0.0001;concept3;0.02837453124819808;None;0.026639605893008518;0.9716254687518019;10;20;128;128
23;0;0.0001;concept1;0.023164695987512664;None;0.04238803088552916;0.9768353040124873;10;20;128;128
23;1;0.0001;concept2;0.0158123573565623;None;0.02589603124078744;0.9841876426434377;10;20;128;128
23;2;0.0001;concept3;0.027835085404800314;None;0.02637771048009283;0.9721649145951997;10;20;128;128
24;0;0.0001;concept1;0.02305398211060128;None;0.04222124393482474;0.9769460178893987;10;20;128;128
24;1;0.0001;concept2;0.01580723239605112;None;0.025857788251623593;0.9841927676039489;10;20;128;128
24;2;0.0001;concept3;0.027206383460810748;None;0.026052932721969332;0.9727936165391893;10;20;128;128
25;0;0.0001;concept1;0.022880515728151658;None;0.042077661047391295;0.9771194842718484;10;20;128;128
25;1;0.0001;concept2;0.01595018465773369;None;0.02597243719950182;0.9840498153422663;10;20;128;128
25;2;0.0001;concept3;0.026483570998427207;None;0.025696330802451952;0.9735164290015728;10;20;128;128
26;0;0.0001;concept1;0.022749660128767585;None;0.041943987948849626;0.9772503398712324;10;20;128;128
26;1;0.0001;concept2;0.015349099283702419;None;0.02514608680412625;0.9846509007162976;10;20;128;128
26;2;0.0001;concept3;0.02581053763335314;None;0.025330873860634408;0.9741894623666468;10;20;128;128
27;0;0.0001;concept1;0.02270784288724125;None;0.041794850688850256;0.9772921571127587;10;20;128;128
27;1;0.0001;concept2;0.014941045156161707;None;0.02402474642407166;0.9850589548438383;10;20;128;128
27;2;0.0001;concept3;0.025506878567925842;None;0.025126589383442487;0.9744931214320741;10;20;128;128
28;0;0.0001;concept1;0.022651611238745286;None;0.041692832132986635;0.9773483887612547;10;20;128;128
28;1;0.0001;concept2;0.015402397229346556;None;0.023954933477612156;0.9845976027706534;10;20;128;128
28;2;0.0001;concept3;0.025258898108041782;None;0.024970943950907654;0.9747411018919582;10;20;128;128
29;0;0.0001;concept1;0.022535627982013105;None;0.04148221620503512;0.9774643720179869;10;20;128;128
29;1;0.0001;concept2;0.015261018434735252;None;0.02393038674582898;0.9847389815652647;10;20;128;128
29;2;0.0001;concept3;0.024928524278385177;None;0.024791395195742732;0.9750714757216148;10;20;128;128
30;0;0.0001;concept1;0.02248678000740785;None;0.041376471901054236;0.9775132199925921;10;20;128;128
30;1;0.0001;concept2;0.01517225123441271;None;0.023948465686688788;0.9848277487655873;10;20;128;128
30;2;0.0001;concept3;0.024532824140382672;None;0.024560878935357643;0.9754671758596173;10;20;128;128
31;0;0.0001;concept1;0.022449200186242337;None;0.04131959635049736;0.9775507998137577;10;20;128;128
31;1;0.0001;concept2;0.015152958628448926;None;0.023977010584879464;0.9848470413715511;10;20;128;128
31;2;0.0001;concept3;0.02413999701867856;None;0.02431774065035721;0.9758600029813215;10;20;128;128
32;0;0.0001;concept1;0.02244884545204264;None;0.041286645126407076;0.9775511545479574;10;20;128;128
32;1;0.0001;concept2;0.015144537805863703;None;0.023984849708506752;0.9848554621941363;10;20;128;128
32;2;0.0001;concept3;0.0237992448136806;None;0.024120415890896283;0.9762007551863194;10;20;128;128
33;0;0.0001;concept1;0.02240711803291796;None;0.041247777043110175;0.977592881967082;10;20;128;128
33;1;0.0001;concept2;0.015207528518491156;None;0.024050203860273275;0.9847924714815088;10;20;128;128
33;2;0.0001;concept3;0.023550865817370214;None;0.023981474556166754;0.9764491341826298;10;20;128;128
34;0;0.0001;concept1;0.02233764610547924;None;0.04112540345598144;0.9776623538945207;10;20;128;128
34;1;0.0001;concept2;0.015301061681261113;None;0.024115721933364403;0.9846989383187389;10;20;128;128
34;2;0.0001;concept3;0.0232393069329611;None;0.02381068543158239;0.9767606930670389;10;20;128;128
35;0;0.0001;concept1;0.022252105888457586;None;0.04101725936329284;0.9777478941115424;10;20;128;128
35;1;0.0001;concept2;0.01539487680633387;None;0.024189605748773838;0.9846051231936661;10;20;128;128
35;2;0.0001;concept3;0.02299730458477998;None;0.023682554606129346;0.97700269541522;10;20;128;128
36;0;0.0001;concept1;0.022263426887384828;None;0.04099851170735281;0.9777365731126152;10;20;128;128
36;1;0.0001;concept2;0.015502453883150039;None;0.024277858566000305;0.9844975461168499;10;20;128;128
36;2;0.0001;concept3;0.022625899690070284;None;0.023482645425021802;0.9773741003099298;10;20;128;128
37;0;0.0001;concept1;0.02218939016525696;None;0.040872339061313025;0.977810609834743;10;20;128;128
37;1;0.0001;concept2;0.015601833054434045;None;0.02429502835948911;0.9843981669455659;10;20;128;128
37;2;0.0001;concept3;0.022179185341175384;None;0.023225904738290355;0.9778208146588246;10;20;128;128
38;0;0.0001;concept1;0.022165035033987597;None;0.04084697646461233;0.9778349649660124;10;20;128;128
38;1;0.0001;concept2;0.015603041963800916;None;0.02427623772433581;0.9843969580361991;10;20;128;128
38;2;0.0001;concept3;0.021702229055771984;None;0.022939227434497243;0.978297770944228;10;20;128;128
39;0;0.0001;concept1;0.02207301118164209;None;0.04074276562664356;0.9779269888183579;10;20;128;128
39;1;0.0001;concept2;0.015571543917914656;None;0.024190038647412232;0.9844284560820853;10;20;128;128
39;2;0.0001;concept3;0.021260793319077476;None;0.022649665857273182;0.9787392066809225;10;20;128;128
40;0;0.0001;concept1;0.02198183422062225;None;0.04066004097436498;0.9780181657793777;10;20;128;128
40;1;0.0001;concept2;0.01554275501327821;None;0.024152387346793244;0.9844572449867218;10;20;128;128
40;2;0.0001;concept3;0.02098668331272579;None;0.022431843520771027;0.9790133166872742;10;20;128;128
41;0;0.0001;concept1;0.02190636982402983;None;0.04056363678871252;0.9780936301759702;10;20;128;128
41;1;0.0001;concept2;0.015577852684021629;None;0.024152868821629318;0.9844221473159783;10;20;128;128
41;2;0.0001;concept3;0.020770045502503026;None;0.022270217429261562;0.979229954497497;10;20;128;128
42;0;0.0001;concept1;0.021934545252541376;None;0.04053649780787928;0.9780654547474587;10;20;128;128
42;1;0.0001;concept2;0.015589956266302609;None;0.024143605935934065;0.9844100437336973;10;20;128;128
42;2;0.0001;concept3;0.020533468363985577;None;0.022098663106057476;0.9794665316360144;10;20;128;128
43;0;0.0001;concept1;0.021915110494094826;None;0.040550475309477065;0.9780848895059052;10;20;128;128
43;1;0.0001;concept2;0.015473804527800178;None;0.024073946032508328;0.9845261954721998;10;20;128;128
43;2;0.0001;concept3;0.02030985656487826;None;0.02195559712734205;0.9796901434351217;10;20;128;128
44;0;0.0001;concept1;0.02203089390975771;None;0.0408534995164135;0.9779691060902422;10;20;128;128
44;1;0.0001;concept2;0.015428808767349853;None;0.02404184837290081;0.9845711912326501;10;20;128;128
44;2;0.0001;concept3;0.02007947114090312;None;0.021801169827901673;0.9799205288590969;10;20;128;128
45;0;0.0001;concept1;0.022044466861014248;None;0.04082438793083523;0.9779555331389858;10;20;128;128
45;1;0.0001;concept2;0.015224828691676462;None;0.023835332353526292;0.9847751713083236;10;20;128;128
45;2;0.0001;concept3;0.019868048356724722;None;0.02166772018766933;0.9801319516432753;10;20;128;128
46;0;0.0001;concept1;0.02192880860426576;None;0.04066195140272482;0.9780711913957343;10;20;128;128
46;1;0.0001;concept2;0.015360059234329928;None;0.023986983807712005;0.9846399407656701;10;20;128;128
46;2;0.0001;concept3;0.019684173308457512;None;0.021552534210215572;0.9803158266915425;10;20;128;128
47;0;0.0001;concept1;0.021981057992287778;None;0.040758901890669705;0.9780189420077122;10;20;128;128
47;1;0.0001;concept2;0.015302952525679394;None;0.024077691636353777;0.9846970474743206;10;20;128;128
47;2;0.0001;concept3;0.019475637177972276;None;0.021429536312424193;0.9805243628220277;10;20;128;128
48;0;0.0001;concept1;0.02188102417452723;None;0.04055790286234182;0.9781189758254728;10;20;128;128
48;1;0.0001;concept2;0.015303815312287625;None;0.024160624138230623;0.9846961846877124;10;20;128;128
48;2;0.0001;concept3;0.019275252363265664;None;0.02131602251533998;0.9807247476367343;10;20;128;128
49;0;0.0001;concept1;0.02186489200718493;None;0.040532815787443784;0.9781351079928151;10;20;128;128
49;1;0.0001;concept2;0.01524859118826008;None;0.024144386132424138;0.98475140881174;10;20;128;128
49;2;0.0001;concept3;0.019027116033098857;None;0.02116520558538212;0.9809728839669012;10;20;128;128
50;0;0.0001;concept1;0.021974386218123615;None;0.03104123602684512;0.9780256137818764;10;20;128;128
50;1;0.0001;concept2;0.003836100039823949;None;0.02651151131830303;0.9961638999601761;10;20;128;128
50;2;0.0001;concept3;0.005970442593719504;None;0.03987037903238305;0.9940295574062805;10;20;128;128
51;0;0.0001;concept1;0.01740791816104125;None;0.027592806421478773;0.9825920818389587;10;20;128;128
51;1;0.0001;concept2;0.0035938457578713334;None;0.0255957904319377;0.9964061542421286;10;20;128;128
51;2;0.0001;concept3;0.005677499933677286;None;0.03830416107289456;0.9943225000663227;10;20;128;128
52;0;0.0001;concept1;0.01705939375924276;None;0.027460217855808957;0.9829406062407572;10;20;128;128
52;1;0.0001;concept2;0.0034457034267530028;None;0.02515893880653911;0.996554296573247;10;20;128;128
52;2;0.0001;concept3;0.00527000087847842;None;0.03764401755184693;0.9947299991215216;10;20;128;128
53;0;0.0001;concept1;0.016889527145123994;None;0.027406744142530717;0.983110472854876;10;20;128;128
53;1;0.0001;concept2;0.0033823336735487337;None;0.025007253472209365;0.9966176663264512;10;20;128;128
53;2;0.0001;concept3;0.005151897990880103;None;0.037041694971371456;0.9948481020091199;10;20;128;128
54;0;0.0001;concept1;0.016674770999307403;None;0.02731584600631633;0.9833252290006926;10;20;128;128
54;1;0.0001;concept2;0.0033100242157952384;None;0.024771964378346802;0.9966899757842047;10;20;128;128
54;2;0.0001;concept3;0.005066722802811887;None;0.036655522050099296;0.9949332771971882;10;20;128;128
55;0;0.0001;concept1;0.016579362334521595;None;0.027403486456056374;0.9834206376654784;10;20;128;128
55;1;0.0001;concept2;0.0032507731664940874;None;0.024548851848993324;0.9967492268335059;10;20;128;128
55;2;0.0001;concept3;0.005003206778272771;None;0.036373772625731125;0.9949967932217272;10;20;128;128
56;0;0.0001;concept1;0.016458320224276592;None;0.027469661681033646;0.9835416797757234;10;20;128;128
56;1;0.0001;concept2;0.003207880498600657;None;0.024356868919080354;0.9967921195013993;10;20;128;128
56;2;0.0001;concept3;0.004935692740674854;None;0.03602784743370212;0.9950643072593252;10;20;128;128
57;0;0.0001;concept1;0.016237577969597856;None;0.02737974966922315;0.9837624220304021;10;20;128;128
57;1;0.0001;concept2;0.003156305131573312;None;0.024208537766497194;0.9968436948684267;10;20;128;128
57;2;0.0001;concept3;0.004891508654319871;None;0.03578792447689942;0.9951084913456801;10;20;128;128
58;0;0.0001;concept1;0.016085549635618073;None;0.027274470380902836;0.983914450364382;10;20;128;128
58;1;0.0001;concept2;0.003081883529884149;None;0.02392956448102929;0.9969181164701159;10;20;128;128
58;2;0.0001;concept3;0.004859761600373805;None;0.03563802339306981;0.9951402383996262;10;20;128;128
59;0;0.0001;concept1;0.016001844932992622;None;0.02727667297896105;0.9839981550670074;10;20;128;128
59;1;0.0001;concept2;0.0030462778479683067;None;0.023764842805914354;0.9969537221520317;10;20;128;128
59;2;0.0001;concept3;0.004841266660739906;None;0.03554046658093107;0.9951587333392601;10;20;128;128
60;0;0.0001;concept1;0.01588922607023983;None;0.027256001362808504;0.9841107739297602;10;20;128;128
60;1;0.0001;concept2;0.003002048647475903;None;0.023569995933638576;0.9969979513525241;10;20;128;128
60;2;0.0001;concept3;0.004768696267594511;None;0.03525250513355003;0.9952313037324055;10;20;128;128
61;0;0.0001;concept1;0.015872321666877375;None;0.027242873978680027;0.9841276783331226;10;20;128;128
61;1;0.0001;concept2;0.0029583574597327037;None;0.02337687544583482;0.9970416425402673;10;20;128;128
61;2;0.0001;concept3;0.004631585785778175;None;0.03455643175349821;0.9953684142142218;10;20;128;128
62;0;0.0001;concept1;0.015830078596440266;None;0.02722529272545188;0.9841699214035597;10;20;128;128
62;1;0.0001;concept2;0.0029214545139925503;None;0.023201136887257376;0.9970785454860075;10;20;128;128
62;2;0.0001;concept3;0.004625598745910867;None;0.03448688221675575;0.9953744012540892;10;20;128;128
63;0;0.0001;concept1;0.015521447837775865;None;0.027145748424704585;0.9844785521622241;10;20;128;128
63;1;0.0001;concept2;0.002873480974249096;None;0.02300851063264093;0.9971265190257509;10;20;128;128
63;2;0.0001;concept3;0.004570842329068375;None;0.03427707890193474;0.9954291576709317;10;20;128;128
64;0;0.0001;concept1;0.015565620764601103;None;0.027165427425284445;0.9844343792353989;10;20;128;128
64;1;0.0001;concept2;0.0028308403214328147;None;0.022859193167821278;0.9971691596785672;10;20;128;128
64;2;0.0001;concept3;0.0045484349967647685;None;0.03423303547144292;0.9954515650032353;10;20;128;128
65;0;0.0001;concept1;0.015441875795907079;None;0.027076165059684132;0.9845581242040929;10;20;128;128
65;1;0.0001;concept2;0.0028184920861453644;None;0.02281025426286726;0.9971815079138546;10;20;128;128
65;2;0.0001;concept3;0.00452106761930834;None;0.034071845886439675;0.9954789323806916;10;20;128;128
66;0;0.0001;concept1;0.015529792870294679;None;0.02716949172231146;0.9844702071297053;10;20;128;128
66;1;0.0001;concept2;0.0027844405566405665;None;0.022686134034738657;0.9972155594433594;10;20;128;128
66;2;0.0001;concept3;0.004484193669160599;None;0.033884356213870516;0.9955158063308394;10;20;128;128
67;0;0.0001;concept1;0.015504711486386422;None;0.027200152502246965;0.9844952885136136;10;20;128;128
67;1;0.0001;concept2;0.0027448786179432964;None;0.022519496709745648;0.9972551213820567;10;20;128;128
67;2;0.0001;concept3;0.004480378413898087;None;0.03386243279642908;0.995519621586102;10;20;128;128
68;0;0.0001;concept1;0.015491199744443433;None;0.027263147942617312;0.9845088002555565;10;20;128;128
68;1;0.0001;concept2;0.0027065090280435442;None;0.02236550699794781;0.9972934909719564;10;20;128;128
68;2;0.0001;concept3;0.004473354033777574;None;0.033819276077963506;0.9955266459662224;10;20;128;128
69;0;0.0001;concept1;0.015450669064011801;None;0.027287065300003657;0.9845493309359882;10;20;128;128
69;1;0.0001;concept2;0.002675267863953632;None;0.022212536956080154;0.9973247321360463;10;20;128;128
69;2;0.0001;concept3;0.004486825831056848;None;0.03386754046250426;0.9955131741689431;10;20;128;128
70;0;0.0001;concept1;0.015525803304591697;None;0.027377993955101935;0.9844741966954083;10;20;128;128
70;1;0.0001;concept2;0.0026694048744534773;None;0.02216396063030955;0.9973305951255466;10;20;128;128
70;2;0.0001;concept3;0.004519220565930453;None;0.03402431814621457;0.9954807794340695;10;20;128;128
71;0;0.0001;concept1;0.015590201962616793;None;0.02743785535096171;0.9844097980373832;10;20;128;128
71;1;0.0001;concept2;0.0026664417304405833;None;0.022096426898436734;0.9973335582695594;10;20;128;128
71;2;0.0001;concept3;0.004532118322327447;None;0.03405306072494777;0.9954678816776725;10;20;128;128
72;0;0.0001;concept1;0.01555403239672462;None;0.027432182234120188;0.9844459676032754;10;20;128;128
72;1;0.0001;concept2;0.0026614332962554077;None;0.022044716789124796;0.9973385667037445;10;20;128;128
72;2;0.0001;concept3;0.004563660922547711;None;0.03412005297461652;0.9954363390774523;10;20;128;128
73;0;0.0001;concept1;0.015588013700320506;None;0.02748144375327617;0.9844119862996795;10;20;128;128
73;1;0.0001;concept2;0.002665004470555318;None;0.022041048527749917;0.9973349955294447;10;20;128;128
73;2;0.0001;concept3;0.004600946462644813;None;0.034240334256127096;0.9953990535373551;10;20;128;128
74;0;0.0001;concept1;0.015561015911980808;None;0.0274929223413223;0.9844389840880192;10;20;128;128
74;1;0.0001;concept2;0.002673493072778605;None;0.02206827678649789;0.9973265069272214;10;20;128;128
74;2;0.0001;concept3;0.004744194279553879;None;0.03503336583338083;0.9952558057204461;10;20;128;128
75;0;0.0001;concept1;0.015568827481019789;None;0.027486226652683656;0.9844311725189803;10;20;128;128
75;1;0.0001;concept2;0.002674777216519701;None;0.022075471694320378;0.9973252227834803;10;20;128;128
75;2;0.0001;concept3;0.004777607160750413;None;0.03516448035378623;0.9952223928392496;10;20;128;128
76;0;0.0001;concept1;0.015708358823119085;None;0.027569525939697498;0.984291641176881;10;20;128;128
76;1;0.0001;concept2;0.0026625546837045592;None;0.022035602386995243;0.9973374453162954;10;20;128;128
76;2;0.0001;concept3;0.004809468257383444;None;0.0353459835722192;0.9951905317426165;10;20;128;128
77;0;0.0001;concept1;0.015770724806350927;None;0.02761151162715051;0.9842292751936491;10;20;128;128
77;1;0.0001;concept2;0.002650229352438256;None;0.021988655179284618;0.9973497706475617;10;20;128;128
77;2;0.0001;concept3;0.004782296394126714;None;0.035258491719752316;0.9952177036058732;10;20;128;128
78;0;0.0001;concept1;0.0158589545884954;None;0.027664710074486044;0.9841410454115046;10;20;128;128
78;1;0.0001;concept2;0.002639017590535019;None;0.021945913949851424;0.997360982409465;10;20;128;128
78;2;0.0001;concept3;0.004771709600827764;None;0.035193140990591884;0.9952282903991723;10;20;128;128
79;0;0.0001;concept1;0.01588429213996429;None;0.02765152203292406;0.9841157078600357;10;20;128;128
79;1;0.0001;concept2;0.0026290238173051045;None;0.02190960510265303;0.9973709761826949;10;20;128;128
79;2;0.0001;concept3;0.004777054251471328;None;0.03517119857595178;0.9952229457485287;10;20;128;128
80;0;0.0001;concept1;0.01587598351947156;None;0.02765004805140826;0.9841240164805285;10;20;128;128
80;1;0.0001;concept2;0.0026115023729211466;None;0.021841781403347662;0.9973884976270788;10;20;128;128
80;2;0.0001;concept3;0.004787794412181416;None;0.035171754513224636;0.9952122055878185;10;20;128;128
81;0;0.0001;concept1;0.01603427086325327;None;0.027760510972254897;0.9839657291367467;10;20;128;128
81;1;0.0001;concept2;0.002596987656992103;None;0.021782288683871966;0.9974030123430079;10;20;128;128
81;2;0.0001;concept3;0.004785861729464603;None;0.03513488838693477;0.9952141382705354;10;20;128;128
82;0;0.0001;concept1;0.016081062839320696;None;0.02781175937132489;0.9839189371606794;10;20;128;128
82;1;0.0001;concept2;0.002583272593641849;None;0.021719698691137636;0.9974167274063581;10;20;128;128
82;2;0.0001;concept3;0.004805119391851121;None;0.03522090048969102;0.9951948806081489;10;20;128;128
83;0;0.0001;concept1;0.01616663506245993;None;0.02789121730580692;0.98383336493754;10;20;128;128
83;1;0.0001;concept2;0.0025667891459581972;None;0.02164354668502071;0.9974332108540418;10;20;128;128
83;2;0.0001;concept3;0.004817992752324258;None;0.035232038252664695;0.9951820072476757;10;20;128;128
84;0;0.0001;concept1;0.016185011091310597;None;0.027919556362679933;0.9838149889086893;10;20;128;128
84;1;0.0001;concept2;0.0025499316564335053;None;0.021574054078994567;0.9974500683435665;10;20;128;128
84;2;0.0001;concept3;0.004817702530175541;None;0.035206467210534956;0.9951822974698245;10;20;128;128
85;0;0.0001;concept1;0.01617874113990239;None;0.02791283470152418;0.9838212588600976;10;20;128;128
85;1;0.0001;concept2;0.002538001483875756;None;0.0215269424885318;0.9974619985161243;10;20;128;128
85;2;0.0001;concept3;0.004820148534417074;None;0.0352230554628279;0.995179851465583;10;20;128;128
86;0;0.0001;concept1;0.016225358850350396;None;0.027936490000761285;0.9837746411496496;10;20;128;128
86;1;0.0001;concept2;0.0025252610389174053;None;0.021476826126960745;0.9974747389610826;10;20;128;128
86;2;0.0001;concept3;0.004830233191747028;None;0.03522664396254493;0.995169766808253;10;20;128;128
87;0;0.0001;concept1;0.016236111018571697;None;0.02793063030839835;0.9837638889814283;10;20;128;128
87;1;0.0001;concept2;0.0025109684799299206;None;0.021413386617622782;0.9974890315200701;10;20;128;128
87;2;0.0001;concept3;0.004808983181534497;None;0.03509706197764926;0.9951910168184656;10;20;128;128
88;0;0.0001;concept1;0.016228771820926042;None;0.027961131898839874;0.9837712281790739;10;20;128;128
88;1;0.0001;concept2;0.002504620064598852;None;0.02138102323163942;0.9974953799354012;10;20;128;128
88;2;0.0001;concept3;0.004786073898254957;None;0.03500064329073076;0.9952139261017451;10;20;128;128
89;0;0.0001;concept1;0.016377337436316895;None;0.02804876721602785;0.9836226625636831;10;20;128;128
89;1;0.0001;concept2;0.002497657184532929;None;0.021346660011431057;0.9975023428154671;10;20;128;128
89;2;0.0001;concept3;0.004762798559133543;None;0.03489167499341456;0.9952372014408665;10;20;128;128
90;0;0.0001;concept1;0.016385493740073576;None;0.028068897661615133;0.9836145062599264;10;20;128;128
90;1;0.0001;concept2;0.0024887182025476228;None;0.021305497670902764;0.9975112817974524;10;20;128;128
90;2;0.0001;concept3;0.00476387950296492;None;0.03492420738121716;0.995236120497035;10;20;128;128
91;0;0.0001;concept1;0.016441730627466556;None;0.028123018627350272;0.9835582693725334;10;20;128;128
91;1;0.0001;concept2;0.0024766806916948804;None;0.021247300288142895;0.9975233193083051;10;20;128;128
91;2;0.0001;concept3;0.004770454060450965;None;0.03497304220998249;0.995229545939549;10;20;128;128
92;0;0.0001;concept1;0.01651796573626037;None;0.0281677004259752;0.9834820342637396;10;20;128;128
92;1;0.0001;concept2;0.002466373374450406;None;0.02120191761365754;0.9975336266255496;10;20;128;128
92;2;0.0001;concept3;0.0047747800846389;None;0.03502783781110954;0.9952252199153611;10;20;128;128
93;0;0.0001;concept1;0.016703196083044883;None;0.0282868473876994;0.9832968039169551;10;20;128;128
93;1;0.0001;concept2;0.002453031094496452;None;0.02113782149314371;0.9975469689055035;10;20;128;128
93;2;0.0001;concept3;0.00479081741325514;None;0.03512722816784716;0.9952091825867448;10;20;128;128
94;0;0.0001;concept1;0.016704278227737075;None;0.028254100960531114;0.9832957217722629;10;20;128;128
94;1;0.0001;concept2;0.002446823328457322;None;0.02109118110074157;0.9975531766715426;10;20;128;128
94;2;0.0001;concept3;0.0047905434175528235;None;0.035183508902917625;0.9952094565824472;10;20;128;128
95;0;0.0001;concept1;0.01677322410969299;None;0.02832922022406451;0.983226775890307;10;20;128;128
95;1;0.0001;concept2;0.002441150372491578;None;0.021034084797037052;0.9975588496275084;10;20;128;128
95;2;0.0001;concept3;0.004795568205915311;None;0.03523959300174341;0.9952044317940847;10;20;128;128
96;0;0.0001;concept1;0.016871164088205423;None;0.028374012347072552;0.9831288359117946;10;20;128;128
96;1;0.0001;concept2;0.002434182339744351;None;0.020982338633427862;0.9975658176602556;10;20;128;128
96;2;0.0001;concept3;0.004801342805947803;None;0.03530950962125426;0.9951986571940522;10;20;128;128
97;0;0.0001;concept1;0.01700561324406059;None;0.028458372984294468;0.9829943867559394;10;20;128;128
97;1;0.0001;concept2;0.002423911694127038;None;0.020913484918039855;0.997576088305873;10;20;128;128
97;2;0.0001;concept3;0.004810765644520335;None;0.03539165783602522;0.9951892343554797;10;20;128;128
98;0;0.0001;concept1;0.017030886891693343;None;0.02844344499777954;0.9829691131083067;10;20;128;128
98;1;0.0001;concept2;0.0024133463321735662;None;0.020842622539605258;0.9975866536678264;10;20;128;128
98;2;0.0001;concept3;0.00480074985109568;None;0.035393892963117984;0.9951992501489043;10;20;128;128
99;0;0.0001;concept1;0.017080665046500364;None;0.028482178776310138;0.9829193349534996;10;20;128;128
99;1;0.0001;concept2;0.002402172448153455;None;0.020776148234876144;0.9975978275518466;10;20;128;128
99;2;0.0001;concept3;0.0048187249497363225;None;0.03545416327245289;0.9951812750502637;10;20;128;128
100;0;0.0001;concept1;0.028087566020733125;None;0.03984208803900057;0.9719124339792669;10;20;128;128
100;1;0.0001;concept2;0.008453599888371256;None;0.017241048608131714;0.9915464001116288;10;20;128;128
100;2;0.0001;concept3;0.13566977899801594;None;0.15455707218033016;0.8643302210019841;10;20;128;128
101;0;0.0001;concept1;0.026684669979607303;None;0.039650259985032965;0.9733153300203927;10;20;128;128
101;1;0.0001;concept2;0.005474991889453496;None;0.013002051959626655;0.9945250081105464;10;20;128;128
101;2;0.0001;concept3;0.1294489353220661;None;0.14798631428987538;0.8705510646779339;10;20;128;128
102;0;0.0001;concept1;0.02720613584768028;None;0.03988084195788179;0.9727938641523197;10;20;128;128
102;1;0.0001;concept2;0.00792011112077868;None;0.015866572418684798;0.9920798888792213;10;20;128;128
102;2;0.0001;concept3;0.12576522443326202;None;0.1453882658273559;0.874234775566738;10;20;128;128
103;0;0.0001;concept1;0.027741275254397443;None;0.03887607136976761;0.9722587247456026;10;20;128;128
103;1;0.0001;concept2;0.008031282005950333;None;0.016000832292944692;0.9919687179940496;10;20;128;128
103;2;0.0001;concept3;0.12250930797122327;None;0.14275590861150825;0.8774906920287767;10;20;128;128
104;0;0.0001;concept1;0.02868472532494974;None;0.039088542346500756;0.9713152746750503;10;20;128;128
104;1;0.0001;concept2;0.006237529420366695;None;0.013652494085024622;0.9937624705796333;10;20;128;128
104;2;0.0001;concept3;0.12335040670584806;None;0.14293357174912857;0.8766495932941519;10;20;128;128
105;0;0.0001;concept1;0.028293856676860955;None;0.04001574378934743;0.9717061433231391;10;20;128;128
105;1;0.0001;concept2;0.006565260587261398;None;0.01402411176582057;0.9934347394127386;10;20;128;128
105;2;0.0001;concept3;0.12340514509461141;None;0.14290936520613415;0.8765948549053886;10;20;128;128
106;0;0.0001;concept1;0.029286661823393782;None;0.03921713457450305;0.9707133381766062;10;20;128;128
106;1;0.0001;concept2;0.006741180474030468;None;0.014175367810080636;0.9932588195259695;10;20;128;128
106;2;0.0001;concept3;0.1232255935906209;None;0.14321491890305518;0.8767744064093791;10;20;128;128
107;0;0.0001;concept1;0.030134574389714775;None;0.03926891832018507;0.9698654256102852;10;20;128;128
107;1;0.0001;concept2;0.007487154244761851;None;0.015062148481810637;0.9925128457552381;10;20;128;128
107;2;0.0001;concept3;0.12486894522439601;None;0.14476100149018656;0.8751310547756039;10;20;128;128
108;0;0.0001;concept1;0.028424774924160665;None;0.04031919302251878;0.9715752250758394;10;20;128;128
108;1;0.0001;concept2;0.007393585523440032;None;0.014899747650662404;0.99260641447656;10;20;128;128
108;2;0.0001;concept3;0.12358419383908074;None;0.14309596627756885;0.8764158061609193;10;20;128;128
109;0;0.0001;concept1;0.029155032113230884;None;0.039076617216515036;0.9708449678867691;10;20;128;128
109;1;0.0001;concept2;0.0072273242181249584;None;0.014653383013261242;0.992772675781875;10;20;128;128
109;2;0.0001;concept3;0.12695148862069408;None;0.14561446807036096;0.873048511379306;10;20;128;128
110;0;0.0001;concept1;0.029560815713062873;None;0.039021053808462526;0.9704391842869371;10;20;128;128
110;1;0.0001;concept2;0.007499236969217429;None;0.014968030642199067;0.9925007630307826;10;20;128;128
110;2;0.0001;concept3;0.1289048899419672;None;0.14632968848585004;0.8710951100580329;10;20;128;128
111;0;0.0001;concept1;0.029993391638991285;None;0.03888123253685171;0.9700066083610087;10;20;128;128
111;1;0.0001;concept2;0.007906320288056224;None;0.015474464379971305;0.9920936797119437;10;20;128;128
111;2;0.0001;concept3;0.129007081401992;None;0.14637361669900512;0.8709929185980081;10;20;128;128
112;0;0.0001;concept1;0.028413092361537978;None;0.03990250230727726;0.971586907638462;10;20;128;128
112;1;0.0001;concept2;0.007878625237001556;None;0.015431960712525252;0.9921213747629984;10;20;128;128
112;2;0.0001;concept3;0.1315389445882428;None;0.14727065307075746;0.8684610554117572;10;20;128;128
113;0;0.0001;concept1;0.028806846416826928;None;0.03869751934689317;0.971193153583173;10;20;128;128
113;1;0.0001;concept2;0.009414994263884419;None;0.017322552504627244;0.9905850057361156;10;20;128;128
113;2;0.0001;concept3;0.1332194970400663;None;0.14885439786086718;0.8667805029599337;10;20;128;128
114;0;0.0001;concept1;0.029506467310354754;None;0.03864819140807683;0.9704935326896452;10;20;128;128
114;1;0.0001;concept2;0.01210621339245025;None;0.020422703731085876;0.9878937866075498;10;20;128;128
114;2;0.0001;concept3;0.13297019600219132;None;0.14845458835162093;0.8670298039978087;10;20;128;128
115;0;0.0001;concept1;0.027996795832726337;None;0.03961015655242688;0.9720032041672737;10;20;128;128
115;1;0.0001;concept2;0.007022607292633402;None;0.014295760997893486;0.9929773927073666;10;20;128;128
115;2;0.0001;concept3;0.13192960980025825;None;0.14749149132856598;0.8680703901997417;10;20;128;128
116;0;0.0001;concept1;0.028808785616427753;None;0.03865619707361457;0.9711912143835723;10;20;128;128
116;1;0.0001;concept2;0.009157768402537911;None;0.016977018395807494;0.9908422315974621;10;20;128;128
116;2;0.0001;concept3;0.13121752892048633;None;0.14742939880373257;0.8687824710795137;10;20;128;128
117;0;0.0001;concept1;0.028918515891754433;None;0.038642580083102916;0.9710814841082456;10;20;128;128
117;1;0.0001;concept2;0.012567918612057409;None;0.020880557022306;0.9874320813879426;10;20;128;128
117;2;0.0001;concept3;0.13095699393340376;None;0.14701740973438793;0.8690430060665962;10;20;128;128
118;0;0.0001;concept1;0.02893141882750617;None;0.03865064238775854;0.9710685811724938;10;20;128;128
118;1;0.0001;concept2;0.005839423772879733;None;0.012759384021520914;0.9941605762271203;10;20;128;128
118;2;0.0001;concept3;0.1318514633807143;None;0.14737915301923932;0.8681485366192857;10;20;128;128
119;0;0.0001;concept1;0.028072345788789376;None;0.03980432072106637;0.9719276542112106;10;20;128;128
119;1;0.0001;concept2;0.009497220949038992;None;0.017329544949828482;0.990502779050961;10;20;128;128
119;2;0.0001;concept3;0.1322384856306422;None;0.14815061220550924;0.8677615143693578;10;20;128;128
120;0;0.0001;concept1;0.02857909514232449;None;0.03864976313941926;0.9714209048576755;10;20;128;128
120;1;0.0001;concept2;0.011965603847377106;None;0.02015926957657868;0.9880343961526229;10;20;128;128
120;2;0.0001;concept3;0.1337116375139406;None;0.14919758457982282;0.8662883624860593;10;20;128;128
121;0;0.0001;concept1;0.028758958410453794;None;0.038677250621030064;0.9712410415895462;10;20;128;128
121;1;0.0001;concept2;0.013796423206632016;None;0.02218086678644546;0.986203576793368;10;20;128;128
121;2;0.0001;concept3;0.134017504039531;None;0.1492854483120557;0.865982495960469;10;20;128;128
122;0;0.0001;concept1;0.028400524275532017;None;0.03862758199740625;0.971599475724468;10;20;128;128
122;1;0.0001;concept2;0.011851053894655133;None;0.020140887936227373;0.9881489461053449;10;20;128;128
122;2;0.0001;concept3;0.13397214372199268;None;0.14918913992792524;0.8660278562780074;10;20;128;128
123;0;0.0001;concept1;0.02725071619345688;None;0.03981152205095451;0.9727492838065431;10;20;128;128
123;1;0.0001;concept2;0.010193143522046868;None;0.01826375928310827;0.9898068564779531;10;20;128;128
123;2;0.0001;concept3;0.1337801181701072;None;0.14923592458590199;0.8662198818298927;10;20;128;128
124;0;0.0001;concept1;0.028729848517605766;None;0.0388747393463762;0.9712701514823943;10;20;128;128
124;1;0.0001;concept2;0.00872540205504732;None;0.016460063063546727;0.9912745979449527;10;20;128;128
124;2;0.0001;concept3;0.13398598058695346;None;0.1496974597965933;0.8660140194130466;10;20;128;128
125;0;0.0001;concept1;0.028883389574426602;None;0.03884089448018019;0.9711166104255734;10;20;128;128
125;1;0.0001;concept2;0.007051891113862314;None;0.014314333996978675;0.9929481088861377;10;20;128;128
125;2;0.0001;concept3;0.13320022471031692;None;0.14888884722600615;0.8667997752896831;10;20;128;128
126;0;0.0001;concept1;0.027163302983332846;None;0.039520212987293434;0.9728366970166672;10;20;128;128
126;1;0.0001;concept2;0.005129009138791558;None;0.011960460202858453;0.9948709908612084;10;20;128;128
126;2;0.0001;concept3;0.13305282655726744;None;0.1485426978892945;0.8669471734427325;10;20;128;128
127;0;0.0001;concept1;0.02869090503206155;None;0.0389397434308445;0.9713090949679385;10;20;128;128
127;1;0.0001;concept2;0.005096419994906613;None;0.012025254654336237;0.9949035800050934;10;20;128;128
127;2;0.0001;concept3;0.13271786495103977;None;0.14900769205027004;0.8672821350489602;10;20;128;128
128;0;0.0001;concept1;0.029239407544731106;None;0.03896687767553673;0.9707605924552689;10;20;128;128
128;1;0.0001;concept2;0.0050783422317552925;None;0.011851834302423838;0.9949216577682447;10;20;128;128
128;2;0.0001;concept3;0.1326642811265863;None;0.1485461110143438;0.8673357188734137;10;20;128;128
129;0;0.0001;concept1;0.027467146163759587;None;0.03956168977105404;0.9725328538362404;10;20;128;128
129;1;0.0001;concept2;0.0050842133389707635;None;0.012139037757906273;0.9949157866610292;10;20;128;128
129;2;0.0001;concept3;0.13210718184123432;None;0.1478875977103755;0.8678928181587657;10;20;128;128
130;0;0.0001;concept1;0.02886777426915239;None;0.03889828496602621;0.9711322257308476;10;20;128;128
130;1;0.0001;concept2;0.005006381647568402;None;0.011938938723764956;0.9949936183524316;10;20;128;128
130;2;0.0001;concept3;0.13262664471698618;None;0.14805654874491828;0.8673733552830138;10;20;128;128
131;0;0.0001;concept1;0.027199403008999288;None;0.03946530792570755;0.9728005969910007;10;20;128;128
131;1;0.0001;concept2;0.005025468305035179;None;0.012070741324560206;0.9949745316949649;10;20;128;128
131;2;0.0001;concept3;0.1322131930765176;None;0.14771001438607553;0.8677868069234824;10;20;128;128
132;0;0.0001;concept1;0.028719801983211533;None;0.038993442403260435;0.9712801980167884;10;20;128;128
132;1;0.0001;concept2;0.0049809304639044615;None;0.011976004268097229;0.9950190695360955;10;20;128;128
132;2;0.0001;concept3;0.13275661660129082;None;0.14847654008476327;0.8672433833987092;10;20;128;128
133;0;0.0001;concept1;0.027181601893624976;None;0.039579929706590807;0.972818398106375;10;20;128;128
133;1;0.0001;concept2;0.005022884962828194;None;0.012141577760301524;0.9949771150371718;10;20;128;128
133;2;0.0001;concept3;0.13231055364900743;None;0.14760033986283205;0.8676894463509925;10;20;128;128
134;0;0.0001;concept1;0.02852911671117444;None;0.03905097795893951;0.9714708832888256;10;20;128;128
134;1;0.0001;concept2;0.00494561666615398;None;0.011984794765810988;0.995054383333846;10;20;128;128
134;2;0.0001;concept3;0.13284791759259565;None;0.1478745031961452;0.8671520824074044;10;20;128;128
135;0;0.0001;concept1;0.0274017573120138;None;0.039590030243415675;0.9725982426879862;10;20;128;128
135;1;0.0001;concept2;0.004890429774070375;None;0.011921278090718088;0.9951095702259296;10;20;128;128
135;2;0.0001;concept3;0.13295158070845958;None;0.1476132431173304;0.8670484192915404;10;20;128;128
136;0;0.0001;concept1;0.028123130429441222;None;0.03897674411960877;0.9718768695705587;10;20;128;128
136;1;0.0001;concept2;0.004821946581942424;None;0.011704759029125142;0.9951780534180575;10;20;128;128
136;2;0.0001;concept3;0.1335528907502127;None;0.14810804531893793;0.8664471092497873;10;20;128;128
137;0;0.0001;concept1;0.02713483226978003;None;0.03952116110091036;0.97286516773022;10;20;128;128
137;1;0.0001;concept2;0.004761121943877301;None;0.011662433076894333;0.9952388780561227;10;20;128;128
137;2;0.0001;concept3;0.13244571851875822;None;0.14699975312216548;0.8675542814812418;10;20;128;128
138;0;0.0001;concept1;0.02807446385384408;None;0.039093129945506955;0.971925536146156;10;20;128;128
138;1;0.0001;concept2;0.004706041928350734;None;0.011600382021081374;0.9952939580716492;10;20;128;128
138;2;0.0001;concept3;0.13022945294876795;None;0.14599931709772085;0.869770547051232;10;20;128;128
139;0;0.0001;concept1;0.027048436209359067;None;0.03949428508489087;0.972951563790641;10;20;128;128
139;1;0.0001;concept2;0.00468750571094502;None;0.011643803517133207;0.995312494289055;10;20;128;128
139;2;0.0001;concept3;0.1304625364146327;None;0.14621633525949154;0.8695374635853673;10;20;128;128
140;0;0.0001;concept1;0.02834544884689271;None;0.03918762360375237;0.9716545511531073;10;20;128;128
140;1;0.0001;concept2;0.005423412355721045;None;0.013156853184367046;0.9945765876442789;10;20;128;128
140;2;0.0001;concept3;0.13025414747855343;None;0.14652179687069636;0.8697458525214465;10;20;128;128
141;0;0.0001;concept1;0.02657942912830259;None;0.039583189607925985;0.9734205708716974;10;20;128;128
141;1;0.0001;concept2;0.00454431329476928;None;0.011493530242469812;0.9954556867052308;10;20;128;128
141;2;0.0001;concept3;0.13378559345483615;None;0.14993397272521616;0.8662144065451638;10;20;128;128
142;0;0.0001;concept1;0.02812223130862336;None;0.03920495644539341;0.9718777686913767;10;20;128;128
142;1;0.0001;concept2;0.005673394924670094;None;0.013546758307302943;0.9943266050753299;10;20;128;128
142;2;0.0001;concept3;0.1312978518613332;None;0.14768051411132727;0.8687021481386669;10;20;128;128
143;0;0.0001;concept1;0.026396316322082104;None;0.0394863288923176;0.9736036836779179;10;20;128;128
143;1;0.0001;concept2;0.008382004306303396;None;0.016631059653872474;0.9916179956936966;10;20;128;128
143;2;0.0001;concept3;0.1312392462699248;None;0.14797618295688986;0.8687607537300752;10;20;128;128
144;0;0.0001;concept1;0.02794202839394429;None;0.0391400628035037;0.9720579716060557;10;20;128;128
144;1;0.0001;concept2;0.012305329192367183;None;0.021446718252192826;0.9876946708076328;10;20;128;128
144;2;0.0001;concept3;0.13239169663468836;None;0.14855704476304732;0.8676083033653117;10;20;128;128
145;0;0.0001;concept1;0.026367653161040595;None;0.03944918642666449;0.9736323468389594;10;20;128;128
145;1;0.0001;concept2;0.008425049157351379;None;0.01674415218477755;0.9915749508426486;10;20;128;128
145;2;0.0001;concept3;0.13195518778085438;None;0.14658558850445877;0.8680448122191456;10;20;128;128
146;0;0.0001;concept1;0.02804139107114978;None;0.03916367108819233;0.9719586089288502;10;20;128;128
146;1;0.0001;concept2;0.010494241631324478;None;0.019359024670337396;0.9895057583686755;10;20;128;128
146;2;0.0001;concept3;0.13367350075301088;None;0.14826672969770613;0.8663264992469891;10;20;128;128
147;0;0.0001;concept1;0.026276459199507364;None;0.03947955223283561;0.9737235408004926;10;20;128;128
147;1;0.0001;concept2;0.01062217575157714;None;0.019517100555332484;0.9893778242484229;10;20;128;128
147;2;0.0001;concept3;0.1341245576559197;None;0.14773187653616884;0.8658754423440803;10;20;128;128
148;0;0.0001;concept1;0.027734854580213155;None;0.03916563404828966;0.9722651454197868;10;20;128;128
148;1;0.0001;concept2;0.0103689112978286;None;0.01921897108304221;0.9896310887021714;10;20;128;128
148;2;0.0001;concept3;0.13629276803497373;None;0.14931522414444937;0.8637072319650263;10;20;128;128
149;0;0.0001;concept1;0.026191608957940028;None;0.03958771695608253;0.97380839104206;10;20;128;128
149;1;0.0001;concept2;0.009999641812165238;None;0.01877914049528591;0.9900003581878347;10;20;128;128
149;2;0.0001;concept3;0.1368290432235922;None;0.14933331777521083;0.8631709567764078;10;20;128;128
150;0;0.0001;concept1;0.018581910979239422;None;0.034677684299286;0.9814180890207606;10;20;128;128
150;1;0.0001;concept2;0.0014037540772825938;None;0.013529908447884643;0.9985962459227175;10;20;128;128
150;2;0.0001;concept3;0.8206042329551135;None;0.1033591043462522;0.17939576704488647;10;20;128;128
151;0;0.0001;concept1;0.0179096039546296;None;0.0341884260331113;0.9820903960453704;10;20;128;128
151;1;0.0001;concept2;0.001378431235169076;None;0.013289688993267339;0.9986215687648309;10;20;128;128
151;2;0.0001;concept3;0.5910266329457526;None;0.08630062346720832;0.40897336705424725;10;20;128;128
152;0;0.0001;concept1;0.018042164850213982;None;0.03433809646265012;0.981957835149786;10;20;128;128
152;1;0.0001;concept2;0.0013492602510281413;None;0.012996207807134232;0.9986507397489719;10;20;128;128
152;2;0.0001;concept3;0.5659251130064645;None;0.08554333323453753;0.43407488699353547;10;20;128;128
153;0;0.0001;concept1;0.01800262586822651;None;0.034253020854579964;0.9819973741317735;10;20;128;128
153;1;0.0001;concept2;0.0013290260407601774;None;0.012819749353621226;0.9986709739592399;10;20;128;128
153;2;0.0001;concept3;0.5716176848386946;None;0.08631058667783686;0.4283823151613054;10;20;128;128
154;0;0.0001;concept1;0.01798448776181562;None;0.034248477356356145;0.9820155122381844;10;20;128;128
154;1;0.0001;concept2;0.0013124658404266405;None;0.012744456400764638;0.9986875341595733;10;20;128;128
154;2;0.0001;concept3;0.5934189593294378;None;0.08797029928072525;0.4065810406705621;10;20;128;128
155;0;0.0001;concept1;0.017975920737462774;None;0.034213495101234906;0.9820240792625372;10;20;128;128
155;1;0.0001;concept2;0.0013010968897376332;None;0.0127117480213255;0.9986989031102623;10;20;128;128
155;2;0.0001;concept3;0.6071481486853456;None;0.08894882771460039;0.3928518513146544;10;20;128;128
156;0;0.0001;concept1;0.017518781352180095;None;0.03372961090396612;0.9824812186478199;10;20;128;128
156;1;0.0001;concept2;0.001295068568921862;None;0.012680133364992071;0.9987049314310782;10;20;128;128
156;2;0.0001;concept3;0.6345547169845273;None;0.08970629089321622;0.36544528301547263;10;20;128;128
157;0;0.0001;concept1;0.01783820722297729;None;0.03397514131025473;0.9821617927770228;10;20;128;128
157;1;0.0001;concept2;0.001292097086654331;None;0.012668874856461934;0.9987079029133457;10;20;128;128
157;2;0.0001;concept3;0.6445668339589642;None;0.08967769992511226;0.3554331660410358;10;20;128;128
158;0;0.0001;concept1;0.017518415427533372;None;0.03370230818839653;0.9824815845724666;10;20;128;128
158;1;0.0001;concept2;0.001292360975053666;None;0.012687915036089625;0.9987076390249463;10;20;128;128
158;2;0.0001;concept3;0.6774123965148892;None;0.09074608506754846;0.32258760348511084;10;20;128;128
159;0;0.0001;concept1;0.017492529008867847;None;0.033584140634620445;0.9825074709911321;10;20;128;128
159;1;0.0001;concept2;0.0012917308563908025;None;0.012719215789930419;0.9987082691436092;10;20;128;128
159;2;0.0001;concept3;0.7090153217999449;None;0.09214691158078911;0.29098467820005514;10;20;128;128
160;0;0.0001;concept1;0.017751728882889277;None;0.03376862434193268;0.9822482711171108;10;20;128;128
160;1;0.0001;concept2;0.001284906502017065;None;0.012713670210045182;0.9987150934979829;10;20;128;128
160;2;0.0001;concept3;0.7333910746926321;None;0.09295133165458487;0.2666089253073678;10;20;128;128
161;0;0.0001;concept1;0.017635819246410615;None;0.03368017419614061;0.9823641807535893;10;20;128;128
161;1;0.0001;concept2;0.001278617556288528;None;0.012712759837344174;0.9987213824437114;10;20;128;128
161;2;0.0001;concept3;0.7571381298376846;None;0.09368910746018491;0.24286187016231542;10;20;128;128
162;0;0.0001;concept1;0.01753757564058681;None;0.03359436140635625;0.9824624243594132;10;20;128;128
162;1;0.0001;concept2;0.001271542701344985;None;0.012700200345290028;0.998728457298655;10;20;128;128
162;2;0.0001;concept3;0.7756938365591916;None;0.09428558940555179;0.22430616344080845;10;20;128;128
163;0;0.0001;concept1;0.017761096827292214;None;0.033808192872759726;0.9822389031727078;10;20;128;128
163;1;0.0001;concept2;0.0012566730417024458;None;0.012658505975389004;0.9987433269582976;10;20;128;128
163;2;0.0001;concept3;0.7830144628149444;None;0.09450840180830819;0.21698553718505564;10;20;128;128
164;0;0.0001;concept1;0.017496183622089396;None;0.033531860947198996;0.9825038163779106;10;20;128;128
164;1;0.0001;concept2;0.0012380499482958591;None;0.012606067468059444;0.9987619500517041;10;20;128;128
164;2;0.0001;concept3;0.7946522498314322;None;0.09491503868564301;0.20534775016856766;10;20;128;128
165;0;0.0001;concept1;0.017430019798546147;None;0.03346648018888315;0.9825699802014538;10;20;128;128
165;1;0.0001;concept2;0.00122318077072906;None;0.012549314952788429;0.998776819229271;10;20;128;128
165;2;0.0001;concept3;0.809003552607179;None;0.09529450681537395;0.19099644739282085;10;20;128;128
166;0;0.0001;concept1;0.017844877430937312;None;0.03380617716651263;0.9821551225690627;10;20;128;128
166;1;0.0001;concept2;0.0012106649354647603;None;0.012490817852833905;0.9987893350645353;10;20;128;128
166;2;0.0001;concept3;0.8272313202353746;None;0.09641937154125499;0.1727686797646254;10;20;128;128
167;0;0.0001;concept1;0.017574182695322772;None;0.033557911733579394;0.9824258173046773;10;20;128;128
167;1;0.0001;concept2;0.001201174146489417;None;0.012459671546870962;0.9987988258535105;10;20;128;128
167;2;0.0001;concept3;0.8341542419023106;None;0.0966365483453771;0.1658457580976893;10;20;128;128
168;0;0.0001;concept1;0.017390467198228725;None;0.03338452922872684;0.9826095328017713;10;20;128;128
168;1;0.0001;concept2;0.00119337433619591;None;0.012440913942070855;0.9988066256638041;10;20;128;128
168;2;0.0001;concept3;0.8340892726483005;None;0.09647286037943767;0.16591072735169954;10;20;128;128
169;0;0.0001;concept1;0.017773751612045016;None;0.03373388466706404;0.982226248387955;10;20;128;128
169;1;0.0001;concept2;0.001191688228177779;None;0.012437825276099383;0.9988083117718222;10;20;128;128
169;2;0.0001;concept3;0.8340880904269843;None;0.09619251492178277;0.16591190957301571;10;20;128;128
170;0;0.0001;concept1;0.017633417550300734;None;0.03360883699825367;0.9823665824496993;10;20;128;128
170;1;0.0001;concept2;0.001194972809303766;None;0.012470257943638695;0.9988050271906962;10;20;128;128
170;2;0.0001;concept3;0.837064067809289;None;0.09625814898674111;0.1629359321907109;10;20;128;128
171;0;0.0001;concept1;0.017837887574822183;None;0.03381595104950851;0.9821621124251778;10;20;128;128
171;1;0.0001;concept2;0.0011956113520129093;None;0.01247668308061253;0.998804388647987;10;20;128;128
171;2;0.0001;concept3;0.8271376872690729;None;0.09571406318979202;0.172862312730927;10;20;128;128
172;0;0.0001;concept1;0.017789974649428046;None;0.033822361066527105;0.982210025350572;10;20;128;128
172;1;0.0001;concept2;0.0011972720794711509;None;0.012483876680587388;0.9988027279205288;10;20;128;128
172;2;0.0001;concept3;0.8296283264350349;None;0.09556246469808927;0.17037167356496508;10;20;128;128
173;0;0.0001;concept1;0.017976336203916327;None;0.03399321422404038;0.9820236637960836;10;20;128;128
173;1;0.0001;concept2;0.001200607858267155;None;0.012500566780395392;0.9987993921417329;10;20;128;128
173;2;0.0001;concept3;0.8260226275269298;None;0.0951741743867459;0.1739773724730701;10;20;128;128
174;0;0.0001;concept1;0.017982457312731126;None;0.03401082253192642;0.9820175426872688;10;20;128;128
174;1;0.0001;concept2;0.0012047466908453185;None;0.012521545427749647;0.9987952533091546;10;20;128;128
174;2;0.0001;concept3;0.8232604187996605;None;0.09496350905687569;0.1767395812003395;10;20;128;128
175;0;0.0001;concept1;0.018136381135919272;None;0.03417440920536511;0.9818636188640807;10;20;128;128
175;1;0.0001;concept2;0.0012077686302308511;None;0.012530419726729206;0.9987922313697691;10;20;128;128
175;2;0.0001;concept3;0.8201897760024792;None;0.09475727634230703;0.17981022399752078;10;20;128;128
176;0;0.0001;concept1;0.01812993381961112;None;0.03415585801405474;0.9818700661803889;10;20;128;128
176;1;0.0001;concept2;0.0012120877721576652;None;0.01254780444016845;0.9987879122278424;10;20;128;128
176;2;0.0001;concept3;0.8299221419471926;None;0.09500208714850907;0.1700778580528074;10;20;128;128
177;0;0.0001;concept1;0.018244685336057807;None;0.03423638027877446;0.9817553146639422;10;20;128;128
177;1;0.0001;concept2;0.0012177703478093516;None;0.012573492101405659;0.9987822296521907;10;20;128;128
177;2;0.0001;concept3;0.8246872568236678;None;0.09467479671462556;0.17531274317633216;10;20;128;128
178;0;0.0001;concept1;0.01821108734349887;None;0.034210412454890565;0.9817889126565011;10;20;128;128
178;1;0.0001;concept2;0.001224175724554496;None;0.012608959868520718;0.9987758242754455;10;20;128;128
178;2;0.0001;concept3;0.8233586690401975;None;0.09439571118127602;0.1766413309598024;10;20;128;128
179;0;0.0001;concept1;0.018403539993775787;None;0.03432723484056255;0.9815964600062242;10;20;128;128
179;1;0.0001;concept2;0.0012346822944991423;None;0.01266528449269173;0.9987653177055008;10;20;128;128
179;2;0.0001;concept3;0.8189253961551362;None;0.09392577630728723;0.18107460384486374;10;20;128;128
180;0;0.0001;concept1;0.018859636727421202;None;0.034694437235296464;0.9811403632725788;10;20;128;128
180;1;0.0001;concept2;0.0012444363645829416;None;0.012730699068234439;0.9987555636354171;10;20;128;128
180;2;0.0001;concept3;0.8159057799057473;None;0.0936500165190376;0.1840942200942528;10;20;128;128
181;0;0.0001;concept1;0.019051016309426454;None;0.03484359559561444;0.9809489836905736;10;20;128;128
181;1;0.0001;concept2;0.0012494510263310538;None;0.012771741253755005;0.998750548973669;10;20;128;128
181;2;0.0001;concept3;0.8044338087024113;None;0.09309968961072831;0.19556619129758868;10;20;128;128
182;0;0.0001;concept1;0.019080906468018962;None;0.034864957704413724;0.980919093531981;10;20;128;128
182;1;0.0001;concept2;0.0012544170754320676;None;0.012813661054831239;0.9987455829245679;10;20;128;128
182;2;0.0001;concept3;0.8073728035131663;None;0.09311806059153192;0.19262719648683369;10;20;128;128
183;0;0.0001;concept1;0.01889464784660586;None;0.03469054921213654;0.9811053521533941;10;20;128;128
183;1;0.0001;concept2;0.0012585362072857949;None;0.01284562242769738;0.9987414637927142;10;20;128;128
183;2;0.0001;concept3;0.8018017376118363;None;0.09280471676141888;0.19819826238816374;10;20;128;128
184;0;0.0001;concept1;0.017725153667129553;None;0.03384095713694563;0.9822748463328704;10;20;128;128
184;1;0.0001;concept2;0.0012619580101704915;None;0.012869739395905602;0.9987380419898295;10;20;128;128
184;2;0.0001;concept3;0.8011548702791347;None;0.09271920751630973;0.1988451297208652;10;20;128;128
185;0;0.0001;concept1;0.017819689026860045;None;0.03390323926517896;0.98218031097314;10;20;128;128
185;1;0.0001;concept2;0.0012645251160564753;None;0.01288706497437665;0.9987354748839435;10;20;128;128
185;2;0.0001;concept3;0.7996471699613578;None;0.0924757584589487;0.20035283003864213;10;20;128;128
186;0;0.0001;concept1;0.01826832782226679;None;0.03424001239349818;0.9817316721777332;10;20;128;128
186;1;0.0001;concept2;0.0012661061207067323;None;0.012891830641194861;0.9987338938792932;10;20;128;128
186;2;0.0001;concept3;0.7973721532402591;None;0.09225612482781514;0.20262784675974077;10;20;128;128
187;0;0.0001;concept1;0.018048255531513534;None;0.034043285962579224;0.9819517444684864;10;20;128;128
187;1;0.0001;concept2;0.0012697110348628073;None;0.012903329942479442;0.9987302889651372;10;20;128;128
187;2;0.0001;concept3;0.793512921435643;None;0.09206636418472669;0.20648707856435689;10;20;128;128
188;0;0.0001;concept1;0.018408958384153316;None;0.03424455034477318;0.9815910416158466;10;20;128;128
188;1;0.0001;concept2;0.001269538296843569;None;0.012893147626363902;0.9987304617031564;10;20;128;128
188;2;0.0001;concept3;0.7944904787547125;None;0.09202327245661451;0.20550952124528754;10;20;128;128
189;0;0.0001;concept1;0.018555880385252643;None;0.03433780445718511;0.9814441196147473;10;20;128;128
189;1;0.0001;concept2;0.001267589560329056;None;0.012872036371599307;0.998732410439671;10;20;128;128
189;2;0.0001;concept3;0.7908138845726279;None;0.09199030611417461;0.2091861154273721;10;20;128;128
190;0;0.0001;concept1;0.01853638065403794;None;0.03437390399768547;0.981463619345962;10;20;128;128
190;1;0.0001;concept2;0.0012677439364446683;None;0.012868739719801629;0.9987322560635553;10;20;128;128
190;2;0.0001;concept3;0.7907470052776984;None;0.09195992147658742;0.20925299472230163;10;20;128;128
191;0;0.0001;concept1;0.018323258249480598;None;0.03426823811091393;0.9816767417505194;10;20;128;128
191;1;0.0001;concept2;0.0012667161629984491;None;0.012858131155421643;0.9987332838370016;10;20;128;128
191;2;0.0001;concept3;0.7823923204134379;None;0.09161727570657867;0.21760767958656202;10;20;128;128
192;0;0.0001;concept1;0.01900573310727536;None;0.03481580908239808;0.9809942668927246;10;20;128;128
192;1;0.0001;concept2;0.001267325961307265;None;0.012855985405941253;0.9987326740386927;10;20;128;128
192;2;0.0001;concept3;0.778001460031087;None;0.09124721622163273;0.22199853996891294;10;20;128;128
193;0;0.0001;concept1;0.019288974030479505;None;0.035091101425556964;0.9807110259695205;10;20;128;128
193;1;0.0001;concept2;0.0012665142699486915;None;0.01285037171594292;0.9987334857300513;10;20;128;128
193;2;0.0001;concept3;0.7710774260743046;None;0.09082393681912194;0.22892257392569526;10;20;128;128
194;0;0.0001;concept1;0.019027186644841133;None;0.034830270584054995;0.9809728133551588;10;20;128;128
194;1;0.0001;concept2;0.0012652336989292597;None;0.012837796456934536;0.9987347663010707;10;20;128;128
194;2;0.0001;concept3;0.776531549880015;None;0.09091072630152172;0.22346845011998495;10;20;128;128
195;0;0.0001;concept1;0.01961965735934272;None;0.035342603525525894;0.9803803426406573;10;20;128;128
195;1;0.0001;concept2;0.0012639578985585971;None;0.012827654450740794;0.9987360421014414;10;20;128;128
195;2;0.0001;concept3;0.7700242520088356;None;0.09066263575298734;0.22997574799116427;10;20;128;128
196;0;0.0001;concept1;0.018955338695366444;None;0.03481171408753147;0.9810446613046335;10;20;128;128
196;1;0.0001;concept2;0.0012592314994426554;None;0.012794918605366938;0.9987407685005574;10;20;128;128
196;2;0.0001;concept3;0.7732047500745448;None;0.09084672813282278;0.2267952499254553;10;20;128;128
197;0;0.0001;concept1;0.019212050052464524;None;0.03496734768396769;0.9807879499475355;10;20;128;128
197;1;0.0001;concept2;0.0012579519993340864;None;0.012779508117997022;0.9987420480006659;10;20;128;128
197;2;0.0001;concept3;0.7688257486772265;None;0.09068693818894998;0.23117425132277347;10;20;128;128
198;0;0.0001;concept1;0.019222909268967584;None;0.03507410097081141;0.9807770907310324;10;20;128;128
198;1;0.0001;concept2;0.0012570433131204473;None;0.012767216372579396;0.9987429566868795;10;20;128;128
198;2;0.0001;concept3;0.7726367571231963;None;0.09078022982851244;0.22736324287680365;10;20;128;128
199;0;0.0001;concept1;0.019498681060084393;None;0.035149852190948655;0.9805013189399157;10;20;128;128
199;1;0.0001;concept2;0.0012549038968083534;None;0.012752190138045516;0.9987450961031916;10;20;128;128
199;2;0.0001;concept3;0.7787504074898707;None;0.09106183215285209;0.22124959251012932;10;20;128;128
