0;0;0.0001;concept1;0.24883226;None;0.17310697;0.7511677742004395;10;3;128;128
0;1;0.0001;concept2;0.6659207;None;0.29567748;0.3340793251991272;10;3;128;128
0;2;0.0001;concept3;1.7891881;None;0.47081074;-0.7891881465911865;10;3;128;128
1;0;0.0001;concept1;0.50915575;None;0.24712488;0.4908443093299866;10;3;128;128
1;1;0.0001;concept2;0.8732651;None;0.34026402;0.1267349123954773;10;3;128;128
1;2;0.0001;concept3;1.014086;None;0.36812487;-0.014086008071899414;10;3;128;128
2;0;0.0001;concept1;0.3254683;None;0.1931135;0.6745316982269287;10;3;128;128
2;1;0.0001;concept2;0.5273871;None;0.2590147;0.47261297702789307;10;3;128;128
2;2;0.0001;concept3;0.44958308;None;0.23662445;0.550416886806488;10;3;128;128
3;0;0.0001;concept1;0.20323214;None;0.15104054;0.7967678904533386;10;3;128;128
3;1;0.0001;concept2;0.24179977;None;0.16411996;0.7582002282142639;10;3;128;128
3;2;0.0001;concept3;0.23195972;None;0.15031093;0.7680402994155884;10;3;128;128
4;0;0.0001;concept1;0.13622585;None;0.124385394;0.8637741804122925;10;3;128;128
4;1;0.0001;concept2;0.09624329;None;0.09949949;0.9037567377090454;10;3;128;128
4;2;0.0001;concept3;0.18194598;None;0.123794585;0.8180540204048157;10;3;128;128
5;0;0.0001;concept1;0.10707299;None;0.11053921;0.8929269909858704;10;3;128;128
5;1;0.0001;concept2;0.04833056;None;0.0717669;0.951669454574585;10;3;128;128
5;2;0.0001;concept3;0.16490331;None;0.11971696;0.8350967168807983;10;3;128;128
6;0;0.0001;concept1;0.09324651;None;0.10260584;0.9067534804344177;10;3;128;128
6;1;0.0001;concept2;0.035598963;None;0.062220033;0.9644010066986084;10;3;128;128
6;2;0.0001;concept3;0.15467826;None;0.11740674;0.845321774482727;10;3;128;128
7;0;0.0001;concept1;0.08497785;None;0.09711846;0.9150221347808838;10;3;128;128
7;1;0.0001;concept2;0.029550295;None;0.056750685;0.970449686050415;10;3;128;128
7;2;0.0001;concept3;0.14510119;None;0.112083286;0.8548988103866577;10;3;128;128
8;0;0.0001;concept1;0.079033054;None;0.09277744;0.9209669828414917;10;3;128;128
8;1;0.0001;concept2;0.02557766;None;0.0527483;0.9744223356246948;10;3;128;128
8;2;0.0001;concept3;0.13590768;None;0.104933515;0.8640923500061035;10;3;128;128
9;0;0.0001;concept1;0.074407525;None;0.0891818;0.9255924820899963;10;3;128;128
9;1;0.0001;concept2;0.022654096;None;0.049416;0.977345883846283;10;3;128;128
9;2;0.0001;concept3;0.12620936;None;0.09695374;0.8737906217575073;10;3;128;128
10;0;0.0001;concept1;0.07045914;None;0.08599134;0.9295408725738525;10;3;128;128
10;1;0.0001;concept2;0.020177864;None;0.04636486;0.9798221588134766;10;3;128;128
10;2;0.0001;concept3;0.11861718;None;0.09025152;0.8813828229904175;10;3;128;128
11;0;0.0001;concept1;0.06707395;None;0.08313509;0.9329260587692261;10;3;128;128
11;1;0.0001;concept2;0.018204099;None;0.04374591;0.9817959070205688;10;3;128;128
11;2;0.0001;concept3;0.113064244;None;0.08544245;0.8869357705116272;10;3;128;128
12;0;0.0001;concept1;0.06406178;None;0.0805335;0.9359382390975952;10;3;128;128
12;1;0.0001;concept2;0.01643064;None;0.041284654;0.9835693836212158;10;3;128;128
12;2;0.0001;concept3;0.10709449;None;0.081425376;0.8929055333137512;10;3;128;128
13;0;0.0001;concept1;0.061248403;None;0.07808612;0.9387515783309937;10;3;128;128
13;1;0.0001;concept2;0.0148719745;None;0.03898524;0.9851280450820923;10;3;128;128
13;2;0.0001;concept3;0.10315274;None;0.07906445;0.8968472480773926;10;3;128;128
14;0;0.0001;concept1;0.05861968;None;0.075767234;0.9413803219795227;10;3;128;128
14;1;0.0001;concept2;0.013484521;None;0.03684456;0.986515462398529;10;3;128;128
14;2;0.0001;concept3;0.09843945;None;0.07696515;0.9015605449676514;10;3;128;128
15;0;0.0001;concept1;0.056194674;None;0.073591955;0.9438053369522095;10;3;128;128
15;1;0.0001;concept2;0.012315233;None;0.034965012;0.9876847863197327;10;3;128;128
15;2;0.0001;concept3;0.09287627;None;0.07518221;0.9071237444877625;10;3;128;128
16;0;0.0001;concept1;0.053985544;None;0.07154578;0.9460144639015198;10;3;128;128
16;1;0.0001;concept2;0.011342165;None;0.03333321;0.9886578321456909;10;3;128;128
16;2;0.0001;concept3;0.089023866;None;0.07428962;0.9109761118888855;10;3;128;128
17;0;0.0001;concept1;0.051978342;None;0.06962743;0.948021650314331;10;3;128;128
17;1;0.0001;concept2;0.010546662;None;0.031932227;0.9894533157348633;10;3;128;128
17;2;0.0001;concept3;0.08646898;None;0.07391577;0.9135310053825378;10;3;128;128
18;0;0.0001;concept1;0.050269134;None;0.06787542;0.9497308731079102;10;3;128;128
18;1;0.0001;concept2;0.0099438345;None;0.030866077;0.9900561571121216;10;3;128;128
18;2;0.0001;concept3;0.08608371;None;0.073625825;0.913916289806366;10;3;128;128
19;0;0.0001;concept1;0.048872113;None;0.066329814;0.9511278867721558;10;3;128;128
19;1;0.0001;concept2;0.009476478;None;0.030080477;0.9905235171318054;10;3;128;128
19;2;0.0001;concept3;0.08296888;None;0.07368887;0.9170311093330383;10;3;128;128
20;0;0.0001;concept1;0.047651034;None;0.06494395;0.9523489475250244;10;3;128;128
20;1;0.0001;concept2;0.0091413045;None;0.029552653;0.9908586740493774;10;3;128;128
20;2;0.0001;concept3;0.08460795;None;0.073313095;0.9153920412063599;10;3;128;128
21;0;0.0001;concept1;0.04625553;None;0.06350372;0.9537444710731506;10;3;128;128
21;1;0.0001;concept2;0.008894466;None;0.029176077;0.9911055564880371;10;3;128;128
21;2;0.0001;concept3;0.08178339;None;0.07398238;0.9182165861129761;10;3;128;128
22;0;0.0001;concept1;0.045050617;None;0.062226843;0.9549493789672852;10;3;128;128
22;1;0.0001;concept2;0.008733999;None;0.02896756;0.9912660121917725;10;3;128;128
22;2;0.0001;concept3;0.08318235;None;0.07382267;0.9168176651000977;10;3;128;128
23;0;0.0001;concept1;0.04396786;None;0.061025184;0.9560321569442749;10;3;128;128
23;1;0.0001;concept2;0.00862732;None;0.028859075;0.9913727045059204;10;3;128;128
23;2;0.0001;concept3;0.08087704;None;0.07486893;0.9191229343414307;10;3;128;128
24;0;0.0001;concept1;0.042955633;None;0.05992964;0.9570443630218506;10;3;128;128
24;1;0.0001;concept2;0.008541586;None;0.028792331;0.9914584159851074;10;3;128;128
24;2;0.0001;concept3;0.081151135;None;0.07467302;0.9188488721847534;10;3;128;128
25;0;0.0001;concept1;0.042063046;None;0.05896356;0.9579369425773621;10;3;128;128
25;1;0.0001;concept2;0.0085139675;None;0.028842973;0.9914860129356384;10;3;128;128
25;2;0.0001;concept3;0.08065826;None;0.07551943;0.9193417429924011;10;3;128;128
26;0;0.0001;concept1;0.04122622;None;0.058069944;0.9587737917900085;10;3;128;128
26;1;0.0001;concept2;0.008502439;None;0.028926548;0.9914975762367249;10;3;128;128
26;2;0.0001;concept3;0.08078738;None;0.076000445;0.9192126393318176;10;3;128;128
27;0;0.0001;concept1;0.040521108;None;0.05729446;0.9594789147377014;10;3;128;128
27;1;0.0001;concept2;0.00849177;None;0.029005663;0.9915082454681396;10;3;128;128
27;2;0.0001;concept3;0.08127909;None;0.07542261;0.9187209010124207;10;3;128;128
28;0;0.0001;concept1;0.03982208;None;0.05653628;0.9601778984069824;10;3;128;128
28;1;0.0001;concept2;0.008493854;None;0.029095685;0.9915061593055725;10;3;128;128
28;2;0.0001;concept3;0.083607115;None;0.07841181;0.9163928627967834;10;3;128;128
29;0;0.0001;concept1;0.03934931;None;0.055947203;0.9606506824493408;10;3;128;128
29;1;0.0001;concept2;0.0085104965;None;0.029196192;0.9914895296096802;10;3;128;128
29;2;0.0001;concept3;0.08210469;None;0.07564625;0.9178953170776367;10;3;128;128
30;0;0.0001;concept1;0.038863562;None;0.05536638;0.9611364603042603;10;3;128;128
30;1;0.0001;concept2;0.008554629;None;0.029338777;0.9914453625679016;10;3;128;128
30;2;0.0001;concept3;0.0868679;None;0.08027586;0.9131321310997009;10;3;128;128
31;0;0.0001;concept1;0.03835576;None;0.05482153;0.9616442322731018;10;3;128;128
31;1;0.0001;concept2;0.008544373;None;0.029390499;0.991455614566803;10;3;128;128
31;2;0.0001;concept3;0.08326504;None;0.07571699;0.9167349934577942;10;3;128;128
32;0;0.0001;concept1;0.03790923;None;0.05432668;0.962090790271759;10;3;128;128
32;1;0.0001;concept2;0.008585806;None;0.02953553;0.9914141893386841;10;3;128;128
32;2;0.0001;concept3;0.08619751;None;0.079765886;0.9138025045394897;10;3;128;128
33;0;0.0001;concept1;0.037415873;None;0.053835306;0.9625841379165649;10;3;128;128
33;1;0.0001;concept2;0.00860488;None;0.029624542;0.991395115852356;10;3;128;128
33;2;0.0001;concept3;0.08204669;None;0.07591645;0.9179533123970032;10;3;128;128
34;0;0.0001;concept1;0.037056085;None;0.05342891;0.9629439115524292;10;3;128;128
34;1;0.0001;concept2;0.008641063;None;0.029725593;0.9913589358329773;10;3;128;128
34;2;0.0001;concept3;0.0854876;None;0.07947493;0.9145123958587646;10;3;128;128
35;0;0.0001;concept1;0.0366901;None;0.05307391;0.9633098840713501;10;3;128;128
35;1;0.0001;concept2;0.008649418;None;0.029779484;0.9913505911827087;10;3;128;128
35;2;0.0001;concept3;0.08162571;None;0.076538004;0.9183743000030518;10;3;128;128
36;0;0.0001;concept1;0.036176126;None;0.05262183;0.9638238549232483;10;3;128;128
36;1;0.0001;concept2;0.008692395;None;0.029858293;0.9913076162338257;10;3;128;128
36;2;0.0001;concept3;0.09066565;None;0.081441276;0.9093343615531921;10;3;128;128
37;0;0.0001;concept1;0.035792693;None;0.052254084;0.9642072916030884;10;3;128;128
37;1;0.0001;concept2;0.008703538;None;0.029887008;0.9912964701652527;10;3;128;128
37;2;0.0001;concept3;0.081662595;None;0.0758342;0.9183374047279358;10;3;128;128
38;0;0.0001;concept1;0.035295516;None;0.05183215;0.9647045135498047;10;3;128;128
38;1;0.0001;concept2;0.0087266555;None;0.02992694;0.9912733435630798;10;3;128;128
38;2;0.0001;concept3;0.08441905;None;0.076714054;0.9155809283256531;10;3;128;128
39;0;0.0001;concept1;0.03491266;None;0.05149323;0.965087354183197;10;3;128;128
39;1;0.0001;concept2;0.008682192;None;0.029869724;0.9913178086280823;10;3;128;128
39;2;0.0001;concept3;0.089629374;None;0.08144641;0.9103706479072571;10;3;128;128
40;0;0.0001;concept1;0.03452581;None;0.05118686;0.9654741883277893;10;3;128;128
40;1;0.0001;concept2;0.008700415;None;0.02988036;0.991299569606781;10;3;128;128
40;2;0.0001;concept3;0.091991045;None;0.08173065;0.9080089330673218;10;3;128;128
41;0;0.0001;concept1;0.034177523;None;0.050870627;0.9658224582672119;10;3;128;128
41;1;0.0001;concept2;0.008707304;None;0.029881787;0.9912927150726318;10;3;128;128
41;2;0.0001;concept3;0.092431724;None;0.0821058;0.9075682759284973;10;3;128;128
42;0;0.0001;concept1;0.033841804;None;0.050586734;0.9661582112312317;10;3;128;128
42;1;0.0001;concept2;0.008725429;None;0.029899899;0.9912745952606201;10;3;128;128
42;2;0.0001;concept3;0.09018565;None;0.08178994;0.9098143577575684;10;3;128;128
43;0;0.0001;concept1;0.033503506;None;0.05031288;0.966496467590332;10;3;128;128
43;1;0.0001;concept2;0.008702758;None;0.029856037;0.9912972450256348;10;3;128;128
43;2;0.0001;concept3;0.08589268;None;0.076788574;0.9141073226928711;10;3;128;128
44;0;0.0001;concept1;0.033180475;None;0.050049976;0.9668195247650146;10;3;128;128
44;1;0.0001;concept2;0.008663058;None;0.029781299;0.9913369417190552;10;3;128;128
44;2;0.0001;concept3;0.076943755;None;0.06841319;0.9230562448501587;10;3;128;128
45;0;0.0001;concept1;0.032796774;None;0.04976892;0.9672031998634338;10;3;128;128
45;1;0.0001;concept2;0.008629338;None;0.029711511;0.991370677947998;10;3;128;128
45;2;0.0001;concept3;0.110788636;None;0.07690323;0.8892113566398621;10;3;128;128
46;0;0.0001;concept1;0.032474183;None;0.049498457;0.967525839805603;10;3;128;128
46;1;0.0001;concept2;0.008631682;None;0.029693102;0.991368293762207;10;3;128;128
46;2;0.0001;concept3;0.08943982;None;0.08040103;0.9105601906776428;10;3;128;128
47;0;0.0001;concept1;0.032209665;None;0.049230304;0.9677903652191162;10;3;128;128
47;1;0.0001;concept2;0.008671546;None;0.029712236;0.9913284778594971;10;3;128;128
47;2;0.0001;concept3;0.11986885;None;0.07911129;0.8801311254501343;10;3;128;128
48;0;0.0001;concept1;0.031879168;None;0.048928257;0.968120813369751;10;3;128;128
48;1;0.0001;concept2;0.008622784;None;0.029609108;0.9913772344589233;10;3;128;128
48;2;0.0001;concept3;0.09678063;None;0.0814888;0.9032193422317505;10;3;128;128
49;0;0.0001;concept1;0.031793635;None;0.04881891;0.9682063460350037;10;3;128;128
49;1;0.0001;concept2;0.008544971;None;0.02946147;0.9914550185203552;10;3;128;128
49;2;0.0001;concept3;0.07837099;None;0.06735188;0.921629011631012;10;3;128;128
50;2;0.0001;concept3;0.09113584;None;0.08147991;0.9088641405105591;10;3;128;128
50;0;0.0001;concept1;0.03128962;None;0.048382826;0.9687103629112244;10;3;128;128
50;1;0.0001;concept2;0.008452694;None;0.029288007;0.9915472865104675;10;3;128;128
51;2;0.0001;concept3;0.07707868;None;0.06969294;0.9229212999343872;10;3;128;128
51;0;0.0001;concept1;0.031131811;None;0.048192114;0.9688681960105896;10;3;128;128
51;1;0.0001;concept2;0.008429554;None;0.029214414;0.9915704727172852;10;3;128;128
52;2;0.0001;concept3;0.08198105;None;0.07281857;0.9180189371109009;10;3;128;128
52;0;0.0001;concept1;0.030787334;None;0.047886707;0.9692126512527466;10;3;128;128
52;1;0.0001;concept2;0.008334587;None;0.029027661;0.9916654229164124;10;3;128;128
53;2;0.0001;concept3;0.07748047;None;0.0667408;0.9225195646286011;10;3;128;128
53;0;0.0001;concept1;0.030644443;None;0.04773414;0.969355583190918;10;3;128;128
53;1;0.0001;concept2;0.008287647;None;0.028909327;0.9917123317718506;10;3;128;128
54;2;0.0001;concept3;0.09931255;None;0.0822159;0.9006874561309814;10;3;128;128
54;0;0.0001;concept1;0.030296015;None;0.0474308;0.9697039723396301;10;3;128;128
54;1;0.0001;concept2;0.008195;None;0.028718578;0.9918050169944763;10;3;128;128
55;2;0.0001;concept3;0.091300584;None;0.06996863;0.9086993932723999;10;3;128;128
55;0;0.0001;concept1;0.03014714;None;0.047276504;0.969852864742279;10;3;128;128
55;1;0.0001;concept2;0.008153729;None;0.02860366;0.9918462634086609;10;3;128;128
56;2;0.0001;concept3;0.09509919;None;0.0800533;0.9049007892608643;10;3;128;128
56;0;0.0001;concept1;0.029604977;None;0.046839867;0.970395028591156;10;3;128;128
56;1;0.0001;concept2;0.008056003;None;0.028408863;0.9919440150260925;10;3;128;128
57;2;0.0001;concept3;0.12903209;None;0.08009252;0.8709679245948792;10;3;128;128
57;0;0.0001;concept1;0.029536283;None;0.046769276;0.9704636931419373;10;3;128;128
57;1;0.0001;concept2;0.008067261;None;0.028380591;0.99193274974823;10;3;128;128
58;2;0.0001;concept3;0.20440635;None;0.09953915;0.7955936193466187;10;3;128;128
58;0;0.0001;concept1;0.028977009;None;0.046313148;0.9710229635238647;10;3;128;128
58;1;0.0001;concept2;0.007970699;None;0.02818981;0.9920293092727661;10;3;128;128
59;2;0.0001;concept3;0.15657732;None;0.0880836;0.8434226512908936;10;3;128;128
59;0;0.0001;concept1;0.028674807;None;0.046055134;0.9713252186775208;10;3;128;128
59;1;0.0001;concept2;0.007888446;None;0.028028782;0.9921115636825562;10;3;128;128
60;2;0.0001;concept3;0.20847227;None;0.10028529;0.7915277481079102;10;3;128;128
60;0;0.0001;concept1;0.028318135;None;0.045739368;0.9716818928718567;10;3;128;128
60;1;0.0001;concept2;0.0077719884;None;0.027804393;0.9922280311584473;10;3;128;128
61;2;0.0001;concept3;0.13347745;None;0.08098324;0.8665225505828857;10;3;128;128
61;0;0.0001;concept1;0.027785588;None;0.045293473;0.97221440076828;10;3;128;128
61;1;0.0001;concept2;0.0077303383;None;0.027712591;0.9922696352005005;10;3;128;128
62;2;0.0001;concept3;0.20896083;None;0.10032822;0.7910391688346863;10;3;128;128
62;0;0.0001;concept1;0.027398728;None;0.04493656;0.9726012945175171;10;3;128;128
62;1;0.0001;concept2;0.007613319;None;0.027476817;0.9923866987228394;10;3;128;128
63;2;0.0001;concept3;0.12974486;None;0.079770066;0.8702551126480103;10;3;128;128
63;0;0.0001;concept1;0.0270951;None;0.044681434;0.9729049205780029;10;3;128;128
63;1;0.0001;concept2;0.007594547;None;0.027400155;0.9924054741859436;10;3;128;128
64;2;0.0001;concept3;0.21375322;None;0.10042381;0.7862467765808105;10;3;128;128
64;0;0.0001;concept1;0.026948633;None;0.044556096;0.9730513691902161;10;3;128;128
64;1;0.0001;concept2;0.0074920617;None;0.027180491;0.9925079345703125;10;3;128;128
65;2;0.0001;concept3;0.13860969;None;0.08182564;0.8613902926445007;10;3;128;128
65;0;0.0001;concept1;0.026532937;None;0.044229187;0.9734670519828796;10;3;128;128
65;1;0.0001;concept2;0.0074340473;None;0.027059237;0.992565929889679;10;3;128;128
66;2;0.0001;concept3;0.21700904;None;0.100550406;0.7829909920692444;10;3;128;128
66;0;0.0001;concept1;0.026346888;None;0.04407176;0.9736531376838684;10;3;128;128
66;1;0.0001;concept2;0.007365839;None;0.0269097;0.9926341772079468;10;3;128;128
67;2;0.0001;concept3;0.12488308;None;0.07769117;0.8751169443130493;10;3;128;128
67;0;0.0001;concept1;0.026097957;None;0.043926354;0.9739020466804504;10;3;128;128
67;1;0.0001;concept2;0.0073325904;None;0.026818737;0.9926674365997314;10;3;128;128
68;2;0.0001;concept3;0.20611535;None;0.09744037;0.7938846349716187;10;3;128;128
68;0;0.0001;concept1;0.02592661;None;0.043758422;0.9740734100341797;10;3;128;128
68;1;0.0001;concept2;0.007250387;None;0.02663194;0.9927496314048767;10;3;128;128
69;2;0.0001;concept3;0.12421174;None;0.077401295;0.8757882714271545;10;3;128;128
69;0;0.0001;concept1;0.025815833;None;0.043628287;0.9741841554641724;10;3;128;128
69;1;0.0001;concept2;0.007240655;None;0.026571382;0.9927593469619751;10;3;128;128
70;2;0.0001;concept3;0.21041457;None;0.098211825;0.7895854115486145;10;3;128;128
70;0;0.0001;concept1;0.025665171;None;0.043459665;0.9743348360061646;10;3;128;128
70;1;0.0001;concept2;0.007164185;None;0.02639776;0.9928358197212219;10;3;128;128
71;2;0.0001;concept3;0.1461539;None;0.08312841;0.8538460731506348;10;3;128;128
71;0;0.0001;concept1;0.025540307;None;0.043348763;0.974459707736969;10;3;128;128
71;1;0.0001;concept2;0.007163716;None;0.026363067;0.9928362965583801;10;3;128;128
72;2;0.0001;concept3;0.21079764;None;0.097858936;0.7892023324966431;10;3;128;128
72;0;0.0001;concept1;0.025350688;None;0.043173864;0.9746493101119995;10;3;128;128
72;1;0.0001;concept2;0.007076184;None;0.026185708;0.9929237961769104;10;3;128;128
73;2;0.0001;concept3;0.13709289;None;0.08064403;0.8629071116447449;10;3;128;128
73;0;0.0001;concept1;0.02511959;None;0.04296397;0.9748803973197937;10;3;128;128
73;1;0.0001;concept2;0.0070696385;None;0.026136018;0.9929303526878357;10;3;128;128
74;2;0.0001;concept3;0.17945658;None;0.09127907;0.8205434083938599;10;3;128;128
74;0;0.0001;concept1;0.02499822;None;0.042837806;0.9750018119812012;10;3;128;128
74;1;0.0001;concept2;0.006963952;None;0.025947077;0.9930360317230225;10;3;128;128
75;2;0.0001;concept3;0.20878878;None;0.09771978;0.7912112474441528;10;3;128;128
75;0;0.0001;concept1;0.0247743;None;0.042627335;0.9752256870269775;10;3;128;128
75;1;0.0001;concept2;0.006908203;None;0.025807146;0.9930918216705322;10;3;128;128
76;2;0.0001;concept3;0.20261301;None;0.096433945;0.7973870038986206;10;3;128;128
76;0;0.0001;concept1;0.024718652;None;0.04255999;0.9752813577651978;10;3;128;128
76;1;0.0001;concept2;0.006901464;None;0.025782581;0.9930985569953918;10;3;128;128
77;2;0.0001;concept3;0.17474195;None;0.09035325;0.8252580165863037;10;3;128;128
77;0;0.0001;concept1;0.02454285;None;0.042392086;0.9754571318626404;10;3;128;128
77;1;0.0001;concept2;0.006849932;None;0.025671247;0.9931500554084778;10;3;128;128
78;2;0.0001;concept3;0.2066883;None;0.09734187;0.7933117151260376;10;3;128;128
78;0;0.0001;concept1;0.024415296;None;0.042273983;0.9755846858024597;10;3;128;128
78;1;0.0001;concept2;0.006790713;None;0.02555855;0.9932093024253845;10;3;128;128
79;2;0.0001;concept3;0.17994861;None;0.09161445;0.820051372051239;10;3;128;128
79;0;0.0001;concept1;0.024282273;None;0.042134583;0.9757177233695984;10;3;128;128
79;1;0.0001;concept2;0.0067767934;None;0.025502205;0.9932231903076172;10;3;128;128
80;2;0.0001;concept3;0.19455391;None;0.094971396;0.8054460883140564;10;3;128;128
80;0;0.0001;concept1;0.024091994;None;0.04194596;0.9759079813957214;10;3;128;128
80;1;0.0001;concept2;0.00668324;None;0.02532694;0.9933167695999146;10;3;128;128
81;2;0.0001;concept3;0.17529088;None;0.09067189;0.8247091174125671;10;3;128;128
81;0;0.0001;concept1;0.023920624;None;0.04180965;0.9760794043540955;10;3;128;128
81;1;0.0001;concept2;0.00666581;None;0.025266873;0.993334174156189;10;3;128;128
82;2;0.0001;concept3;0.15818222;None;0.08670152;0.8418177962303162;10;3;128;128
82;0;0.0001;concept1;0.023711223;None;0.04161347;0.9762887954711914;10;3;128;128
82;1;0.0001;concept2;0.0066311453;None;0.025176847;0.9933688640594482;10;3;128;128
83;2;0.0001;concept3;0.13789068;None;0.081497416;0.8621093034744263;10;3;128;128
83;0;0.0001;concept1;0.023611756;None;0.04149875;0.9763882160186768;10;3;128;128
83;1;0.0001;concept2;0.006565055;None;0.025032826;0.9934349656105042;10;3;128;128
84;2;0.0001;concept3;0.10302252;None;0.07263765;0.8969774842262268;10;3;128;128
84;0;0.0001;concept1;0.023422435;None;0.041312907;0.9765775799751282;10;3;128;128
84;1;0.0001;concept2;0.0065017263;None;0.024889367;0.9934982657432556;10;3;128;128
85;2;0.0001;concept3;0.11692167;None;0.07588048;0.8830783367156982;10;3;128;128
85;0;0.0001;concept1;0.023304803;None;0.041219633;0.97669517993927;10;3;128;128
85;1;0.0001;concept2;0.0064311908;None;0.024737252;0.9935688376426697;10;3;128;128
86;2;0.0001;concept3;0.10768732;None;0.07389121;0.8923126459121704;10;3;128;128
86;0;0.0001;concept1;0.023182396;None;0.041084446;0.9768176078796387;10;3;128;128
86;1;0.0001;concept2;0.0063715465;None;0.024590483;0.9936284422874451;10;3;128;128
87;2;0.0001;concept3;0.10989978;None;0.074438095;0.8901002407073975;10;3;128;128
87;0;0.0001;concept1;0.022991315;None;0.04089164;0.9770087003707886;10;3;128;128
87;1;0.0001;concept2;0.0063352874;None;0.02449961;0.9936647415161133;10;3;128;128
88;2;0.0001;concept3;0.11417158;None;0.07544865;0.88582843542099;10;3;128;128
88;0;0.0001;concept1;0.022899559;None;0.04082288;0.9771004319190979;10;3;128;128
88;1;0.0001;concept2;0.0062812762;None;0.0243852;0.9937187433242798;10;3;128;128
89;2;0.0001;concept3;0.11073679;None;0.07470913;0.8892632126808167;10;3;128;128
89;0;0.0001;concept1;0.022692537;None;0.04061821;0.9773074388504028;10;3;128;128
89;1;0.0001;concept2;0.00622709;None;0.02426734;0.9937729239463806;10;3;128;128
90;2;0.0001;concept3;0.1166945;None;0.0760348;0.8833054900169373;10;3;128;128
90;0;0.0001;concept1;0.022597404;None;0.04052343;0.9774025678634644;10;3;128;128
90;1;0.0001;concept2;0.00619214;None;0.02418507;0.993807852268219;10;3;128;128
91;2;0.0001;concept3;0.11190856;None;0.07505451;0.8880914449691772;10;3;128;128
91;0;0.0001;concept1;0.022416972;None;0.04034689;0.9775830507278442;10;3;128;128
91;1;0.0001;concept2;0.006134433;None;0.024065051;0.9938655495643616;10;3;128;128
92;2;0.0001;concept3;0.111979686;None;0.07509732;0.8880203366279602;10;3;128;128
92;0;0.0001;concept1;0.022297246;None;0.040224392;0.9777027368545532;10;3;128;128
92;1;0.0001;concept2;0.006095975;None;0.023982644;0.9939040541648865;10;3;128;128
93;2;0.0001;concept3;0.11607668;None;0.07607832;0.8839232921600342;10;3;128;128
93;0;0.0001;concept1;0.02223543;None;0.040175617;0.9777645468711853;10;3;128;128
93;1;0.0001;concept2;0.006052319;None;0.02388204;0.9939476847648621;10;3;128;128
94;2;0.0001;concept3;0.111442894;None;0.07509126;0.8885570764541626;10;3;128;128
94;0;0.0001;concept1;0.02209227;None;0.04001064;0.9779077172279358;10;3;128;128
94;1;0.0001;concept2;0.0060528917;None;0.023883462;0.9939470887184143;10;3;128;128
95;2;0.0001;concept3;0.11115277;None;0.0750671;0.8888472318649292;10;3;128;128
95;0;0.0001;concept1;0.021983892;None;0.03990182;0.9780161380767822;10;3;128;128
95;1;0.0001;concept2;0.006003188;None;0.023777101;0.993996798992157;10;3;128;128
96;2;0.0001;concept3;0.11119315;None;0.07504019;0.8888068199157715;10;3;128;128
96;0;0.0001;concept1;0.022005523;None;0.03987242;0.9779945015907288;10;3;128;128
96;1;0.0001;concept2;0.0059409207;None;0.023638362;0.9940590858459473;10;3;128;128
97;2;0.0001;concept3;0.120999925;None;0.077103175;0.8790000677108765;10;3;128;128
97;0;0.0001;concept1;0.02192642;None;0.039813984;0.9780735969543457;10;3;128;128
97;1;0.0001;concept2;0.005908227;None;0.023565646;0.9940917491912842;10;3;128;128
98;2;0.0001;concept3;0.11353672;None;0.075432464;0.8864632844924927;10;3;128;128
98;0;0.0001;concept1;0.021867057;None;0.039742596;0.978132963180542;10;3;128;128
98;1;0.0001;concept2;0.0058579897;None;0.023451641;0.9941419959068298;10;3;128;128
99;2;0.0001;concept3;0.117430165;None;0.07618991;0.8825698494911194;10;3;128;128
99;0;0.0001;concept1;0.021726806;None;0.039641656;0.9782732129096985;10;3;128;128
99;1;0.0001;concept2;0.0058467137;None;0.023421597;0.9941532611846924;10;3;128;128
100;2;0.0001;concept3;0.12054157;None;0.07682251;0.8794584274291992;10;3;128;128
100;0;0.0001;concept1;0.021688867;None;0.039600912;0.9783111214637756;10;3;128;128
100;1;0.0001;concept2;0.005789416;None;0.023294818;0.9942106008529663;10;3;128;128
101;2;0.0001;concept3;0.12057586;None;0.07677432;0.8794241547584534;10;3;128;128
101;0;0.0001;concept1;0.021620229;None;0.039530803;0.9783797860145569;10;3;128;128
101;1;0.0001;concept2;0.0057683405;None;0.023253651;0.994231641292572;10;3;128;128
102;2;0.0001;concept3;0.121192485;None;0.076866165;0.878807544708252;10;3;128;128
102;0;0.0001;concept1;0.021567069;None;0.03945227;0.9784329533576965;10;3;128;128
102;1;0.0001;concept2;0.0057046553;None;0.023125537;0.9942953586578369;10;3;128;128
103;2;0.0001;concept3;0.12460629;None;0.077491246;0.8753936886787415;10;3;128;128
103;0;0.0001;concept1;0.021480875;None;0.03939081;0.9785191416740417;10;3;128;128
103;1;0.0001;concept2;0.005659514;None;0.0230337;0.9943404793739319;10;3;128;128
104;2;0.0001;concept3;0.12997267;None;0.078678526;0.8700273036956787;10;3;128;128
104;0;0.0001;concept1;0.021381196;None;0.039288715;0.9786188006401062;10;3;128;128
104;1;0.0001;concept2;0.005627652;None;0.022968287;0.9943723678588867;10;3;128;128
105;2;0.0001;concept3;0.11288224;None;0.0752082;0.8871177434921265;10;3;128;128
105;0;0.0001;concept1;0.02133189;None;0.039212827;0.9786680936813354;10;3;128;128
105;1;0.0001;concept2;0.0055838837;None;0.022883687;0.9944161176681519;10;3;128;128
106;2;0.0001;concept3;0.12793383;None;0.078190535;0.8720661401748657;10;3;128;128
106;0;0.0001;concept1;0.021282976;None;0.039154734;0.978717029094696;10;3;128;128
106;1;0.0001;concept2;0.005562635;None;0.022840202;0.9944373369216919;10;3;128;128
107;2;0.0001;concept3;0.12211516;None;0.07704427;0.8778848648071289;10;3;128;128
107;0;0.0001;concept1;0.021190243;None;0.03906611;0.9788097739219666;10;3;128;128
107;1;0.0001;concept2;0.005533669;None;0.022785971;0.9944663047790527;10;3;128;128
108;2;0.0001;concept3;0.1310124;None;0.07884892;0.8689876198768616;10;3;128;128
108;0;0.0001;concept1;0.021131521;None;0.03901584;0.9788684844970703;10;3;128;128
108;1;0.0001;concept2;0.005532177;None;0.022787074;0.9944677948951721;10;3;128;128
109;2;0.0001;concept3;0.13807227;None;0.080515735;0.8619277477264404;10;3;128;128
109;0;0.0001;concept1;0.021038214;None;0.038930424;0.9789617657661438;10;3;128;128
109;1;0.0001;concept2;0.0055105947;None;0.022746377;0.9944894313812256;10;3;128;128
110;2;0.0001;concept3;0.15263793;None;0.083750874;0.8473620414733887;10;3;128;128
110;0;0.0001;concept1;0.020982757;None;0.038865685;0.9790172576904297;10;3;128;128
110;1;0.0001;concept2;0.0055019665;None;0.022730095;0.9944980144500732;10;3;128;128
111;2;0.0001;concept3;0.1050876;None;0.07283376;0.8949124217033386;10;3;128;128
111;0;0.0001;concept1;0.020974416;None;0.03882528;0.9790256023406982;10;3;128;128
111;1;0.0001;concept2;0.0054605766;None;0.022651158;0.9945394396781921;10;3;128;128
112;2;0.0001;concept3;0.12545992;None;0.077982;0.8745400905609131;10;3;128;128
112;0;0.0001;concept1;0.021042049;None;0.03885686;0.9789579510688782;10;3;128;128
112;1;0.0001;concept2;0.005571858;None;0.022866625;0.9944281578063965;10;3;128;128
113;2;0.0001;concept3;0.13565238;None;0.07991117;0.8643476366996765;10;3;128;128
113;0;0.0001;concept1;0.020852208;None;0.038727686;0.9791477918624878;10;3;128;128
113;1;0.0001;concept2;0.0054653566;None;0.02265996;0.9945346713066101;10;3;128;128
114;2;0.0001;concept3;0.15645136;None;0.083574474;0.8435486555099487;10;3;128;128
114;0;0.0001;concept1;0.020922568;None;0.03875176;0.9790774583816528;10;3;128;128
114;1;0.0001;concept2;0.0054318765;None;0.022594772;0.9945681095123291;10;3;128;128
115;2;0.0001;concept3;0.17030664;None;0.08698931;0.8296933770179749;10;3;128;128
115;0;0.0001;concept1;0.020840988;None;0.038652126;0.9791589975357056;10;3;128;128
115;1;0.0001;concept2;0.0054816613;None;0.022688994;0.9945183396339417;10;3;128;128
116;2;0.0001;concept3;0.13124418;None;0.07848889;0.8687558174133301;10;3;128;128
116;0;0.0001;concept1;0.020719778;None;0.038555354;0.9792802333831787;10;3;128;128
116;1;0.0001;concept2;0.005471802;None;0.022691414;0.9945281744003296;10;3;128;128
117;2;0.0001;concept3;0.13983323;None;0.08038943;0.8601667881011963;10;3;128;128
117;0;0.0001;concept1;0.02062542;None;0.038469605;0.9793745875358582;10;3;128;128
117;1;0.0001;concept2;0.0054293536;None;0.02259535;0.9945706725120544;10;3;128;128
118;2;0.0001;concept3;0.1588241;None;0.08417086;0.84117591381073;10;3;128;128
118;0;0.0001;concept1;0.020553095;None;0.038389545;0.9794468879699707;10;3;128;128
118;1;0.0001;concept2;0.005407398;None;0.022549452;0.9945926070213318;10;3;128;128
119;2;0.0001;concept3;0.10963338;None;0.07322746;0.8903666138648987;10;3;128;128
119;0;0.0001;concept1;0.020455077;None;0.038319334;0.9795449376106262;10;3;128;128
119;1;0.0001;concept2;0.005409058;None;0.022548094;0.9945909380912781;10;3;128;128
120;2;0.0001;concept3;0.13837859;None;0.0802148;0.8616213798522949;10;3;128;128
120;0;0.0001;concept1;0.020420954;None;0.03829638;0.9795790314674377;10;3;128;128
120;1;0.0001;concept2;0.0054726196;None;0.02267125;0.9945273995399475;10;3;128;128
121;2;0.0001;concept3;0.1512518;None;0.08249533;0.8487482070922852;10;3;128;128
121;0;0.0001;concept1;0.020324757;None;0.038221776;0.9796752333641052;10;3;128;128
121;1;0.0001;concept2;0.005395674;None;0.022523355;0.9946043491363525;10;3;128;128
122;2;0.0001;concept3;0.16306287;None;0.08478352;0.8369371294975281;10;3;128;128
122;0;0.0001;concept1;0.020278182;None;0.03816648;0.9797218441963196;10;3;128;128
122;1;0.0001;concept2;0.0053712386;None;0.022470063;0.9946287870407104;10;3;128;128
123;2;0.0001;concept3;0.15127079;None;0.08220649;0.8487291932106018;10;3;128;128
123;0;0.0001;concept1;0.020374157;None;0.038246132;0.9796258211135864;10;3;128;128
123;1;0.0001;concept2;0.0054042735;None;0.022527602;0.9945957064628601;10;3;128;128
124;2;0.0001;concept3;0.16325092;None;0.08463332;0.8367490768432617;10;3;128;128
124;0;0.0001;concept1;0.020330403;None;0.038230274;0.9796695709228516;10;3;128;128
124;1;0.0001;concept2;0.005407135;None;0.022515563;0.9945928454399109;10;3;128;128
125;2;0.0001;concept3;0.16691048;None;0.0853679;0.8330895304679871;10;3;128;128
125;0;0.0001;concept1;0.020294596;None;0.03820229;0.9797053933143616;10;3;128;128
125;1;0.0001;concept2;0.0053718993;None;0.022435268;0.9946280717849731;10;3;128;128
126;2;0.0001;concept3;0.16593724;None;0.08516046;0.8340627551078796;10;3;128;128
126;0;0.0001;concept1;0.020268843;None;0.038188092;0.9797311425209045;10;3;128;128
126;1;0.0001;concept2;0.0053505995;None;0.022369592;0.9946494102478027;10;3;128;128
127;2;0.0001;concept3;0.1402621;None;0.079947405;0.8597378730773926;10;3;128;128
127;0;0.0001;concept1;0.020173667;None;0.038099915;0.9798263311386108;10;3;128;128
127;1;0.0001;concept2;0.005348984;None;0.022349529;0.9946510195732117;10;3;128;128
128;2;0.0001;concept3;0.14205088;None;0.07994824;0.8579491376876831;10;3;128;128
128;0;0.0001;concept1;0.020081915;None;0.038042847;0.9799180626869202;10;3;128;128
128;1;0.0001;concept2;0.005303184;None;0.022250248;0.9946967959403992;10;3;128;128
129;2;0.0001;concept3;0.15435183;None;0.08251259;0.8456481695175171;10;3;128;128
129;0;0.0001;concept1;0.020099705;None;0.038062643;0.9799003005027771;10;3;128;128
129;1;0.0001;concept2;0.005289407;None;0.02220105;0.9947105646133423;10;3;128;128
130;2;0.0001;concept3;0.166831;None;0.085289985;0.8331689834594727;10;3;128;128
130;0;0.0001;concept1;0.019994525;None;0.037954416;0.9800055027008057;10;3;128;128
130;1;0.0001;concept2;0.005295027;None;0.022209652;0.9947049617767334;10;3;128;128
131;2;0.0001;concept3;0.16048317;None;0.08379195;0.8395168781280518;10;3;128;128
131;0;0.0001;concept1;0.020055573;None;0.038011674;0.9799444079399109;10;3;128;128
131;1;0.0001;concept2;0.0052929604;None;0.022203442;0.9947070479393005;10;3;128;128
132;2;0.0001;concept3;0.16728657;None;0.0852447;0.8327134251594543;10;3;128;128
132;0;0.0001;concept1;0.020006817;None;0.037979607;0.9799931645393372;10;3;128;128
132;1;0.0001;concept2;0.0052649477;None;0.022144752;0.994735062122345;10;3;128;128
133;2;0.0001;concept3;0.16120875;None;0.08400594;0.8387912511825562;10;3;128;128
133;0;0.0001;concept1;0.020078018;None;0.038031425;0.9799219965934753;10;3;128;128
133;1;0.0001;concept2;0.005284973;None;0.022175517;0.9947150349617004;10;3;128;128
134;2;0.0001;concept3;0.14935465;None;0.081512064;0.8506453633308411;10;3;128;128
134;0;0.0001;concept1;0.020042786;None;0.038012937;0.9799572229385376;10;3;128;128
134;1;0.0001;concept2;0.005246205;None;0.022093477;0.9947537779808044;10;3;128;128
135;2;0.0001;concept3;0.15177801;None;0.081988834;0.848222017288208;10;3;128;128
135;0;0.0001;concept1;0.020096203;None;0.038072124;0.9799038171768188;10;3;128;128
135;1;0.0001;concept2;0.0052263527;None;0.022044474;0.9947736263275146;10;3;128;128
136;2;0.0001;concept3;0.1676862;None;0.08524471;0.8323137760162354;10;3;128;128
136;0;0.0001;concept1;0.020091373;None;0.038075235;0.9799086451530457;10;3;128;128
136;1;0.0001;concept2;0.0052087824;None;0.022000864;0.9947912096977234;10;3;128;128
137;2;0.0001;concept3;0.14683609;None;0.08105031;0.8531638979911804;10;3;128;128
137;0;0.0001;concept1;0.02014401;None;0.038117032;0.979856014251709;10;3;128;128
137;1;0.0001;concept2;0.0052211126;None;0.02201593;0.9947788715362549;10;3;128;128
138;2;0.0001;concept3;0.15006992;None;0.08165636;0.8499300479888916;10;3;128;128
138;0;0.0001;concept1;0.02012713;None;0.038112774;0.9798728823661804;10;3;128;128
138;1;0.0001;concept2;0.005236961;None;0.022029571;0.9947630167007446;10;3;128;128
139;2;0.0001;concept3;0.15581906;None;0.08293176;0.8441809415817261;10;3;128;128
139;0;0.0001;concept1;0.020181842;None;0.038163234;0.9798181653022766;10;3;128;128
139;1;0.0001;concept2;0.005226806;None;0.022002714;0.9947732090950012;10;3;128;128
140;2;0.0001;concept3;0.15264854;None;0.08221917;0.8473514318466187;10;3;128;128
140;0;0.0001;concept1;0.02015735;None;0.038129862;0.9798426628112793;10;3;128;128
140;1;0.0001;concept2;0.0052166055;None;0.021975067;0.9947834014892578;10;3;128;128
141;2;0.0001;concept3;0.1539005;None;0.08242728;0.8460994958877563;10;3;128;128
141;0;0.0001;concept1;0.020192537;None;0.038157333;0.979807436466217;10;3;128;128
141;1;0.0001;concept2;0.005204795;None;0.021948779;0.9947952032089233;10;3;128;128
142;2;0.0001;concept3;0.15598458;None;0.082801156;0.8440154194831848;10;3;128;128
142;0;0.0001;concept1;0.020199807;None;0.038150955;0.9798001646995544;10;3;128;128
142;1;0.0001;concept2;0.0052254377;None;0.02198141;0.994774580001831;10;3;128;128
143;2;0.0001;concept3;0.15486084;None;0.08254757;0.8451391458511353;10;3;128;128
143;0;0.0001;concept1;0.020177871;None;0.038141076;0.9798220992088318;10;3;128;128
143;1;0.0001;concept2;0.0052278345;None;0.02198618;0.99477219581604;10;3;128;128
144;2;0.0001;concept3;0.14639886;None;0.080773175;0.8536011576652527;10;3;128;128
144;0;0.0001;concept1;0.020148696;None;0.03813328;0.9798513054847717;10;3;128;128
144;1;0.0001;concept2;0.0052052173;None;0.021938944;0.9947947859764099;10;3;128;128
145;2;0.0001;concept3;0.15171264;None;0.081842445;0.8482873439788818;10;3;128;128
145;0;0.0001;concept1;0.020189023;None;0.03815949;0.9798109531402588;10;3;128;128
145;1;0.0001;concept2;0.0052383416;None;0.022012021;0.9947616457939148;10;3;128;128
146;2;0.0001;concept3;0.14635746;None;0.08072258;0.8536425828933716;10;3;128;128
146;0;0.0001;concept1;0.020077873;None;0.03809011;0.9799221158027649;10;3;128;128
146;1;0.0001;concept2;0.005205278;None;0.021944951;0.9947947263717651;10;3;128;128
147;2;0.0001;concept3;0.14823806;None;0.081053734;0.8517619371414185;10;3;128;128
147;0;0.0001;concept1;0.020202972;None;0.03819673;0.9797970056533813;10;3;128;128
147;1;0.0001;concept2;0.005222903;None;0.021984363;0.9947770833969116;10;3;128;128
148;2;0.0001;concept3;0.14121756;None;0.07969095;0.8587824106216431;10;3;128;128
148;0;0.0001;concept1;0.020134393;None;0.038135536;0.9798656105995178;10;3;128;128
148;1;0.0001;concept2;0.005244774;None;0.02202639;0.994755208492279;10;3;128;128
149;2;0.0001;concept3;0.13603243;None;0.07867741;0.8639675378799438;10;3;128;128
149;0;0.0001;concept1;0.020169567;None;0.038160715;0.9798304438591003;10;3;128;128
149;1;0.0001;concept2;0.005242264;None;0.022024961;0.9947577118873596;10;3;128;128
150;0;0.0001;concept1;0.020138612;None;0.038144194;0.9798613786697388;10;3;128;128
150;1;0.0001;concept2;0.0052311765;None;0.022002025;0.9947687983512878;10;3;128;128
150;2;0.0001;concept3;0.13314684;None;0.07806736;0.8668531775474548;10;3;128;128
151;0;0.0001;concept1;0.020179758;None;0.03819008;0.9798202514648438;10;3;128;128
151;1;0.0001;concept2;0.0052372874;None;0.022022163;0.9947627186775208;10;3;128;128
151;2;0.0001;concept3;0.130213;None;0.077462114;0.8697869777679443;10;3;128;128
152;0;0.0001;concept1;0.020192003;None;0.03820525;0.97980797290802;10;3;128;128
152;1;0.0001;concept2;0.0052316436;None;0.022017028;0.9947683811187744;10;3;128;128
152;2;0.0001;concept3;0.12563978;None;0.07652362;0.874360203742981;10;3;128;128
153;0;0.0001;concept1;0.020206535;None;0.03824077;0.9797934889793396;10;3;128;128
153;1;0.0001;concept2;0.0052157287;None;0.021987392;0.9947842955589294;10;3;128;128
153;2;0.0001;concept3;0.13215186;None;0.07785469;0.8678481578826904;10;3;128;128
154;0;0.0001;concept1;0.020436564;None;0.03838975;0.9795634150505066;10;3;128;128
154;1;0.0001;concept2;0.005217505;None;0.022004269;0.9947825074195862;10;3;128;128
154;2;0.0001;concept3;0.12146148;None;0.07554582;0.8785384893417358;10;3;128;128
155;0;0.0001;concept1;0.020341719;None;0.03835328;0.979658305644989;10;3;128;128
155;1;0.0001;concept2;0.005193297;None;0.021953488;0.994806706905365;10;3;128;128
155;2;0.0001;concept3;0.12421876;None;0.07612837;0.875781238079071;10;3;128;128
156;0;0.0001;concept1;0.02021651;None;0.0382745;0.9797834753990173;10;3;128;128
156;1;0.0001;concept2;0.005213036;None;0.022007918;0.9947869777679443;10;3;128;128
156;2;0.0001;concept3;0.1225774;None;0.07578822;0.877422571182251;10;3;128;128
157;0;0.0001;concept1;0.02059283;None;0.03853101;0.9794071912765503;10;3;128;128
157;1;0.0001;concept2;0.0052098655;None;0.022009946;0.9947901368141174;10;3;128;128
157;2;0.0001;concept3;0.122577704;None;0.07578677;0.8774223327636719;10;3;128;128
158;0;0.0001;concept1;0.020564212;None;0.03849791;0.9794358015060425;10;3;128;128
158;1;0.0001;concept2;0.0051814667;None;0.02195265;0.9948185086250305;10;3;128;128
158;2;0.0001;concept3;0.12380678;None;0.07607558;0.8761932253837585;10;3;128;128
159;0;0.0001;concept1;0.020289525;None;0.038312547;0.9797104597091675;10;3;128;128
159;1;0.0001;concept2;0.00518995;None;0.021984708;0.9948100447654724;10;3;128;128
159;2;0.0001;concept3;0.121354334;None;0.07553628;0.878645658493042;10;3;128;128
160;0;0.0001;concept1;0.020374598;None;0.03836731;0.979625403881073;10;3;128;128
160;1;0.0001;concept2;0.00518168;None;0.021975558;0.9948183298110962;10;3;128;128
160;2;0.0001;concept3;0.1250096;None;0.07621412;0.8749904036521912;10;3;128;128
161;0;0.0001;concept1;0.020262677;None;0.038290635;0.9797373414039612;10;3;128;128
161;1;0.0001;concept2;0.005168377;None;0.021968875;0.9948316216468811;10;3;128;128
161;2;0.0001;concept3;0.12448086;None;0.07613561;0.8755191564559937;10;3;128;128
162;0;0.0001;concept1;0.020341098;None;0.038334887;0.9796589016914368;10;3;128;128
162;1;0.0001;concept2;0.0051780506;None;0.02199732;0.9948219656944275;10;3;128;128
162;2;0.0001;concept3;0.12695897;None;0.076583244;0.873041033744812;10;3;128;128
163;0;0.0001;concept1;0.020280948;None;0.038299702;0.9797190427780151;10;3;128;128
163;1;0.0001;concept2;0.0051730843;None;0.022000516;0.9948269128799438;10;3;128;128
163;2;0.0001;concept3;0.12932599;None;0.07705978;0.8706740140914917;10;3;128;128
164;0;0.0001;concept1;0.020255616;None;0.0382811;0.9797443747520447;10;3;128;128
164;1;0.0001;concept2;0.005163401;None;0.021985324;0.9948366284370422;10;3;128;128
164;2;0.0001;concept3;0.13841695;None;0.078870624;0.8615830540657043;10;3;128;128
165;0;0.0001;concept1;0.020246308;None;0.03827209;0.9797536730766296;10;3;128;128
165;1;0.0001;concept2;0.0051444606;None;0.021971919;0.994855523109436;10;3;128;128
165;2;0.0001;concept3;0.150799;None;0.08135744;0.849200963973999;10;3;128;128
166;0;0.0001;concept1;0.020200605;None;0.038222685;0.9797993898391724;10;3;128;128
166;1;0.0001;concept2;0.0051406655;None;0.021963164;0.9948593378067017;10;3;128;128
166;2;0.0001;concept3;0.10178417;None;0.07087705;0.8982158303260803;10;3;128;128
167;0;0.0001;concept1;0.020457067;None;0.038430095;0.9795429110527039;10;3;128;128
167;1;0.0001;concept2;0.0051225056;None;0.02191594;0.9948775172233582;10;3;128;128
167;2;0.0001;concept3;0.09076842;None;0.06956747;0.9092316031455994;10;3;128;128
168;0;0.0001;concept1;0.020343803;None;0.03835122;0.9796562194824219;10;3;128;128
168;1;0.0001;concept2;0.0050909542;None;0.021848395;0.9949090480804443;10;3;128;128
168;2;0.0001;concept3;0.09970091;None;0.074355885;0.900299072265625;10;3;128;128
169;0;0.0001;concept1;0.02034305;None;0.038375556;0.9796569347381592;10;3;128;128
169;1;0.0001;concept2;0.0051225624;None;0.02191872;0.9948774576187134;10;3;128;128
169;2;0.0001;concept3;0.0932038;None;0.07216708;0.9067962169647217;10;3;128;128
170;0;0.0001;concept1;0.020304747;None;0.03835261;0.9796952605247498;10;3;128;128
170;1;0.0001;concept2;0.005089889;None;0.021870788;0.9949101209640503;10;3;128;128
170;2;0.0001;concept3;0.14855944;None;0.09407465;0.8514405488967896;10;3;128;128
171;0;0.0001;concept1;0.020701122;None;0.03870707;0.9792988896369934;10;3;128;128
171;1;0.0001;concept2;0.0050694942;None;0.021817172;0.9949305057525635;10;3;128;128
171;2;0.0001;concept3;0.10474778;None;0.07801735;0.8952522277832031;10;3;128;128
172;0;0.0001;concept1;0.02033861;None;0.03839359;0.9796614050865173;10;3;128;128
172;1;0.0001;concept2;0.005068025;None;0.021835761;0.9949319958686829;10;3;128;128
172;2;0.0001;concept3;0.11962375;None;0.08473881;0.8803762197494507;10;3;128;128
173;0;0.0001;concept1;0.02033492;None;0.038387086;0.9796651005744934;10;3;128;128
173;1;0.0001;concept2;0.0050451676;None;0.021788578;0.9949548244476318;10;3;128;128
173;2;0.0001;concept3;0.11002252;None;0.08074977;0.8899774551391602;10;3;128;128
174;0;0.0001;concept1;0.020391274;None;0.038441367;0.9796087145805359;10;3;128;128
174;1;0.0001;concept2;0.0050300704;None;0.021770833;0.99496990442276;10;3;128;128
174;2;0.0001;concept3;0.10915015;None;0.08040521;0.8908498287200928;10;3;128;128
175;0;0.0001;concept1;0.020343496;None;0.038384154;0.9796565175056458;10;3;128;128
175;1;0.0001;concept2;0.0050167763;None;0.021747844;0.9949831962585449;10;3;128;128
175;2;0.0001;concept3;0.109117225;None;0.08020332;0.8908827900886536;10;3;128;128
176;0;0.0001;concept1;0.020329298;None;0.03836106;0.9796707034111023;10;3;128;128
176;1;0.0001;concept2;0.0050118156;None;0.021753713;0.994988203048706;10;3;128;128
176;2;0.0001;concept3;0.11400084;None;0.08223765;0.8859991431236267;10;3;128;128
177;0;0.0001;concept1;0.020502398;None;0.038496435;0.9794976115226746;10;3;128;128
177;1;0.0001;concept2;0.0049931775;None;0.02171364;0.995006799697876;10;3;128;128
177;2;0.0001;concept3;0.10437986;None;0.07826452;0.8956201076507568;10;3;128;128
178;0;0.0001;concept1;0.020247942;None;0.0382634;0.9797520637512207;10;3;128;128
178;1;0.0001;concept2;0.004965135;None;0.021673959;0.9950348734855652;10;3;128;128
178;2;0.0001;concept3;0.11068819;None;0.08074845;0.8893117904663086;10;3;128;128
179;0;0.0001;concept1;0.020330606;None;0.0383125;0.9796693921089172;10;3;128;128
179;1;0.0001;concept2;0.0049560224;None;0.021653611;0.9950439929962158;10;3;128;128
179;2;0.0001;concept3;0.10538029;None;0.07862009;0.8946197032928467;10;3;128;128
180;0;0.0001;concept1;0.020250311;None;0.038242523;0.9797496795654297;10;3;128;128
180;1;0.0001;concept2;0.004945261;None;0.021644179;0.9950547218322754;10;3;128;128
180;2;0.0001;concept3;0.10880122;None;0.07997239;0.8911987543106079;10;3;128;128
181;0;0.0001;concept1;0.020425348;None;0.038373932;0.9795746803283691;10;3;128;128
181;1;0.0001;concept2;0.0049140775;None;0.02157138;0.9950858950614929;10;3;128;128
181;2;0.0001;concept3;0.10802517;None;0.07976692;0.8919748067855835;10;3;128;128
182;0;0.0001;concept1;0.020553043;None;0.038469903;0.9794469475746155;10;3;128;128
182;1;0.0001;concept2;0.004919955;None;0.021585733;0.9950800538063049;10;3;128;128
182;2;0.0001;concept3;0.11190314;None;0.081395805;0.8880968689918518;10;3;128;128
183;0;0.0001;concept1;0.020671064;None;0.038559385;0.9793289303779602;10;3;128;128
183;1;0.0001;concept2;0.0048871427;None;0.021518191;0.9951128363609314;10;3;128;128
183;2;0.0001;concept3;0.10505389;None;0.078644074;0.8949460983276367;10;3;128;128
184;0;0.0001;concept1;0.020700553;None;0.038574554;0.9792994260787964;10;3;128;128
184;1;0.0001;concept2;0.0048587224;None;0.02145626;0.9951412677764893;10;3;128;128
184;2;0.0001;concept3;0.10923432;None;0.08032047;0.8907656669616699;10;3;128;128
185;0;0.0001;concept1;0.020941496;None;0.038759764;0.9790585041046143;10;3;128;128
185;1;0.0001;concept2;0.0048401416;None;0.02141734;0.9951598644256592;10;3;128;128
185;2;0.0001;concept3;0.1085353;None;0.0799379;0.8914647102355957;10;3;128;128
186;0;0.0001;concept1;0.020775205;None;0.038603935;0.9792248010635376;10;3;128;128
186;1;0.0001;concept2;0.004817697;None;0.021380128;0.9951822757720947;10;3;128;128
186;2;0.0001;concept3;0.10789928;None;0.079736285;0.8921007513999939;10;3;128;128
187;0;0.0001;concept1;0.020667663;None;0.038494125;0.9793323278427124;10;3;128;128
187;1;0.0001;concept2;0.004794654;None;0.02132932;0.9952053427696228;10;3;128;128
187;2;0.0001;concept3;0.11085599;None;0.08079869;0.8891440033912659;10;3;128;128
188;0;0.0001;concept1;0.020976955;None;0.03876211;0.9790230393409729;10;3;128;128
188;1;0.0001;concept2;0.004776343;None;0.021295361;0.9952236413955688;10;3;128;128
188;2;0.0001;concept3;0.10806819;None;0.07970156;0.8919317722320557;10;3;128;128
189;0;0.0001;concept1;0.020746253;None;0.038544398;0.9792537689208984;10;3;128;128
189;1;0.0001;concept2;0.0047624405;None;0.021274885;0.9952375888824463;10;3;128;128
189;2;0.0001;concept3;0.11403792;None;0.082017735;0.8859620690345764;10;3;128;128
190;0;0.0001;concept1;0.021052666;None;0.038802117;0.9789473414421082;10;3;128;128
190;1;0.0001;concept2;0.0047328174;None;0.021216363;0.9952671527862549;10;3;128;128
190;2;0.0001;concept3;0.10901019;None;0.080089174;0.8909897804260254;10;3;128;128
191;0;0.0001;concept1;0.020732172;None;0.03851293;0.9792678356170654;10;3;128;128
191;1;0.0001;concept2;0.004722327;None;0.021210475;0.9952776432037354;10;3;128;128
191;2;0.0001;concept3;0.11472853;None;0.08230475;0.8852714896202087;10;3;128;128
192;0;0.0001;concept1;0.020866469;None;0.03861809;0.9791335463523865;10;3;128;128
192;1;0.0001;concept2;0.00470524;None;0.021177178;0.9952947497367859;10;3;128;128
192;2;0.0001;concept3;0.109612636;None;0.08037086;0.8903873562812805;10;3;128;128
193;0;0.0001;concept1;0.020718334;None;0.038488276;0.9792816638946533;10;3;128;128
193;1;0.0001;concept2;0.0047057723;None;0.021189926;0.9952942132949829;10;3;128;128
193;2;0.0001;concept3;0.11450728;None;0.08222797;0.885492742061615;10;3;128;128
194;0;0.0001;concept1;0.020865923;None;0.03860793;0.9791340827941895;10;3;128;128
194;1;0.0001;concept2;0.004695715;None;0.021173237;0.99530428647995;10;3;128;128
194;2;0.0001;concept3;0.111290224;None;0.081102476;0.8887097835540771;10;3;128;128
195;0;0.0001;concept1;0.020712873;None;0.03846219;0.9792871475219727;10;3;128;128
195;1;0.0001;concept2;0.0046972972;None;0.021189347;0.995302677154541;10;3;128;128
195;2;0.0001;concept3;0.11579847;None;0.08269205;0.8842015266418457;10;3;128;128
196;0;0.0001;concept1;0.0208516;None;0.03858557;0.9791483879089355;10;3;128;128
196;1;0.0001;concept2;0.004689125;None;0.021169996;0.99531090259552;10;3;128;128
196;2;0.0001;concept3;0.111205794;None;0.0811803;0.8887941837310791;10;3;128;128
197;0;0.0001;concept1;0.020758104;None;0.038486622;0.9792419075965881;10;3;128;128
197;1;0.0001;concept2;0.0046961354;None;0.02120217;0.9953038692474365;10;3;128;128
197;2;0.0001;concept3;0.119635224;None;0.08414751;0.8803647756576538;10;3;128;128
198;0;0.0001;concept1;0.02117692;None;0.03886719;0.9788230657577515;10;3;128;128
198;1;0.0001;concept2;0.00467209;None;0.021154994;0.995327889919281;10;3;128;128
198;2;0.0001;concept3;0.108846456;None;0.080451354;0.8911535739898682;10;3;128;128
199;0;0.0001;concept1;0.020738754;None;0.03846298;0.9792612195014954;10;3;128;128
199;1;0.0001;concept2;0.004687818;None;0.021199092;0.9953121542930603;10;3;128;128
199;2;0.0001;concept3;0.12761113;None;0.08696163;0.8723888397216797;10;3;128;128
