0;0;0.0001;concept1;0.6877470497299272;None;0.3217081280305704;0.3122529502700728;10;3;128;128
0;1;0.0001;concept2;2.745557864388565;None;0.364963897999209;-1.7455578643885654;10;3;128;128
0;2;0.0001;concept3;0.8082799990730701;None;0.14328054118499772;0.19172000092692987;10;3;128;128
1;0;0.0001;concept1;0.8313498560362773;None;0.3480277041485411;0.1686501439637227;10;3;128;128
1;1;0.0001;concept2;2.6530268800021117;None;0.3551788930407833;-1.6530268800021117;10;3;128;128
1;2;0.0001;concept3;0.9201358696145994;None;0.15029515829726514;0.07986413038540074;10;3;128;128
2;0;0.0001;concept1;0.7511311338274118;None;0.3288798554106392;0.2488688661725882;10;3;128;128
2;1;0.0001;concept2;2.463932901934412;None;0.3425503863364989;-1.4639329019344118;10;3;128;128
2;2;0.0001;concept3;0.8021726068980854;None;0.13910923223137248;0.19782739310191455;10;3;128;128
3;0;0.0001;concept1;0.7106550854828276;None;0.31895731057964644;0.28934491451717237;10;3;128;128
3;1;0.0001;concept2;2.3678203417857375;None;0.33592114523851613;-1.3678203417857375;10;3;128;128
3;2;0.0001;concept3;0.7407568904233035;None;0.13283963280140146;0.2592431095766966;10;3;128;128
4;0;0.0001;concept1;0.6474931593147323;None;0.3026601411415618;0.35250684068526783;10;3;128;128
4;1;0.0001;concept2;2.2145706158977454;None;0.324923428771818;-1.2145706158977458;10;3;128;128
4;2;0.0001;concept3;0.6477922188139267;None;0.12300913220475797;0.35220778118607343;10;3;128;128
5;0;0.0001;concept1;0.5950302796346943;None;0.2885746009361863;0.40496972036530565;10;3;128;128
5;1;0.0001;concept2;2.075965522994667;None;0.31445284121322653;-1.0759655229946672;10;3;128;128
5;2;0.0001;concept3;0.5726466276858383;None;0.11488301601200222;0.4273533723141617;10;3;128;128
6;0;0.0001;concept1;0.5674281179288376;None;0.28083331097474723;0.4325718820711624;10;3;128;128
6;1;0.0001;concept2;1.9993830780495443;None;0.3084496895347818;-0.9993830780495445;10;3;128;128
6;2;0.0001;concept3;0.5336823650869644;None;0.11051451515645996;0.4663176349130356;10;3;128;128
7;0;0.0001;concept1;0.5223247092563813;None;0.26838829802675623;0.4776752907436187;10;3;128;128
7;1;0.0001;concept2;1.8668137565334104;None;0.2977191904711397;-0.8668137565334104;10;3;128;128
7;2;0.0001;concept3;0.47008023694156764;None;0.10286632661300787;0.5299197630584325;10;3;128;128
8;0;0.0001;concept1;0.48357498869910204;None;0.25731802699123474;0.5164250113008979;10;3;128;128
8;1;0.0001;concept2;1.7417691896835479;None;0.2871156215932994;-0.7417691896835479;10;3;128;128
8;2;0.0001;concept3;0.41675910016149115;None;0.09596775655692921;0.5832408998385089;10;3;128;128
9;0;0.0001;concept1;0.4496909194351248;None;0.24733330180173016;0.5503090805648752;10;3;128;128
9;1;0.0001;concept2;1.623713799906286;None;0.27671717962496145;-0.6237137999062861;10;3;128;128
9;2;0.0001;concept3;0.3717521669271634;None;0.08995419535228125;0.6282478330728366;10;3;128;128
10;0;0.0001;concept1;0.4326811695198239;None;0.24213515498976595;0.5673188304801762;10;3;128;128
10;1;0.0001;concept2;1.5629368844179412;None;0.27120705963575537;-0.5629368844179412;10;3;128;128
10;2;0.0001;concept3;0.34883146867475945;None;0.08698928118962694;0.6511685313252406;10;3;128;128
11;0;0.0001;concept1;0.40295003248859423;None;0.23277352069020815;0.5970499675114058;10;3;128;128
11;1;0.0001;concept2;1.454921073674225;None;0.26119142690788727;-0.4549210736742251;10;3;128;128
11;2;0.0001;concept3;0.31030774454753884;None;0.08181712972639761;0.6896922554524612;10;3;128;128
12;0;0.0001;concept1;0.37700384719453334;None;0.22428264950790533;0.6229961528054667;10;3;128;128
12;1;0.0001;concept2;1.3566619816258387;None;0.2517703519608834;-0.35666198162583873;10;3;128;128
12;2;0.0001;concept3;0.2784283190133509;None;0.07714742808811019;0.721571680986649;10;3;128;128
13;0;0.0001;concept1;0.3538890892103218;None;0.21644421855506824;0.6461109107896782;10;3;128;128
13;1;0.0001;concept2;1.2648108669951323;None;0.2426384145254268;-0.26481086699513257;10;3;128;128
13;2;0.0001;concept3;0.2501539183454142;None;0.07284520720455864;0.7498460816545858;10;3;128;128
14;0;0.0001;concept1;0.3428206592872825;None;0.2125935464966517;0.6571793407127176;10;3;128;128
14;1;0.0001;concept2;1.2199542238266687;None;0.23804772181842687;-0.21995422382666896;10;3;128;128
14;2;0.0001;concept3;0.23670761391378398;None;0.07073734082765835;0.763292386086216;10;3;128;128
15;0;0.0001;concept1;0.32430753312926625;None;0.20598826525538086;0.6756924668707338;10;3;128;128
15;1;0.0001;concept2;1.1432240302491983;None;0.22997404023145346;-0.14322403024919828;10;3;128;128
15;2;0.0001;concept3;0.21451005217347674;None;0.06717145969391566;0.7854899478265233;10;3;128;128
16;0;0.0001;concept1;0.30570146244451885;None;0.19917430687717166;0.6942985375554811;10;3;128;128
16;1;0.0001;concept2;1.0637294511565483;None;0.22126991990225614;-0.06372945115654827;10;3;128;128
16;2;0.0001;concept3;0.1942522266055061;None;0.06381749591430709;0.8057477733944939;10;3;128;128
17;0;0.0001;concept1;0.2890128625796336;None;0.19290405031399258;0.7109871374203665;10;3;128;128
17;1;0.0001;concept2;0.9903173290256491;None;0.21293592347445373;0.009682670974350827;10;3;128;128
17;2;0.0001;concept3;0.17783681627031683;None;0.06117836677029393;0.8221631837296832;10;3;128;128
18;0;0.0001;concept1;0.2813688225690158;None;0.18997026524699684;0.7186311774309841;10;3;128;128
18;1;0.0001;concept2;0.9556200382111315;None;0.2088511534233439;0.044379961788868494;10;3;128;128
18;2;0.0001;concept3;0.17059150107959511;None;0.05994409408929092;0.8294084989204049;10;3;128;128
19;0;0.0001;concept1;0.2679075894396731;None;0.18471937142819994;0.7320924105603269;10;3;128;128
19;1;0.0001;concept2;0.8931460034823736;None;0.2013483527463064;0.10685399651762628;10;3;128;128
19;2;0.0001;concept3;0.1586347455969705;None;0.057960502375490906;0.8413652544030295;10;3;128;128
20;0;0.0001;concept1;0.25582124621389885;None;0.17989907449244177;0.7441787537861011;10;3;128;128
20;1;0.0001;concept2;0.835940736908943;None;0.1942167289055789;0.1640592630910569;10;3;128;128
20;2;0.0001;concept3;0.1482964831466252;None;0.05642804891590627;0.8517035168533749;10;3;128;128
21;0;0.0001;concept1;0.2434960966752492;None;0.17491172321492957;0.7565039033247508;10;3;128;128
21;1;0.0001;concept2;0.7770988191278255;None;0.18663327320048068;0.2229011808721746;10;3;128;128
21;2;0.0001;concept3;0.13903358581385603;None;0.05493942475527002;0.860966414186144;10;3;128;128
22;0;0.0001;concept1;0.23796206825439228;None;0.17265850684706952;0.7620379317456077;10;3;128;128
22;1;0.0001;concept2;0.7502286253766959;None;0.18305173973800126;0.24977137462330412;10;3;128;128
22;2;0.0001;concept3;0.1350191704068909;None;0.054270298450032436;0.8649808295931091;10;3;128;128
23;0;0.0001;concept1;0.227777293717857;None;0.16850625218804452;0.772222706282143;10;3;128;128
23;1;0.0001;concept2;0.6996327196086185;None;0.17612848051595192;0.3003672803913815;10;3;128;128
23;2;0.0001;concept3;0.12804667962981478;None;0.05310651060554742;0.8719533203701852;10;3;128;128
24;0;0.0001;concept1;0.21840325332144236;None;0.16462312631792028;0.7815967466785576;10;3;128;128
24;1;0.0001;concept2;0.6528767263670566;None;0.16957952149897793;0.3471232736329434;10;3;128;128
24;2;0.0001;concept3;0.12176720336787401;None;0.05204515398772919;0.878232796632126;10;3;128;128
25;0;0.0001;concept1;0.20996489700909177;None;0.16113778706321785;0.7900351029909083;10;3;128;128
25;1;0.0001;concept2;0.6097525887070514;None;0.16335862537979348;0.3902474112929485;10;3;128;128
25;2;0.0001;concept3;0.11647607583265196;None;0.05120147452924192;0.883523924167348;10;3;128;128
26;0;0.0001;concept1;0.20589199671311906;None;0.15946156620065202;0.7941080032868809;10;3;128;128
26;1;0.0001;concept2;0.5889956798848938;None;0.1602726525224879;0.41100432011510624;10;3;128;128
26;2;0.0001;concept3;0.11412663882240737;None;0.050850768015827275;0.8858733611775926;10;3;128;128
27;0;0.0001;concept1;0.19809481937267798;None;0.15620439885341594;0.8019051806273221;10;3;128;128
27;1;0.0001;concept2;0.5484575166179665;None;0.15409220967916065;0.4515424833820335;10;3;128;128
27;2;0.0001;concept3;0.11052113205846327;None;0.05040766259136731;0.8894788679415367;10;3;128;128
28;0;0.0001;concept1;0.19091551966147088;None;0.15318897487657387;0.8090844803385291;10;3;128;128
28;1;0.0001;concept2;0.5107078684624666;None;0.1481236297245287;0.48929213153753337;10;3;128;128
28;2;0.0001;concept3;0.10803842457916704;None;0.05011795935465763;0.891961575420833;10;3;128;128
29;0;0.0001;concept1;0.1842593172517209;None;0.15039189041854764;0.8157406827482792;10;3;128;128
29;1;0.0001;concept2;0.47623622921481384;None;0.1424640210568424;0.5237637707851861;10;3;128;128
29;2;0.0001;concept3;0.10662791328593188;None;0.04996605412758713;0.8933720867140681;10;3;128;128
30;0;0.0001;concept1;0.1812012299838895;None;0.14910911702439061;0.8187987700161106;10;3;128;128
30;1;0.0001;concept2;0.4602619292194182;None;0.13977831601056104;0.5397380707805818;10;3;128;128
30;2;0.0001;concept3;0.10617619899035385;None;0.04992388054574522;0.8938238010096462;10;3;128;128
31;0;0.0001;concept1;0.1756124057450683;None;0.14673193879204335;0.8243875942549317;10;3;128;128
31;1;0.0001;concept2;0.43124036423291473;None;0.13480414956942818;0.5687596357670852;10;3;128;128
31;2;0.0001;concept3;0.1059593978930282;None;0.05006618495480654;0.8940406021069718;10;3;128;128
32;0;0.0001;concept1;0.16998358141128925;None;0.14430890344927313;0.8300164185887108;10;3;128;128
32;1;0.0001;concept2;0.4027851845914944;None;0.12980352695400194;0.5972148154085055;10;3;128;128
32;2;0.0001;concept3;0.10623218821616032;None;0.05027666154158784;0.8937678117838397;10;3;128;128
33;0;0.0001;concept1;0.16481844287157105;None;0.14208284195293078;0.835181557128429;10;3;128;128
33;1;0.0001;concept2;0.37630681865540194;None;0.12498768180855382;0.6236931813445981;10;3;128;128
33;2;0.0001;concept3;0.1070024901062083;None;0.05054274898473334;0.8929975098937917;10;3;128;128
34;0;0.0001;concept1;0.1626026366876859;None;0.14112869436933853;0.8373973633123141;10;3;128;128
34;1;0.0001;concept2;0.36471295135627413;None;0.12282597303823362;0.6352870486437259;10;3;128;128
34;2;0.0001;concept3;0.10740523173019678;None;0.05068954605940572;0.8925947682698032;10;3;128;128
35;0;0.0001;concept1;0.15818698434394263;None;0.13920554853067107;0.8418130156560574;10;3;128;128
35;1;0.0001;concept2;0.3426393565123795;None;0.11861764209152637;0.6573606434876206;10;3;128;128
35;2;0.0001;concept3;0.10869085446797741;None;0.051147994119890385;0.8913091455320226;10;3;128;128
36;0;0.0001;concept1;0.1541719291338925;None;0.13747578212347727;0.8458280708661075;10;3;128;128
36;1;0.0001;concept2;0.32226830146365204;None;0.11463763777437644;0.677731698536348;10;3;128;128
36;2;0.0001;concept3;0.11023304370625306;None;0.051716419380458276;0.8897669562937469;10;3;128;128
37;0;0.0001;concept1;0.15013561779718487;None;0.1357260853890298;0.8498643822028151;10;3;128;128
37;1;0.0001;concept2;0.30262402995903176;None;0.11071376619020626;0.6973759700409683;10;3;128;128
37;2;0.0001;concept3;0.11220889986988285;None;0.0523905155077361;0.8877911001301172;10;3;128;128
38;0;0.0001;concept1;0.14836271586299585;None;0.13496076646782576;0.8516372841370041;10;3;128;128
38;1;0.0001;concept2;0.2941573298986251;None;0.10898704369329276;0.7058426701013749;10;3;128;128
38;2;0.0001;concept3;0.11316996330518769;None;0.052700406303034956;0.8868300366948123;10;3;128;128
39;0;0.0001;concept1;0.14487224207360738;None;0.13342486460491898;0.8551277579263926;10;3;128;128
39;1;0.0001;concept2;0.2772768394303283;None;0.10550469538315897;0.7227231605696716;10;3;128;128
39;2;0.0001;concept3;0.11546554923288878;None;0.05338044561882647;0.8845344507671112;10;3;128;128
40;0;0.0001;concept1;0.1416488715845091;None;0.13198785909520683;0.8583511284154909;10;3;128;128
40;1;0.0001;concept2;0.26216586708825784;None;0.10232063014200951;0.7378341329117422;10;3;128;128
40;2;0.0001;concept3;0.11801832038645063;None;0.05406362424334438;0.8819816796135493;10;3;128;128
41;0;0.0001;concept1;0.138636591244153;None;0.13064221659495573;0.861363408755847;10;3;128;128
41;1;0.0001;concept2;0.2484129626976014;None;0.09934018384271893;0.7515870373023986;10;3;128;128
41;2;0.0001;concept3;0.12082934850954512;None;0.05483995529312356;0.8791706514904549;10;3;128;128
42;0;0.0001;concept1;0.13725702083539315;None;0.13002964063193045;0.8627429791646068;10;3;128;128
42;1;0.0001;concept2;0.24254018461732213;None;0.09806432749358862;0.7574598153826779;10;3;128;128
42;2;0.0001;concept3;0.12221658064785594;None;0.05521937451012578;0.8777834193521441;10;3;128;128
43;0;0.0001;concept1;0.13452554645906872;None;0.12880382965428258;0.8654744535409313;10;3;128;128
43;1;0.0001;concept2;0.229949779255971;None;0.09525460576026601;0.770050220744029;10;3;128;128
43;2;0.0001;concept3;0.12545262652529374;None;0.05605074998156733;0.8745473734747062;10;3;128;128
44;0;0.0001;concept1;0.13176450144998975;None;0.12755881073211525;0.8682354985500103;10;3;128;128
44;1;0.0001;concept2;0.21863591107073918;None;0.09272407025372009;0.7813640889292608;10;3;128;128
44;2;0.0001;concept3;0.12875938435566597;None;0.05690506927975835;0.871240615644334;10;3;128;128
45;0;0.0001;concept1;0.12930198114360666;None;0.126436641429313;0.8706980188563933;10;3;128;128
45;1;0.0001;concept2;0.20814192261744469;None;0.09032303651253693;0.7918580773825553;10;3;128;128
45;2;0.0001;concept3;0.13222166139186417;None;0.0577717325477574;0.8677783386081359;10;3;128;128
46;0;0.0001;concept1;0.12816746989654793;None;0.12591360611493357;0.8718325301034521;10;3;128;128
46;1;0.0001;concept2;0.20356976563782447;None;0.08926768393943026;0.7964302343621755;10;3;128;128
46;2;0.0001;concept3;0.13386972944371414;None;0.058158408014420536;0.8661302705562859;10;3;128;128
47;0;0.0001;concept1;0.12597478526943554;None;0.12489886838073765;0.8740252147305645;10;3;128;128
47;1;0.0001;concept2;0.19446043958931328;None;0.08719141553522002;0.8055395604106868;10;3;128;128
47;2;0.0001;concept3;0.13739439069277956;None;0.058960073200801634;0.8626056093072205;10;3;128;128
48;0;0.0001;concept1;0.1237636606948877;None;0.12388738710357028;0.8762363393051124;10;3;128;128
48;1;0.0001;concept2;0.18533082804897336;None;0.0850756015875041;0.8146691719510266;10;3;128;128
48;2;0.0001;concept3;0.14123011328578078;None;0.05981879407262105;0.8587698867142193;10;3;128;128
49;0;0.0001;concept1;0.12177527675485735;None;0.12295794827610172;0.8782247232451427;10;3;128;128
49;1;0.0001;concept2;0.17694368855081866;None;0.08314524889556267;0.8230563114491813;10;3;128;128
49;2;0.0001;concept3;0.14523742533233616;None;0.06070050275385131;0.8547625746676638;10;3;128;128
50;0;0.0001;concept1;0.21182624725135166;None;0.14043747493447245;0.7881737527486483;10;3;128;128
50;1;0.0001;concept2;0.03540269992693354;None;0.08571503138109207;0.9645973000730664;10;3;128;128
50;2;0.0001;concept3;0.02831482328353564;None;0.0877381430357858;0.9716851767164644;10;3;128;128
51;0;0.0001;concept1;0.20664978223600786;None;0.1387467883345038;0.7933502177639922;10;3;128;128
51;1;0.0001;concept2;0.034587040532751155;None;0.08474440741417681;0.9654129594672488;10;3;128;128
51;2;0.0001;concept3;0.02867748449972276;None;0.08842819618325994;0.9713225155002773;10;3;128;128
52;0;0.0001;concept1;0.20170872451027128;None;0.13713730320950127;0.7982912754897287;10;3;128;128
52;1;0.0001;concept2;0.033834303483278046;None;0.08385745804570527;0.9661656965167219;10;3;128;128
52;2;0.0001;concept3;0.029077113210198343;None;0.0891541821053511;0.9709228867898017;10;3;128;128
53;0;0.0001;concept1;0.19657729478400512;None;0.13545473723519172;0.8034227052159949;10;3;128;128
53;1;0.0001;concept2;0.0331206842080805;None;0.08299445054669156;0.9668793157919195;10;3;128;128
53;2;0.0001;concept3;0.02952434179586779;None;0.08987248876036136;0.9704756582041322;10;3;128;128
54;0;0.0001;concept1;0.1941090373321837;None;0.13464172593428264;0.8058909626678163;10;3;128;128
54;1;0.0001;concept2;0.032793250701485255;None;0.08260502204808592;0.9672067492985148;10;3;128;128
54;2;0.0001;concept3;0.029844806860725655;None;0.09034356453084794;0.9701551931392743;10;3;128;128
55;0;0.0001;concept1;0.18953801966485068;None;0.13309848273684913;0.8104619803351494;10;3;128;128
55;1;0.0001;concept2;0.032191724613076504;None;0.08184617279978987;0.9678082753869235;10;3;128;128
55;2;0.0001;concept3;0.030318282571889787;None;0.09104682925474268;0.9696817174281103;10;3;128;128
56;0;0.0001;concept1;0.18519115760351912;None;0.13162354791027786;0.8148088423964809;10;3;128;128
56;1;0.0001;concept2;0.03164006867260237;None;0.0811332916366005;0.9683599313273976;10;3;128;128
56;2;0.0001;concept3;0.030796720707574877;None;0.09175654070340479;0.9692032792924251;10;3;128;128
57;0;0.0001;concept1;0.18096690342793423;None;0.13017707898499709;0.8190330965720658;10;3;128;128
57;1;0.0001;concept2;0.03113627539018554;None;0.08051244092254571;0.9688637246098145;10;3;128;128
57;2;0.0001;concept3;0.03132118841412367;None;0.09251670222018922;0.9686788115858763;10;3;128;128
58;0;0.0001;concept1;0.17900927511334064;None;0.1295136443256312;0.8209907248866594;10;3;128;128
58;1;0.0001;concept2;0.030895187913036845;None;0.08022206898373418;0.9691048120869632;10;3;128;128
58;2;0.0001;concept3;0.03160343808930595;None;0.09295310936280285;0.968396561910694;10;3;128;128
59;0;0.0001;concept1;0.17505804759455437;None;0.1281388610179192;0.8249419524054457;10;3;128;128
59;1;0.0001;concept2;0.030438487043850496;None;0.0796294026905919;0.9695615129561495;10;3;128;128
59;2;0.0001;concept3;0.03219551559125178;None;0.09387352547733;0.9678044844087482;10;3;128;128
60;0;0.0001;concept1;0.1710800232407917;None;0.12674347090477747;0.8289199767592084;10;3;128;128
60;1;0.0001;concept2;0.030024240878814945;None;0.07909082919579855;0.969975759121185;10;3;128;128
60;2;0.0001;concept3;0.03281202412615012;None;0.09484978988160508;0.9671879758738499;10;3;128;128
61;0;0.0001;concept1;0.16745648607362826;None;0.12546810738809117;0.8325435139263717;10;3;128;128
61;1;0.0001;concept2;0.029626562211476377;None;0.07857124653555744;0.9703734377885236;10;3;128;128
61;2;0.0001;concept3;0.033385313411502804;None;0.09578472623572717;0.9666146865884973;10;3;128;128
62;0;0.0001;concept1;0.16586315825740777;None;0.12489076066772661;0.8341368417425923;10;3;128;128
62;1;0.0001;concept2;0.02945408598669964;None;0.07835257609059898;0.9705459140133004;10;3;128;128
62;2;0.0001;concept3;0.033569860711965806;None;0.09607210897967372;0.9664301392880342;10;3;128;128
63;0;0.0001;concept1;0.16259657262597121;None;0.12371988860928256;0.8374034273740287;10;3;128;128
63;1;0.0001;concept2;0.02911442438736637;None;0.07791182131628972;0.9708855756126337;10;3;128;128
63;2;0.0001;concept3;0.03402665538605518;None;0.09682219103999352;0.9659733446139448;10;3;128;128
64;0;0.0001;concept1;0.15927361227641548;None;0.12251595160352727;0.8407263877235844;10;3;128;128
64;1;0.0001;concept2;0.028800491030950698;None;0.07749973233414606;0.9711995089690493;10;3;128;128
64;2;0.0001;concept3;0.03382989497713293;None;0.09651172857905992;0.966170105022867;10;3;128;128
65;0;0.0001;concept1;0.1560940145483721;None;0.12135572128992374;0.843905985451628;10;3;128;128
65;1;0.0001;concept2;0.02849816550715914;None;0.07710766375451367;0.9715018344928409;10;3;128;128
65;2;0.0001;concept3;0.03306830324770383;None;0.09526901390563401;0.9669316967522962;10;3;128;128
66;0;0.0001;concept1;0.15469655170231483;None;0.12082631120607244;0.8453034482976851;10;3;128;128
66;1;0.0001;concept2;0.028365094002486126;None;0.07692963638486774;0.9716349059975139;10;3;128;128
66;2;0.0001;concept3;0.03303038655003334;None;0.09520795895104028;0.9669696134499667;10;3;128;128
67;0;0.0001;concept1;0.15174751748755488;None;0.11970531207861844;0.8482524825124451;10;3;128;128
67;1;0.0001;concept2;0.028109521433730467;None;0.07660011694010165;0.9718904785662695;10;3;128;128
67;2;0.0001;concept3;0.03282284220220754;None;0.09487897072672759;0.9671771577977925;10;3;128;128
68;0;0.0001;concept1;0.1489526464063776;None;0.11865439733599907;0.8510473535936224;10;3;128;128
68;1;0.0001;concept2;0.02786362971849113;None;0.07628792373144329;0.9721363702815089;10;3;128;128
68;2;0.0001;concept3;0.03258946630188117;None;0.09452025339001151;0.9674105336981188;10;3;128;128
69;0;0.0001;concept1;0.1465220568707166;None;0.11768652219345198;0.8534779431292834;10;3;128;128
69;1;0.0001;concept2;0.02763022007417215;None;0.07596763900606911;0.9723697799258278;10;3;128;128
69;2;0.0001;concept3;0.0328060106379494;None;0.09486923081217272;0.9671939893620506;10;3;128;128
70;0;0.0001;concept1;0.14545410859421373;None;0.11726403183351128;0.8545458914057863;10;3;128;128
70;1;0.0001;concept2;0.027517494625780983;None;0.07581864681610655;0.972482505374219;10;3;128;128
70;2;0.0001;concept3;0.033235785848762335;None;0.09559139898813764;0.9667642141512377;10;3;128;128
71;0;0.0001;concept1;0.14328478902102387;None;0.1163869502029082;0.8567152109789762;10;3;128;128
71;1;0.0001;concept2;0.027302170073731386;None;0.07552459336875687;0.9726978299262686;10;3;128;128
71;2;0.0001;concept3;0.03431997218541922;None;0.09742022959978404;0.9656800278145807;10;3;128;128
72;0;0.0001;concept1;0.14117318307701657;None;0.11552989054126725;0.8588268169229835;10;3;128;128
72;1;0.0001;concept2;0.02709731267631324;None;0.07523995410251812;0.9729026873236868;10;3;128;128
72;2;0.0001;concept3;0.03479945234166119;None;0.09821003199866679;0.9652005476583388;10;3;128;128
73;0;0.0001;concept1;0.13920254854978914;None;0.11472965359587102;0.8607974514502108;10;3;128;128
73;1;0.0001;concept2;0.02690290202288037;None;0.07496671667365927;0.9730970979771196;10;3;128;128
73;2;0.0001;concept3;0.0349734797931783;None;0.09847795841110817;0.9650265202068217;10;3;128;128
74;0;0.0001;concept1;0.1382991395201599;None;0.11435453273720314;0.8617008604798401;10;3;128;128
74;1;0.0001;concept2;0.02681340602098327;None;0.07484363703575848;0.9731865939790167;10;3;128;128
74;2;0.0001;concept3;0.034944363042423855;None;0.09842190456557524;0.9650556369575761;10;3;128;128
75;0;0.0001;concept1;0.136419297810046;None;0.1135907025990543;0.863580702189954;10;3;128;128
75;1;0.0001;concept2;0.02663145361047496;None;0.07458468302070007;0.9733685463895251;10;3;128;128
75;2;0.0001;concept3;0.034850115606049836;None;0.09823810024795956;0.9651498843939501;10;3;128;128
76;0;0.0001;concept1;0.13463641752709454;None;0.11285059964919972;0.8653635824729055;10;3;128;128
76;1;0.0001;concept2;0.026457150292643918;None;0.07434368697813316;0.973542849707356;10;3;128;128
76;2;0.0001;concept3;0.03466475087760194;None;0.09789618557790819;0.9653352491223981;10;3;128;128
77;0;0.0001;concept1;0.13291953361235714;None;0.11212219361494222;0.8670804663876428;10;3;128;128
77;1;0.0001;concept2;0.026291695623605994;None;0.07411561169190352;0.973708304376394;10;3;128;128
77;2;0.0001;concept3;0.034450199898653736;None;0.09749656751626105;0.9655498001013463;10;3;128;128
78;0;0.0001;concept1;0.1320985524765186;None;0.11176701870151454;0.8679014475234814;10;3;128;128
78;1;0.0001;concept2;0.02621393400084181;None;0.07401317667699979;0.9737860659991582;10;3;128;128
78;2;0.0001;concept3;0.034308139019427045;None;0.09724199999488088;0.9656918609805729;10;3;128;128
79;0;0.0001;concept1;0.13051532627866566;None;0.11109306807816202;0.8694846737213343;10;3;128;128
79;1;0.0001;concept2;0.02605990538081317;None;0.07380079666129066;0.9739400946191868;10;3;128;128
79;2;0.0001;concept3;0.034038666783256774;None;0.09676099173716667;0.9659613332167433;10;3;128;128
80;0;0.0001;concept1;0.1288855543419404;None;0.11038249887489579;0.8711144456580596;10;3;128;128
80;1;0.0001;concept2;0.025903340578698895;None;0.07358222371073697;0.9740966594213011;10;3;128;128
80;2;0.0001;concept3;0.033764406400784;None;0.09628173929807965;0.966235593599216;10;3;128;128
81;0;0.0001;concept1;0.1273148851694916;None;0.10968797156407811;0.8726851148305084;10;3;128;128
81;1;0.0001;concept2;0.025757154189001808;None;0.07337934165953301;0.9742428458109982;10;3;128;128
81;2;0.0001;concept3;0.033480373526012006;None;0.09582394601334346;0.966519626473988;10;3;128;128
82;0;0.0001;concept1;0.12659000129263615;None;0.10937545660507571;0.8734099987073638;10;3;128;128
82;1;0.0001;concept2;0.02568983375197567;None;0.07328592933079028;0.9743101662480244;10;3;128;128
82;2;0.0001;concept3;0.03336864391169849;None;0.09563969655174302;0.9666313560883015;10;3;128;128
83;0;0.0001;concept1;0.1251728979945399;None;0.10874926439340471;0.8748271020054601;10;3;128;128
83;1;0.0001;concept2;0.02555230786874632;None;0.07309455609272347;0.9744476921312537;10;3;128;128
83;2;0.0001;concept3;0.033106770138931915;None;0.09518534085582211;0.9668932298610681;10;3;128;128
84;0;0.0001;concept1;0.12367700834421123;None;0.10808783653052902;0.8763229916557888;10;3;128;128
84;1;0.0001;concept2;0.025412996900968005;None;0.07289634761714493;0.974587003099032;10;3;128;128
84;2;0.0001;concept3;0.03289915122949487;None;0.09480950308111802;0.9671008487705052;10;3;128;128
85;0;0.0001;concept1;0.12230551802583814;None;0.107459196796317;0.8776944819741619;10;3;128;128
85;1;0.0001;concept2;0.025279751220188024;None;0.07271276108524906;0.974720248779812;10;3;128;128
85;2;0.0001;concept3;0.03271950305602949;None;0.09447491198353948;0.9672804969439706;10;3;128;128
86;0;0.0001;concept1;0.12160763786870352;None;0.10713914267412682;0.8783923621312965;10;3;128;128
86;1;0.0001;concept2;0.025218002333423535;None;0.07262812501398275;0.9747819976665765;10;3;128;128
86;2;0.0001;concept3;0.03264843563481663;None;0.09434826316611909;0.9673515643651833;10;3;128;128
87;0;0.0001;concept1;0.12033521374173616;None;0.10655727177673725;0.8796647862582638;10;3;128;128
87;1;0.0001;concept2;0.025096047625827095;None;0.07245759351041339;0.9749039523741729;10;3;128;128
87;2;0.0001;concept3;0.032515501302158176;None;0.09409929465761145;0.9674844986978418;10;3;128;128
88;0;0.0001;concept1;0.1191474330507094;None;0.10602344409767653;0.8808525669492906;10;3;128;128
88;1;0.0001;concept2;0.024980069787215824;None;0.07229398738796071;0.9750199302127842;10;3;128;128
88;2;0.0001;concept3;0.0324170008987288;None;0.09390219259553287;0.9675829991012712;10;3;128;128
89;0;0.0001;concept1;0.11796438735352516;None;0.1054682302777709;0.8820356126464748;10;3;128;128
89;1;0.0001;concept2;0.024862771583296594;None;0.07212980785595186;0.9751372284167034;10;3;128;128
89;2;0.0001;concept3;0.03233632319345595;None;0.09373043190249972;0.9676636768065441;10;3;128;128
90;0;0.0001;concept1;0.11745655083805608;None;0.1052337300621459;0.8825434491619439;10;3;128;128
90;1;0.0001;concept2;0.024806773914457774;None;0.07205409712581633;0.9751932260855423;10;3;128;128
90;2;0.0001;concept3;0.03228991331537625;None;0.09363612489135939;0.9677100866846238;10;3;128;128
91;0;0.0001;concept1;0.11643494978781364;None;0.10476755887572407;0.8835650502121863;10;3;128;128
91;1;0.0001;concept2;0.02469163943293404;None;0.07189118133387683;0.9753083605670659;10;3;128;128
91;2;0.0001;concept3;0.032231399851551594;None;0.09349603148214622;0.9677686001484485;10;3;128;128
92;0;0.0001;concept1;0.11555248521545881;None;0.10436089663096874;0.8844475147845412;10;3;128;128
92;1;0.0001;concept2;0.024583643675120503;None;0.07173165183134854;0.9754163563248794;10;3;128;128
92;2;0.0001;concept3;0.03216852199838526;None;0.09334905830346628;0.9678314780016147;10;3;128;128
93;0;0.0001;concept1;0.11474835537794958;None;0.10399215785181373;0.8852516446220504;10;3;128;128
93;1;0.0001;concept2;0.024476060184231808;None;0.07157849932454739;0.9755239398157682;10;3;128;128
93;2;0.0001;concept3;0.03211063249333151;None;0.09321297340476264;0.9678893675066685;10;3;128;128
94;0;0.0001;concept1;0.11441762981861191;None;0.10384051237028333;0.8855823701813881;10;3;128;128
94;1;0.0001;concept2;0.024425487946169413;None;0.07150747621910601;0.9755745120538306;10;3;128;128
94;2;0.0001;concept3;0.032068188882966496;None;0.09312776116534201;0.9679318111170335;10;3;128;128
95;0;0.0001;concept1;0.11365574841741677;None;0.10348230107493006;0.8863442515825832;10;3;128;128
95;1;0.0001;concept2;0.024324354044409597;None;0.0713647376414992;0.9756756459555904;10;3;128;128
95;2;0.0001;concept3;0.03201227128799053;None;0.09299387499428578;0.9679877287120094;10;3;128;128
96;0;0.0001;concept1;0.11278675687274829;None;0.10306365180481603;0.8872132431272517;10;3;128;128
96;1;0.0001;concept2;0.024220748852451877;None;0.07121728645434072;0.9757792511475482;10;3;128;128
96;2;0.0001;concept3;0.031958173667777715;None;0.09286044944942329;0.9680418263322222;10;3;128;128
97;0;0.0001;concept1;0.11207645065849486;None;0.10271695304822333;0.8879235493415052;10;3;128;128
97;1;0.0001;concept2;0.02411934590469193;None;0.0710744337860314;0.9758806540953081;10;3;128;128
97;2;0.0001;concept3;0.031907698242763446;None;0.09272913735815168;0.9680923017572366;10;3;128;128
98;0;0.0001;concept1;0.111732856480346;None;0.10254693167559945;0.888267143519654;10;3;128;128
98;1;0.0001;concept2;0.02406804964909342;None;0.07100040083074732;0.9759319503509066;10;3;128;128
98;2;0.0001;concept3;0.03188016697998258;None;0.09266497646316404;0.9681198330200174;10;3;128;128
99;0;0.0001;concept1;0.11097361967147744;None;0.10217465537511503;0.8890263803285225;10;3;128;128
99;1;0.0001;concept2;0.023971456377831393;None;0.07086378279636515;0.9760285436221686;10;3;128;128
99;2;0.0001;concept3;0.031840503934739486;None;0.09255217439908933;0.9681594960652605;10;3;128;128
100;0;0.0001;concept1;0.12450315760030957;None;0.11065271567154104;0.8754968423996905;10;3;128;128
100;1;0.0001;concept2;0.08498193633842806;None;0.05423517156665457;0.9150180636615719;10;3;128;128
100;2;0.0001;concept3;0.24808755315690809;None;0.215608603254804;0.751912446843092;10;3;128;128
101;0;0.0001;concept1;0.12398255450731213;None;0.11034953434528957;0.8760174454926879;10;3;128;128
101;1;0.0001;concept2;0.08417854923029784;None;0.05396481420950367;0.9158214507697022;10;3;128;128
101;2;0.0001;concept3;0.24758297534200932;None;0.21531004399965098;0.7524170246579907;10;3;128;128
102;0;0.0001;concept1;0.12362928702515118;None;0.11016966280098847;0.8763707129748488;10;3;128;128
102;1;0.0001;concept2;0.08385768167934239;None;0.05385969948512559;0.9161423183206576;10;3;128;128
102;2;0.0001;concept3;0.24707232618136712;None;0.2149484173763965;0.7529276738186329;10;3;128;128
103;0;0.0001;concept1;0.12308693509427104;None;0.10986918744745738;0.876913064905729;10;3;128;128
103;1;0.0001;concept2;0.08312102919424133;None;0.053612424658269445;0.9168789708057586;10;3;128;128
103;2;0.0001;concept3;0.24664839033970043;None;0.2146953392626936;0.7533516096602996;10;3;128;128
104;0;0.0001;concept1;0.12253418063957786;None;0.10956614746349301;0.8774658193604221;10;3;128;128
104;1;0.0001;concept2;0.08242526136709795;None;0.05337156756713972;0.9175747386329021;10;3;128;128
104;2;0.0001;concept3;0.2462138912812144;None;0.2144406205496222;0.7537861087187856;10;3;128;128
105;0;0.0001;concept1;0.12194868424757777;None;0.10925163239042456;0.8780513157524222;10;3;128;128
105;1;0.0001;concept2;0.08176857081065068;None;0.05314253513559202;0.9182314291893493;10;3;128;128
105;2;0.0001;concept3;0.24575528251829673;None;0.21414445651793954;0.7542447174817033;10;3;128;128
106;0;0.0001;concept1;0.12164987362822557;None;0.10909624029603596;0.8783501263717745;10;3;128;128
106;1;0.0001;concept2;0.08150514909394542;None;0.05305145851532636;0.9184948509060545;10;3;128;128
106;2;0.0001;concept3;0.2454122432871721;None;0.2139249564875631;0.7545877567128279;10;3;128;128
107;0;0.0001;concept1;0.12108894613338775;None;0.10879416180521453;0.8789110538666123;10;3;128;128
107;1;0.0001;concept2;0.08088925640480431;None;0.05284376515205363;0.9191107435951957;10;3;128;128
107;2;0.0001;concept3;0.2449881445910716;None;0.2136743529365432;0.7550118554089285;10;3;128;128
108;0;0.0001;concept1;0.12056380165098224;None;0.10850089683895908;0.8794361983490178;10;3;128;128
108;1;0.0001;concept2;0.08030928564667018;None;0.052645298639854475;0.9196907143533298;10;3;128;128
108;2;0.0001;concept3;0.244595946054457;None;0.21345798117794984;0.755404053945543;10;3;128;128
109;0;0.0001;concept1;0.12001521332392852;None;0.1082104032697063;0.8799847866760715;10;3;128;128
109;1;0.0001;concept2;0.07970397369206593;None;0.052435367354870546;0.9202960263079341;10;3;128;128
109;2;0.0001;concept3;0.2442860086545825;None;0.213285791225755;0.7557139913454175;10;3;128;128
110;0;0.0001;concept1;0.11976098014390961;None;0.10808050946550989;0.8802390198560904;10;3;128;128
110;1;0.0001;concept2;0.07948446615447899;None;0.052358018422281966;0.920515533845521;10;3;128;128
110;2;0.0001;concept3;0.24409907473444306;None;0.21316872049716806;0.755900925265557;10;3;128;128
111;0;0.0001;concept1;0.11922510777608755;None;0.10780606544602146;0.8807748922239125;10;3;128;128
111;1;0.0001;concept2;0.0790018415092948;None;0.05218238915256959;0.9209981584907052;10;3;128;128
111;2;0.0001;concept3;0.24381196136656239;None;0.21300147094986524;0.7561880386334376;10;3;128;128
112;0;0.0001;concept1;0.11867815993765381;None;0.10752123020559588;0.8813218400623462;10;3;128;128
112;1;0.0001;concept2;0.07854952554815722;None;0.05201055939991549;0.9214504744518428;10;3;128;128
112;2;0.0001;concept3;0.24356058281451914;None;0.21286721998631095;0.7564394171854809;10;3;128;128
113;0;0.0001;concept1;0.11811304430221563;None;0.10723339542730999;0.8818869556977844;10;3;128;128
113;1;0.0001;concept2;0.07811318468180817;None;0.05183862426591492;0.9218868153181918;10;3;128;128
113;2;0.0001;concept3;0.24331860414300163;None;0.2127209435981984;0.7566813958569983;10;3;128;128
114;0;0.0001;concept1;0.117831587619958;None;0.10709473506777602;0.882168412380042;10;3;128;128
114;1;0.0001;concept2;0.07793378074950905;None;0.051765629311536165;0.9220662192504909;10;3;128;128
114;2;0.0001;concept3;0.24319690910984829;None;0.2127048568267051;0.7568030908901517;10;3;128;128
115;0;0.0001;concept1;0.1173559104645206;None;0.10683673154980793;0.8826440895354795;10;3;128;128
115;1;0.0001;concept2;0.07755333702568008;None;0.051614924536261785;0.9224466629743199;10;3;128;128
115;2;0.0001;concept3;0.24316786424530507;None;0.21272191172623534;0.756832135754695;10;3;128;128
116;0;0.0001;concept1;0.11686981834047;None;0.10656934916797456;0.8831301816595301;10;3;128;128
116;1;0.0001;concept2;0.07719242350809777;None;0.0514689094326139;0.9228075764919023;10;3;128;128
116;2;0.0001;concept3;0.24313320920500534;None;0.2127513276875257;0.7568667907949946;10;3;128;128
117;0;0.0001;concept1;0.11649320737698482;None;0.10633558961620168;0.8835067926230152;10;3;128;128
117;1;0.0001;concept2;0.0768354070487574;None;0.05132895875689981;0.9231645929512426;10;3;128;128
117;2;0.0001;concept3;0.2432446823518302;None;0.21286649974667984;0.7567553176481698;10;3;128;128
118;0;0.0001;concept1;0.11628365158152154;None;0.10621334481515056;0.8837163484184785;10;3;128;128
118;1;0.0001;concept2;0.0766990248724799;None;0.05127662352582982;0.9233009751275201;10;3;128;128
118;2;0.0001;concept3;0.24327205695365914;None;0.2129183325019595;0.7567279430463408;10;3;128;128
119;0;0.0001;concept1;0.11584994252494953;None;0.10596218255950163;0.8841500574750505;10;3;128;128
119;1;0.0001;concept2;0.07639107481353671;None;0.051158476102933635;0.9236089251864633;10;3;128;128
119;2;0.0001;concept3;0.24342234020722672;None;0.21306358335613537;0.7565776597927732;10;3;128;128
120;0;0.0001;concept1;0.11546448852319842;None;0.10571999945348287;0.8845355114768017;10;3;128;128
120;1;0.0001;concept2;0.07611083196093957;None;0.05104830398865359;0.9238891680390604;10;3;128;128
120;2;0.0001;concept3;0.2436238128686874;None;0.21325109940890483;0.7563761871313126;10;3;128;128
121;0;0.0001;concept1;0.11508319368354913;None;0.10548525372223116;0.8849168063164509;10;3;128;128
121;1;0.0001;concept2;0.07585693477771159;None;0.05095196659459825;0.9241430652222884;10;3;128;128
121;2;0.0001;concept3;0.24380803753350996;None;0.21344906108146824;0.75619196246649;10;3;128;128
122;0;0.0001;concept1;0.1149205244144498;None;0.10538559774711728;0.8850794755855502;10;3;128;128
122;1;0.0001;concept2;0.07574093202524991;None;0.05090893330438165;0.9242590679747501;10;3;128;128
122;2;0.0001;concept3;0.2439320398725739;None;0.21357375939552792;0.7560679601274262;10;3;128;128
123;0;0.0001;concept1;0.11457339150566577;None;0.10515992194711994;0.8854266084943343;10;3;128;128
123;1;0.0001;concept2;0.07551726223453525;None;0.05082650310983805;0.9244827377654647;10;3;128;128
123;2;0.0001;concept3;0.24419096872476395;None;0.21381369197789704;0.755809031275236;10;3;128;128
124;0;0.0001;concept1;0.11423205399776624;None;0.10493327143683234;0.8857679460022337;10;3;128;128
124;1;0.0001;concept2;0.07531169067863054;None;0.050753884685613634;0.9246883093213695;10;3;128;128
124;2;0.0001;concept3;0.24449189949736408;None;0.21406955464303243;0.755508100502636;10;3;128;128
125;0;0.0001;concept1;0.11393044984039821;None;0.10471104056987506;0.8860695501596018;10;3;128;128
125;1;0.0001;concept2;0.07512073240480334;None;0.0506851400965722;0.9248792675951967;10;3;128;128
125;2;0.0001;concept3;0.24482797333178638;None;0.21436737777205842;0.7551720266682136;10;3;128;128
126;0;0.0001;concept1;0.11380408697760146;None;0.10461275963059453;0.8861959130223985;10;3;128;128
126;1;0.0001;concept2;0.0750342412468197;None;0.05065305733083514;0.9249657587531803;10;3;128;128
126;2;0.0001;concept3;0.24494196492344425;None;0.2144868846528278;0.7550580350765557;10;3;128;128
127;0;0.0001;concept1;0.11353578984457356;None;0.1043974440897399;0.8864642101554264;10;3;128;128
127;1;0.0001;concept2;0.07487841501779599;None;0.05059560489838498;0.925121584982204;10;3;128;128
127;2;0.0001;concept3;0.24530344853503588;None;0.21484766748863346;0.7546965514649642;10;3;128;128
128;0;0.0001;concept1;0.11334523355189148;None;0.10420695306424788;0.8866547664481085;10;3;128;128
128;1;0.0001;concept2;0.07473481271725953;None;0.050540870830891226;0.9252651872827404;10;3;128;128
128;2;0.0001;concept3;0.24577473199979072;None;0.21527040966385452;0.7542252680002093;10;3;128;128
129;0;0.0001;concept1;0.11317976970027901;None;0.10401846499654382;0.886820230299721;10;3;128;128
129;1;0.0001;concept2;0.07460973827785541;None;0.05048930483674123;0.9253902617221446;10;3;128;128
129;2;0.0001;concept3;0.246613588661571;None;0.21592818216279633;0.753386411338429;10;3;128;128
130;0;0.0001;concept1;0.11306965387943564;None;0.10392990453483765;0.8869303461205644;10;3;128;128
130;1;0.0001;concept2;0.0745430330903804;None;0.05046202859560333;0.9254569669096195;10;3;128;128
130;2;0.0001;concept3;0.2467958368960579;None;0.21609253606200662;0.7532041631039421;10;3;128;128
131;0;0.0001;concept1;0.1128415440807264;None;0.10373348788013065;0.8871584559192736;10;3;128;128
131;1;0.0001;concept2;0.07445036601501479;None;0.05042091031876291;0.9255496339849852;10;3;128;128
131;2;0.0001;concept3;0.2472412437812076;None;0.21653986227880717;0.7527587562187924;10;3;128;128
132;0;0.0001;concept1;0.1126712886833679;None;0.10357768113624985;0.8873287113166322;10;3;128;128
132;1;0.0001;concept2;0.07436688548452212;None;0.05038788437942051;0.9256331145154779;10;3;128;128
132;2;0.0001;concept3;0.24771465244749757;None;0.21700845087607337;0.7522853475525024;10;3;128;128
133;0;0.0001;concept1;0.11245356809218647;None;0.10339310811772631;0.8875464319078136;10;3;128;128
133;1;0.0001;concept2;0.07430163275499693;None;0.05036350060176081;0.9256983672450031;10;3;128;128
133;2;0.0001;concept3;0.24823531278974992;None;0.21752029369180043;0.7517646872102501;10;3;128;128
134;0;0.0001;concept1;0.11229793385579422;None;0.10329301977474024;0.8877020661442058;10;3;128;128
134;1;0.0001;concept2;0.07425701972626446;None;0.050346755036717795;0.9257429802737356;10;3;128;128
134;2;0.0001;concept3;0.24835599991635973;None;0.2176551723429341;0.7516440000836403;10;3;128;128
135;0;0.0001;concept1;0.11209121059452763;None;0.103124512131933;0.8879087894054724;10;3;128;128
135;1;0.0001;concept2;0.07419639058992189;None;0.05032204937334199;0.9258036094100781;10;3;128;128
135;2;0.0001;concept3;0.24884053540357445;None;0.21815087449432885;0.7511594645964256;10;3;128;128
136;0;0.0001;concept1;0.1117882593230676;None;0.1029295784769751;0.8882117406769324;10;3;128;128
136;1;0.0001;concept2;0.07411958592597656;None;0.05029160175645802;0.9258804140740234;10;3;128;128
136;2;0.0001;concept3;0.248863551590605;None;0.21837136988673525;0.751136448409395;10;3;128;128
137;0;0.0001;concept1;0.11150993812782238;None;0.10274662458526648;0.8884900618721776;10;3;128;128
137;1;0.0001;concept2;0.07405142834863304;None;0.05026613123747437;0.9259485716513669;10;3;128;128
137;2;0.0001;concept3;0.24904114243305614;None;0.21860254726885467;0.7509588575669439;10;3;128;128
138;0;0.0001;concept1;0.11138719566636397;None;0.10265749446689836;0.8886128043336361;10;3;128;128
138;1;0.0001;concept2;0.0740281832125506;None;0.05025745677416907;0.9259718167874494;10;3;128;128
138;2;0.0001;concept3;0.24914405022864355;None;0.2187317336268295;0.7508559497713565;10;3;128;128
139;0;0.0001;concept1;0.11110056881731167;None;0.10246511275056923;0.8888994311826883;10;3;128;128
139;1;0.0001;concept2;0.0739895246408342;None;0.050240428450310036;0.9260104753591658;10;3;128;128
139;2;0.0001;concept3;0.24938283246497564;None;0.21900512133539896;0.7506171675350244;10;3;128;128
140;0;0.0001;concept1;0.11083573533596032;None;0.10229536968536028;0.8891642646640396;10;3;128;128
140;1;0.0001;concept2;0.07394987291341683;None;0.050221152905006054;0.9260501270865832;10;3;128;128
140;2;0.0001;concept3;0.24959663741518048;None;0.21925445460406873;0.7504033625848195;10;3;128;128
141;0;0.0001;concept1;0.11058518907107198;None;0.10212464592811686;0.889414810928928;10;3;128;128
141;1;0.0001;concept2;0.07392149913429923;None;0.05020560009825207;0.9260785008657008;10;3;128;128
141;2;0.0001;concept3;0.2498051069519498;None;0.21950626172037366;0.7501948930480502;10;3;128;128
142;0;0.0001;concept1;0.11046671041442671;None;0.10204638726803303;0.8895332895855733;10;3;128;128
142;1;0.0001;concept2;0.07391707795674078;None;0.05020176267627637;0.9260829220432593;10;3;128;128
142;2;0.0001;concept3;0.24991028889133066;None;0.21963046402445388;0.7500897111086694;10;3;128;128
143;0;0.0001;concept1;0.1102079572340216;None;0.10187601420934728;0.8897920427659785;10;3;128;128
143;1;0.0001;concept2;0.07390362406324956;None;0.050189595474545615;0.9260963759367504;10;3;128;128
143;2;0.0001;concept3;0.2501148241384569;None;0.21988080896135154;0.749885175861543;10;3;128;128
144;0;0.0001;concept1;0.10986849041115346;None;0.10169733470726597;0.8901315095888466;10;3;128;128
144;1;0.0001;concept2;0.0739011101504922;None;0.050180083948418316;0.9260988898495078;10;3;128;128
144;2;0.0001;concept3;0.2503492279558594;None;0.22016648585383647;0.7496507720441405;10;3;128;128
145;0;0.0001;concept1;0.1095769465046547;None;0.10151620399148659;0.8904230534953452;10;3;128;128
145;1;0.0001;concept2;0.07390850097289471;None;0.05017521285810125;0.9260914990271053;10;3;128;128
145;2;0.0001;concept3;0.2505325546562552;None;0.22039771619612386;0.7494674453437449;10;3;128;128
146;0;0.0001;concept1;0.10947218997663327;None;0.10144248766138085;0.8905278100233668;10;3;128;128
146;1;0.0001;concept2;0.073917050058173;None;0.05017625622724941;0.926082949941827;10;3;128;128
146;2;0.0001;concept3;0.250636624165573;None;0.22053326040127932;0.749363375834427;10;3;128;128
147;0;0.0001;concept1;0.10922219401400626;None;0.10128227486383287;0.8907778059859938;10;3;128;128
147;1;0.0001;concept2;0.07393866601403253;None;0.05018248364327904;0.9260613339859675;10;3;128;128
147;2;0.0001;concept3;0.250809142090721;None;0.22074139588221983;0.749190857909279;10;3;128;128
148;0;0.0001;concept1;0.10895182748227861;None;0.10111776515616681;0.8910481725177214;10;3;128;128
148;1;0.0001;concept2;0.07396663589702202;None;0.050189255847798916;0.926033364102978;10;3;128;128
148;2;0.0001;concept3;0.25104884674037237;None;0.2210174066813281;0.7489511532596276;10;3;128;128
149;0;0.0001;concept1;0.10874001545991109;None;0.10097143773244079;0.8912599845400889;10;3;128;128
149;1;0.0001;concept2;0.07399573207039196;None;0.05019725807990663;0.926004267929608;10;3;128;128
149;2;0.0001;concept3;0.25122741329324244;None;0.2212488168581278;0.7487725867067576;10;3;128;128
150;0;0.0001;concept1;0.10173582158589682;None;0.10194096163232039;0.8982641784141032;10;3;128;128
150;1;0.0001;concept2;0.024667571142060137;None;0.05922469114665533;0.9753324288579399;10;3;128;128
150;2;0.0001;concept3;0.46885848943197;None;0.12313107989137684;0.5311415105680299;10;3;128;128
151;0;0.0001;concept1;0.10160413354383795;None;0.1018549629419238;0.8983958664561621;10;3;128;128
151;1;0.0001;concept2;0.024610253099477605;None;0.059132054074754976;0.9753897469005224;10;3;128;128
151;2;0.0001;concept3;0.46246183914928;None;0.12249538528271661;0.5375381608507199;10;3;128;128
152;0;0.0001;concept1;0.10144037524207006;None;0.10176148584193385;0.8985596247579299;10;3;128;128
152;1;0.0001;concept2;0.024550915556389823;None;0.05903712494144391;0.9754490844436102;10;3;128;128
152;2;0.0001;concept3;0.4561202323371995;None;0.12186480171768191;0.5438797676628004;10;3;128;128
153;0;0.0001;concept1;0.10128612818349313;None;0.10165954610505458;0.8987138718165069;10;3;128;128
153;1;0.0001;concept2;0.024488871707602392;None;0.058943181630368144;0.9755111282923976;10;3;128;128
153;2;0.0001;concept3;0.4484592765608305;None;0.12112120069481656;0.5515407234391695;10;3;128;128
154;0;0.0001;concept1;0.10120817673858115;None;0.10161658547116773;0.8987918232614188;10;3;128;128
154;1;0.0001;concept2;0.024433720361350844;None;0.05885980589101371;0.9755662796386492;10;3;128;128
154;2;0.0001;concept3;0.4439563177539856;None;0.1205877432332858;0.5560436822460144;10;3;128;128
155;0;0.0001;concept1;0.10112829203253211;None;0.10155625492555705;0.8988717079674678;10;3;128;128
155;1;0.0001;concept2;0.024361433358545303;None;0.058753652144212604;0.9756385666414547;10;3;128;128
155;2;0.0001;concept3;0.43789091403020997;None;0.11994124317797525;0.56210908596979;10;3;128;128
156;0;0.0001;concept1;0.10100163611402416;None;0.10147404350879669;0.8989983638859759;10;3;128;128
156;1;0.0001;concept2;0.024293434893213426;None;0.0586473877371463;0.9757065651067865;10;3;128;128
156;2;0.0001;concept3;0.4318012726425238;None;0.11926909906046619;0.5681987273574762;10;3;128;128
157;0;0.0001;concept1;0.10087851750774268;None;0.10138042367156913;0.8991214824922573;10;3;128;128
157;1;0.0001;concept2;0.02422760724645437;None;0.05854554867391167;0.9757723927535457;10;3;128;128
157;2;0.0001;concept3;0.42588877682293835;None;0.11859794756776046;0.5741112231770616;10;3;128;128
158;0;0.0001;concept1;0.10087685867772676;None;0.10135097908172497;0.8991231413222732;10;3;128;128
158;1;0.0001;concept2;0.024173168741584088;None;0.05846655567134206;0.975826831258416;10;3;128;128
158;2;0.0001;concept3;0.4209731908350062;None;0.1179855442803084;0.5790268091649938;10;3;128;128
159;0;0.0001;concept1;0.10071645114402376;None;0.10125742235636971;0.8992835488559763;10;3;128;128
159;1;0.0001;concept2;0.024094423911282848;None;0.05835121252116743;0.9759055760887172;10;3;128;128
159;2;0.0001;concept3;0.41546212761210916;None;0.11731519778988209;0.5845378723878909;10;3;128;128
160;0;0.0001;concept1;0.10067146765043622;None;0.1011892574365744;0.8993285323495638;10;3;128;128
160;1;0.0001;concept2;0.02402911362729858;None;0.058247203144149315;0.9759708863727015;10;3;128;128
160;2;0.0001;concept3;0.40985921970102485;None;0.11660939358466053;0.5901407802989752;10;3;128;128
161;0;0.0001;concept1;0.10048431245082745;None;0.10109062355854959;0.8995156875491725;10;3;128;128
161;1;0.0001;concept2;0.023954339819633002;None;0.058131151946073455;0.976045660180367;10;3;128;128
161;2;0.0001;concept3;0.40412023863610663;None;0.11589195426185692;0.5958797613638933;10;3;128;128
162;0;0.0001;concept1;0.10042932322247942;None;0.10104946831617595;0.8995706767775206;10;3;128;128
162;1;0.0001;concept2;0.02390248489203083;None;0.05805231736334559;0.9760975151079692;10;3;128;128
162;2;0.0001;concept3;0.39997904224281094;None;0.1153652353634844;0.600020957757189;10;3;128;128
163;0;0.0001;concept1;0.10034079966714854;None;0.10096397934132037;0.8996592003328514;10;3;128;128
163;1;0.0001;concept2;0.023830990993661854;None;0.05794492290943936;0.9761690090063382;10;3;128;128
163;2;0.0001;concept3;0.39485150245413264;None;0.11472477559155048;0.6051484975458674;10;3;128;128
164;0;0.0001;concept1;0.10023307382445783;None;0.10088824732088988;0.8997669261755422;10;3;128;128
164;1;0.0001;concept2;0.023756895254010767;None;0.05783280966286708;0.9762431047459892;10;3;128;128
164;2;0.0001;concept3;0.38965030117095045;None;0.1141426598016555;0.6103496988290495;10;3;128;128
165;0;0.0001;concept1;0.10006660098291098;None;0.10079232841606335;0.899933399017089;10;3;128;128
165;1;0.0001;concept2;0.02367716981470524;None;0.05771559256004274;0.9763228301852948;10;3;128;128
165;2;0.0001;concept3;0.38449831138863894;None;0.11354057257425121;0.6155016886113611;10;3;128;128
166;0;0.0001;concept1;0.10008152166799322;None;0.10076650114554181;0.8999184783320068;10;3;128;128
166;1;0.0001;concept2;0.02362291076572691;None;0.05763641690402898;0.9763770892342731;10;3;128;128
166;2;0.0001;concept3;0.38119241627737155;None;0.11311834507400012;0.6188075837226285;10;3;128;128
167;0;0.0001;concept1;0.09995425784994123;None;0.10067851270659034;0.9000457421500587;10;3;128;128
167;1;0.0001;concept2;0.023550598245467076;None;0.05752731710858468;0.9764494017545329;10;3;128;128
167;2;0.0001;concept3;0.3765652961132136;None;0.11256071513115205;0.6234347038867865;10;3;128;128
168;0;0.0001;concept1;0.09986592988047997;None;0.10059650848912194;0.9001340701195201;10;3;128;128
168;1;0.0001;concept2;0.023473860963331084;None;0.057412076504063256;0.976526139036669;10;3;128;128
168;2;0.0001;concept3;0.3721284034990654;None;0.11199635203078821;0.6278715965009346;10;3;128;128
169;0;0.0001;concept1;0.09971918271462503;None;0.1005176688177419;0.900280817285375;10;3;128;128
169;1;0.0001;concept2;0.02339568006636477;None;0.05730083043286226;0.9766043199336353;10;3;128;128
169;2;0.0001;concept3;0.3678162430717064;None;0.111420108603207;0.6321837569282935;10;3;128;128
170;0;0.0001;concept1;0.09969427100919245;None;0.10048608082862495;0.9003057289908075;10;3;128;128
170;1;0.0001;concept2;0.02334583558340094;None;0.05722794512307642;0.976654164416599;10;3;128;128
170;2;0.0001;concept3;0.3653187317098776;None;0.11105429776864519;0.6346812682901224;10;3;128;128
171;0;0.0001;concept1;0.09959484409800189;None;0.10040398169276847;0.9004051559019981;10;3;128;128
171;1;0.0001;concept2;0.023267494454625733;None;0.05711412639628518;0.9767325055453743;10;3;128;128
171;2;0.0001;concept3;0.3612426202048598;None;0.11046838711388028;0.6387573797951402;10;3;128;128
172;0;0.0001;concept1;0.0995537037542612;None;0.10032713205177173;0.9004462962457388;10;3;128;128
172;1;0.0001;concept2;0.023183361038279466;None;0.05699259064859823;0.9768166389617206;10;3;128;128
172;2;0.0001;concept3;0.3572613581754551;None;0.10986588643847758;0.6427386418245449;10;3;128;128
173;0;0.0001;concept1;0.09944575255583474;None;0.10024526352229349;0.9005542474441652;10;3;128;128
173;1;0.0001;concept2;0.02308884565503056;None;0.05686476620107485;0.9769111543449694;10;3;128;128
173;2;0.0001;concept3;0.35345404270687975;None;0.10925933747914676;0.6465459572931203;10;3;128;128
174;0;0.0001;concept1;0.09946412996805157;None;0.10022452161991609;0.9005358700319485;10;3;128;128
174;1;0.0001;concept2;0.0230419061937938;None;0.056795438881953354;0.9769580938062062;10;3;128;128
174;2;0.0001;concept3;0.3515568421267161;None;0.10897084225680592;0.6484431578732839;10;3;128;128
175;0;0.0001;concept1;0.09932888888158396;None;0.10013373485141755;0.900671111118416;10;3;128;128
175;1;0.0001;concept2;0.02296167091870394;None;0.056673803070646143;0.9770383290812961;10;3;128;128
175;2;0.0001;concept3;0.34809377678354037;None;0.10845933946897689;0.6519062232164596;10;3;128;128
176;0;0.0001;concept1;0.0992275451580564;None;0.1000586963788265;0.9007724548419436;10;3;128;128
176;1;0.0001;concept2;0.02287677603495278;None;0.05655256425304033;0.9771232239650472;10;3;128;128
176;2;0.0001;concept3;0.34524802789723286;None;0.1079864385241474;0.654751972102767;10;3;128;128
177;0;0.0001;concept1;0.09920324822970251;None;0.1000094172018709;0.9007967517702975;10;3;128;128
177;1;0.0001;concept2;0.022789367170760518;None;0.05643063445595468;0.9772106328292395;10;3;128;128
177;2;0.0001;concept3;0.34191053542302935;None;0.10747349533162924;0.6580894645769706;10;3;128;128
178;0;0.0001;concept1;0.0991846442220752;None;0.09997863708622715;0.9008153557779248;10;3;128;128
178;1;0.0001;concept2;0.022749025220849286;None;0.056371784772197585;0.9772509747791507;10;3;128;128
178;2;0.0001;concept3;0.34050131816134144;None;0.10724089754484412;0.6594986818386586;10;3;128;128
179;0;0.0001;concept1;0.09912853860468576;None;0.09989875617803005;0.9008714613953143;10;3;128;128
179;1;0.0001;concept2;0.022654967856006042;None;0.05624065424257371;0.9773450321439939;10;3;128;128
179;2;0.0001;concept3;0.33780386175582994;None;0.10680325002536896;0.6621961382441701;10;3;128;128
180;0;0.0001;concept1;0.09901089128517547;None;0.09981046021477431;0.9009891087148245;10;3;128;128
180;1;0.0001;concept2;0.022576726985168383;None;0.05612461225433355;0.9774232730148316;10;3;128;128
180;2;0.0001;concept3;0.3354484632047629;None;0.10639403175471258;0.664551536795237;10;3;128;128
181;0;0.0001;concept1;0.09898158473732871;None;0.09975332368695518;0.9010184152626712;10;3;128;128
181;1;0.0001;concept2;0.02248823005868052;None;0.05599825622443594;0.9775117699413195;10;3;128;128
181;2;0.0001;concept3;0.3330650225435639;None;0.10595634180930907;0.6669349774564362;10;3;128;128
182;0;0.0001;concept1;0.09896090857183226;None;0.09971817988667821;0.9010390914281677;10;3;128;128
182;1;0.0001;concept2;0.022444668631578818;None;0.05593695588518626;0.9775553313684212;10;3;128;128
182;2;0.0001;concept3;0.3321430336857572;None;0.10575916825348887;0.6678569663142427;10;3;128;128
183;0;0.0001;concept1;0.09895384052786284;None;0.09967487776521759;0.9010461594721372;10;3;128;128
183;1;0.0001;concept2;0.022356760923338905;None;0.055814164915124184;0.9776432390766611;10;3;128;128
183;2;0.0001;concept3;0.3301323689307245;None;0.1053547207709743;0.6698676310692755;10;3;128;128
184;0;0.0001;concept1;0.09897477907784602;None;0.09965078550104187;0.901025220922154;10;3;128;128
184;1;0.0001;concept2;0.022269604413850043;None;0.05568940207301256;0.9777303955861499;10;3;128;128
184;2;0.0001;concept3;0.3284673684129984;None;0.10500670924600437;0.6715326315870016;10;3;128;128
185;0;0.0001;concept1;0.09890424597722565;None;0.09957859493385286;0.9010957540227743;10;3;128;128
185;1;0.0001;concept2;0.022177146115947184;None;0.0555520507296423;0.9778228538840528;10;3;128;128
185;2;0.0001;concept3;0.32689898956066227;None;0.10464656936309408;0.6731010104393377;10;3;128;128
186;0;0.0001;concept1;0.09894066343927702;None;0.09957848874940421;0.901059336560723;10;3;128;128
186;1;0.0001;concept2;0.022136795809726485;None;0.05549242738412751;0.9778632041902735;10;3;128;128
186;2;0.0001;concept3;0.32635284269894305;None;0.10453051721680079;0.673647157301057;10;3;128;128
187;0;0.0001;concept1;0.0990096978092658;None;0.09956219963895886;0.9009903021907342;10;3;128;128
187;1;0.0001;concept2;0.02204903910268466;None;0.055365739963717214;0.9779509608973154;10;3;128;128
187;2;0.0001;concept3;0.32510637134915626;None;0.10424464332146059;0.6748936286508438;10;3;128;128
188;0;0.0001;concept1;0.0990714768627711;None;0.09956313708274142;0.9009285231372289;10;3;128;128
188;1;0.0001;concept2;0.021954388046683083;None;0.05522380434817683;0.978045611953317;10;3;128;128
188;2;0.0001;concept3;0.32408439339557926;None;0.10396164696442148;0.6759156066044207;10;3;128;128
189;0;0.0001;concept1;0.09928750875547591;None;0.09965936104498936;0.9007124912445241;10;3;128;128
189;1;0.0001;concept2;0.021867264943461504;None;0.05509169680789019;0.9781327350565385;10;3;128;128
189;2;0.0001;concept3;0.3233969729940659;None;0.10371181504325462;0.676603027005934;10;3;128;128
190;0;0.0001;concept1;0.09938532157025677;None;0.09970937484126126;0.9006146784297432;10;3;128;128
190;1;0.0001;concept2;0.021832498597555455;None;0.05504206877971118;0.9781675014024446;10;3;128;128
190;2;0.0001;concept3;0.32320779650087567;None;0.10362509075740313;0.6767922034991243;10;3;128;128
191;0;0.0001;concept1;0.09978033164791024;None;0.09993618607708304;0.9002196683520898;10;3;128;128
191;1;0.0001;concept2;0.021742885211333888;None;0.05491117443436798;0.9782571147886661;10;3;128;128
191;2;0.0001;concept3;0.3228779204891508;None;0.10339812320399348;0.6771220795108492;10;3;128;128
192;0;0.0001;concept1;0.1000731042788683;None;0.10005791223671914;0.8999268957211317;10;3;128;128
192;1;0.0001;concept2;0.0216538768014765;None;0.054779565693804357;0.9783461231985235;10;3;128;128
192;2;0.0001;concept3;0.3228144005691143;None;0.1032316069159067;0.6771855994308857;10;3;128;128
193;0;0.0001;concept1;0.10012304133420215;None;0.10003658859808524;0.8998769586657979;10;3;128;128
193;1;0.0001;concept2;0.02156215212979711;None;0.054646504291901425;0.9784378478702029;10;3;128;128
193;2;0.0001;concept3;0.3229588707371443;None;0.10306562979017847;0.6770411292628556;10;3;128;128
194;0;0.0001;concept1;0.1001295350033804;None;0.10002368534566551;0.8998704649966196;10;3;128;128
194;1;0.0001;concept2;0.021528884808591692;None;0.0545973187838819;0.9784711151914083;10;3;128;128
194;2;0.0001;concept3;0.32303927243694264;None;0.10300529260295008;0.6769607275630574;10;3;128;128
195;0;0.0001;concept1;0.10016826439946391;None;0.09998924504684086;0.8998317356005361;10;3;128;128
195;1;0.0001;concept2;0.021435941072987068;None;0.05446458050497507;0.9785640589270129;10;3;128;128
195;2;0.0001;concept3;0.3234487896526661;None;0.10282809430378041;0.6765512103473339;10;3;128;128
196;0;0.0001;concept1;0.10012345428174278;None;0.09993241049519797;0.8998765457182571;10;3;128;128
196;1;0.0001;concept2;0.02133758636369612;None;0.05431689649047662;0.9786624136363039;10;3;128;128
196;2;0.0001;concept3;0.3241151648360783;None;0.1027133975314776;0.6758848351639217;10;3;128;128
197;0;0.0001;concept1;0.10010295035645146;None;0.09987293721496054;0.8998970496435486;10;3;128;128
197;1;0.0001;concept2;0.021262890569360468;None;0.05417463940899939;0.9787371094306395;10;3;128;128
197;2;0.0001;concept3;0.3249201770450581;None;0.10263122465237316;0.6750798229549418;10;3;128;128
198;0;0.0001;concept1;0.10009436294682217;None;0.09984987602173331;0.8999056370531778;10;3;128;128
198;1;0.0001;concept2;0.021231207262522554;None;0.054126254548622924;0.9787687927374774;10;3;128;128
198;2;0.0001;concept3;0.32518541365266096;None;0.10261461517834533;0.674814586347339;10;3;128;128
199;0;0.0001;concept1;0.10011434531904062;None;0.09982271122313349;0.8998856546809594;10;3;128;128
199;1;0.0001;concept2;0.02114048345701373;None;0.0539914314402763;0.9788595165429863;10;3;128;128
199;2;0.0001;concept3;0.3263491072446558;None;0.10256319021100291;0.6736508927553442;10;3;128;128
