0;0;0.0001;concept1;0.08293292758259256;None;0.10577481048130752;0.9170670724174075;10;20;128;128
0;1;0.0001;concept2;1.8286976756658795;None;0.30412783776314345;-0.8286976756658793;10;20;128;128
0;2;0.0001;concept3;0.28660680993607474;None;0.08030177801764411;0.7133931900639252;10;20;128;128
1;0;0.0001;concept1;0.08530366641460697;None;0.10621889033913949;0.914696333585393;10;20;128;128
1;1;0.0001;concept2;1.2473392820078144;None;0.2394690711347906;-0.2473392820078144;10;20;128;128
1;2;0.0001;concept3;0.38778973258060195;None;0.09250119278097955;0.6122102674193981;10;20;128;128
2;0;0.0001;concept1;0.061388505323018885;None;0.08947320158065324;0.9386114946769811;10;20;128;128
2;1;0.0001;concept2;0.1713928849104281;None;0.08252916643115876;0.828607115089572;10;20;128;128
2;2;0.0001;concept3;0.10800855846712454;None;0.050133927100101394;0.8919914415328755;10;20;128;128
3;0;0.0001;concept1;0.05538148844122418;None;0.08402008132957378;0.9446185115587759;10;20;128;128
3;1;0.0001;concept2;0.06918942276720891;None;0.05335885696704592;0.930810577232791;10;20;128;128
3;2;0.0001;concept3;0.08274330394220604;None;0.04459267877454027;0.9172566960577939;10;20;128;128
4;0;0.0001;concept1;0.05190666404269527;None;0.08051462138826455;0.9480933359573047;10;20;128;128
4;1;0.0001;concept2;0.05048304284001501;None;0.04569997944466294;0.949516957159985;10;20;128;128
4;2;0.0001;concept3;0.07426513400433656;None;0.04224741590747171;0.9257348659956635;10;20;128;128
5;0;0.0001;concept1;0.046178891118925536;None;0.07428288409074892;0.9538211088810744;10;20;128;128
5;1;0.0001;concept2;0.036263941734612073;None;0.038706852991878433;0.9637360582653879;10;20;128;128
5;2;0.0001;concept3;0.06863223764547559;None;0.04066498997088119;0.9313677623545245;10;20;128;128
6;0;0.0001;concept1;0.04451158778369309;None;0.07241190942100091;0.9554884122163069;10;20;128;128
6;1;0.0001;concept2;0.032673168796709576;None;0.036748488026379596;0.9673268312032904;10;20;128;128
6;2;0.0001;concept3;0.06232532647234432;None;0.038692765283226294;0.9376746735276557;10;20;128;128
7;0;0.0001;concept1;0.041953952486258855;None;0.06937674298882555;0.9580460475137411;10;20;128;128
7;1;0.0001;concept2;0.02809893017582754;None;0.03411002642671132;0.9719010698241725;10;20;128;128
7;2;0.0001;concept3;0.05169053633470516;None;0.03499507277084766;0.9483094636652949;10;20;128;128
8;0;0.0001;concept1;0.04088058880958378;None;0.06809273800221803;0.9591194111904162;10;20;128;128
8;1;0.0001;concept2;0.026577890797025206;None;0.033179671864529824;0.9734221092029748;10;20;128;128
8;2;0.0001;concept3;0.04741075660903469;None;0.033439353119386984;0.9525892433909653;10;20;128;128
9;0;0.0001;concept1;0.03935992134011936;None;0.06606692420656095;0.9606400786598807;10;20;128;128
9;1;0.0001;concept2;0.024198241014698876;None;0.0316601586860314;0.9758017589853011;10;20;128;128
9;2;0.0001;concept3;0.04038297964507705;None;0.030823949222126577;0.9596170203549229;10;20;128;128
10;0;0.0001;concept1;0.038643465169748634;None;0.06512102185583372;0.9613565348302514;10;20;128;128
10;1;0.0001;concept2;0.023254377215709377;None;0.031050101991902754;0.9767456227842907;10;20;128;128
10;2;0.0001;concept3;0.03766333352755476;None;0.029749852882508445;0.9623366664724452;10;20;128;128
11;0;0.0001;concept1;0.03728503133018755;None;0.0632994930577336;0.9627149686698124;10;20;128;128
11;1;0.0001;concept2;0.021439900681054176;None;0.029891144311148362;0.9785600993189458;10;20;128;128
11;2;0.0001;concept3;0.03279087584710673;None;0.02777118715259679;0.9672091241528933;10;20;128;128
12;0;0.0001;concept1;0.0367857633046723;None;0.06257561967830462;0.9632142366953277;10;20;128;128
12;1;0.0001;concept2;0.020947423852069425;None;0.029570315133536088;0.9790525761479306;10;20;128;128
12;2;0.0001;concept3;0.031027756357781593;None;0.027025196524218174;0.9689722436422185;10;20;128;128
13;0;0.0001;concept1;0.035904302229495824;None;0.06122255975772829;0.9640956977705042;10;20;128;128
13;1;0.0001;concept2;0.019903919070941006;None;0.02886371148431845;0.980096080929059;10;20;128;128
13;2;0.0001;concept3;0.028196139383985658;None;0.02571967759159867;0.9718038606160143;10;20;128;128
14;0;0.0001;concept1;0.035446870687294886;None;0.060551550529324295;0.9645531293127051;10;20;128;128
14;1;0.0001;concept2;0.019563009653414183;None;0.028630044597631733;0.9804369903465858;10;20;128;128
14;2;0.0001;concept3;0.026933354125996584;None;0.025147927907964773;0.9730666458740034;10;20;128;128
15;0;0.0001;concept1;0.034803475456122356;None;0.059364605802658885;0.9651965245438776;10;20;128;128
15;1;0.0001;concept2;0.018803951008706455;None;0.02809770537221219;0.9811960489912935;10;20;128;128
15;2;0.0001;concept3;0.025088316613584252;None;0.024226429190618987;0.9749116833864158;10;20;128;128
16;0;0.0001;concept1;0.03452853776175507;None;0.05887078930832875;0.965471462238245;10;20;128;128
16;1;0.0001;concept2;0.018556714337246236;None;0.027921561511943825;0.9814432856627537;10;20;128;128
16;2;0.0001;concept3;0.02426281678085817;None;0.023816086018254964;0.9757371832191418;10;20;128;128
17;0;0.0001;concept1;0.03400141956754377;None;0.05795691304602865;0.9659985804324562;10;20;128;128
17;1;0.0001;concept2;0.017971401093160186;None;0.027514453980811388;0.9820285989068398;10;20;128;128
17;2;0.0001;concept3;0.022694206369040126;None;0.022975440659402442;0.9773057936309599;10;20;128;128
18;0;0.0001;concept1;0.03374018916151559;None;0.05755246684421817;0.9662598108384844;10;20;128;128
18;1;0.0001;concept2;0.017752427298087223;None;0.027366835710819513;0.9822475727019128;10;20;128;128
18;2;0.0001;concept3;0.022125711591777498;None;0.022707757601188712;0.9778742884082225;10;20;128;128
19;0;0.0001;concept1;0.03325439224246573;None;0.056735786839406874;0.9667456077575343;10;20;128;128
19;1;0.0001;concept2;0.017231522358238115;None;0.026995458032486735;0.9827684776417619;10;20;128;128
19;2;0.0001;concept3;0.020897048177809022;None;0.021981658596053995;0.979102951822191;10;20;128;128
20;0;0.0001;concept1;0.033061191159453156;None;0.05644101600779868;0.9669388088405468;10;20;128;128
20;1;0.0001;concept2;0.01704131997072383;None;0.02685717285209225;0.9829586800292762;10;20;128;128
20;2;0.0001;concept3;0.02046343543603256;None;0.021740319091010537;0.9795365645639674;10;20;128;128
21;0;0.0001;concept1;0.03269729298063752;None;0.0558090265856794;0.9673027070193625;10;20;128;128
21;1;0.0001;concept2;0.016620528723139665;None;0.026550820685942025;0.9833794712768603;10;20;128;128
21;2;0.0001;concept3;0.019707301409743794;None;0.021337897647650608;0.9802926985902563;10;20;128;128
22;0;0.0001;concept1;0.032523087616384894;None;0.05553531328422219;0.9674769123836151;10;20;128;128
22;1;0.0001;concept2;0.016466751370906352;None;0.02644036632258569;0.9835332486290936;10;20;128;128
22;2;0.0001;concept3;0.019446055892244865;None;0.02120689044964916;0.9805539441077551;10;20;128;128
23;0;0.0001;concept1;0.032199213233263795;None;0.05497966781191189;0.9678007867667362;10;20;128;128
23;1;0.0001;concept2;0.016098362154259634;None;0.02617028102358489;0.9839016378457404;10;20;128;128
23;2;0.0001;concept3;0.018964432616930774;None;0.021015866756842708;0.9810355673830692;10;20;128;128
24;0;0.0001;concept1;0.03202940827273296;None;0.05472968949277382;0.9679705917272671;10;20;128;128
24;1;0.0001;concept2;0.01598332756427306;None;0.026079386083606326;0.984016672435727;10;20;128;128
24;2;0.0001;concept3;0.01878960868974635;None;0.020979380060863057;0.9812103913102537;10;20;128;128
25;0;0.0001;concept1;0.031731782280595984;None;0.05426047233159793;0.968268217719404;10;20;128;128
25;1;0.0001;concept2;0.01569022118051247;None;0.025850133510554863;0.9843097788194876;10;20;128;128
25;2;0.0001;concept3;0.01850136815351769;None;0.02094627714966631;0.9814986318464823;10;20;128;128
26;0;0.0001;concept1;0.031607051638084596;None;0.05407223609781464;0.9683929483619154;10;20;128;128
26;1;0.0001;concept2;0.015588815542400623;None;0.025767921705967055;0.9844111844575993;10;20;128;128
26;2;0.0001;concept3;0.01841212378579848;None;0.020954470649246795;0.9815878762142015;10;20;128;128
27;0;0.0001;concept1;0.031393777948950576;None;0.053696383638877396;0.9686062220510494;10;20;128;128
27;1;0.0001;concept2;0.015329076493552255;None;0.025550238787011927;0.9846709235064477;10;20;128;128
27;2;0.0001;concept3;0.01832269775887007;None;0.021077415008976492;0.9816773022411299;10;20;128;128
28;0;0.0001;concept1;0.03128219286231263;None;0.053524674694066646;0.9687178071376874;10;20;128;128
28;1;0.0001;concept2;0.015241362354125789;None;0.025476380760200586;0.9847586376458742;10;20;128;128
28;2;0.0001;concept3;0.018355880827927676;None;0.021164999191440385;0.9816441191720723;10;20;128;128
29;0;0.0001;concept1;0.030948959658367903;None;0.05307301006441462;0.9690510403416321;10;20;128;128
29;1;0.0001;concept2;0.015029135980630902;None;0.025282126797082593;0.9849708640193691;10;20;128;128
29;2;0.0001;concept3;0.018364223553250406;None;0.02128745224362966;0.9816357764467496;10;20;128;128
30;0;0.0001;concept1;0.030965023543320442;None;0.05302384852841502;0.9690349764566796;10;20;128;128
30;1;0.0001;concept2;0.01496000105080926;None;0.025216683251856397;0.9850399989491907;10;20;128;128
30;2;0.0001;concept3;0.018711584810971182;None;0.02155613547289544;0.9812884151890289;10;20;128;128
31;0;0.0001;concept1;0.030750242669761788;None;0.05268294873002328;0.9692497573302382;10;20;128;128
31;1;0.0001;concept2;0.014773686470076682;None;0.02503394112692822;0.9852263135299233;10;20;128;128
31;2;0.0001;concept3;0.01805680941175099;None;0.02121100365033804;0.981943190588249;10;20;128;128
32;0;0.0001;concept1;0.03067676674801751;None;0.0525646975869275;0.9693232332519824;10;20;128;128
32;1;0.0001;concept2;0.01471049207823555;None;0.02497489250175351;0.9852895079217644;10;20;128;128
32;2;0.0001;concept3;0.018535826556554467;None;0.021557200348651658;0.9814641734434455;10;20;128;128
33;0;0.0001;concept1;0.030475566162433635;None;0.052247535792075674;0.9695244338375664;10;20;128;128
33;1;0.0001;concept2;0.014596778679416557;None;0.024859480040412003;0.9854032213205834;10;20;128;128
33;2;0.0001;concept3;0.018516904778069866;None;0.021614164747367246;0.9814830952219301;10;20;128;128
34;0;0.0001;concept1;0.030370747970618662;None;0.05212448289867961;0.9696292520293813;10;20;128;128
34;1;0.0001;concept2;0.014537232672541603;None;0.024796469799992237;0.9854627673274584;10;20;128;128
34;2;0.0001;concept3;0.01887956962996551;None;0.02184315215606894;0.9811204303700345;10;20;128;128
35;0;0.0001;concept1;0.030205194376282742;None;0.05186508074659449;0.9697948056237172;10;20;128;128
35;1;0.0001;concept2;0.01442735169386667;None;0.024688387610234654;0.9855726483061333;10;20;128;128
35;2;0.0001;concept3;0.018217299297379818;None;0.02147212025717212;0.9817827007026202;10;20;128;128
36;0;0.0001;concept1;0.030112845615275535;None;0.051748699835439976;0.9698871543847245;10;20;128;128
36;1;0.0001;concept2;0.014409046995047851;None;0.02466311799287956;0.9855909530049521;10;20;128;128
36;2;0.0001;concept3;0.018207460832968356;None;0.021480517127200317;0.9817925391670317;10;20;128;128
37;0;0.0001;concept1;0.029977671464375633;None;0.05153775088360538;0.9700223285356244;10;20;128;128
37;1;0.0001;concept2;0.01437465260139282;None;0.024621089205953267;0.9856253473986072;10;20;128;128
37;2;0.0001;concept3;0.018352829473743355;None;0.021586730953933975;0.9816471705262566;10;20;128;128
38;0;0.0001;concept1;0.029872864782465598;None;0.05141342109115737;0.9701271352175344;10;20;128;128
38;1;0.0001;concept2;0.014344626788838863;None;0.024589102117754624;0.9856553732111611;10;20;128;128
38;2;0.0001;concept3;0.01838587895558704;None;0.021613329917969822;0.9816141210444129;10;20;128;128
39;0;0.0001;concept1;0.02972156247517637;None;0.05119378060761377;0.9702784375248237;10;20;128;128
39;1;0.0001;concept2;0.014253809727298537;None;0.02449195983794159;0.9857461902727015;10;20;128;128
39;2;0.0001;concept3;0.018517370112450932;None;0.02171086434702876;0.9814826298875491;10;20;128;128
40;0;0.0001;concept1;0.02967725964277361;None;0.0511165209312536;0.9703227403572264;10;20;128;128
40;1;0.0001;concept2;0.0142275517458557;None;0.02446045710722088;0.9857724482541443;10;20;128;128
40;2;0.0001;concept3;0.018551160230065;None;0.02173742611880374;0.981448839769935;10;20;128;128
41;0;0.0001;concept1;0.029567892082363992;None;0.050967299899385934;0.970432107917636;10;20;128;128
41;1;0.0001;concept2;0.01419728351573398;None;0.024426558243571043;0.985802716484266;10;20;128;128
41;2;0.0001;concept3;0.018722160791523786;None;0.0218512283722875;0.9812778392084762;10;20;128;128
42;0;0.0001;concept1;0.029492956178930194;None;0.05087445645401394;0.9705070438210698;10;20;128;128
42;1;0.0001;concept2;0.014198793892410598;None;0.02441617857086528;0.9858012061075894;10;20;128;128
42;2;0.0001;concept3;0.018783356142188266;None;0.0218918965639869;0.9812166438578117;10;20;128;128
43;0;0.0001;concept1;0.029361614594851614;None;0.05070342151207006;0.9706383854051484;10;20;128;128
43;1;0.0001;concept2;0.014147952106014864;None;0.024351295368083777;0.9858520478939852;10;20;128;128
43;2;0.0001;concept3;0.018938514650062386;None;0.021995614799908098;0.9810614853499376;10;20;128;128
44;0;0.0001;concept1;0.02931438731875019;None;0.05064552433609954;0.9706856126812498;10;20;128;128
44;1;0.0001;concept2;0.014132993581165487;None;0.02433085069354184;0.9858670064188345;10;20;128;128
44;2;0.0001;concept3;0.01898572906930731;None;0.022021973770000005;0.9810142709306927;10;20;128;128
45;0;0.0001;concept1;0.02916422298948473;None;0.05044265963238301;0.9708357770105153;10;20;128;128
45;1;0.0001;concept2;0.014089732324989734;None;0.024275284310264114;0.9859102676750102;10;20;128;128
45;2;0.0001;concept3;0.019073526810084285;None;0.022069603473820976;0.9809264731899158;10;20;128;128
46;0;0.0001;concept1;0.02911196222472077;None;0.0503828563575583;0.9708880377752792;10;20;128;128
46;1;0.0001;concept2;0.014065717654771378;None;0.024247261911953172;0.9859342823452286;10;20;128;128
46;2;0.0001;concept3;0.019097002140641892;None;0.02207887698942478;0.9809029978593581;10;20;128;128
47;0;0.0001;concept1;0.029017711967654364;None;0.050248786784292815;0.9709822880323457;10;20;128;128
47;1;0.0001;concept2;0.014028827495099995;None;0.0241965029441844;0.9859711725049;10;20;128;128
47;2;0.0001;concept3;0.01930796843208116;None;0.022202699849397347;0.9806920315679188;10;20;128;128
48;0;0.0001;concept1;0.028949681763445922;None;0.05017197759901319;0.9710503182365541;10;20;128;128
48;1;0.0001;concept2;0.014006245180782593;None;0.024168465322578627;0.9859937548192174;10;20;128;128
48;2;0.0001;concept3;0.019361673030198732;None;0.022230938450574483;0.9806383269698012;10;20;128;128
49;0;0.0001;concept1;0.02886180952721515;None;0.05004201886501406;0.9711381904727848;10;20;128;128
49;1;0.0001;concept2;0.013995572960139091;None;0.024142368923557582;0.9860044270398609;10;20;128;128
49;2;0.0001;concept3;0.01943129681411789;None;0.022266413468837263;0.9805687031858821;10;20;128;128
50;0;0.0001;concept1;0.04097847873682411;None;0.04562193950549082;0.9590215212631759;10;20;128;128
50;1;0.0001;concept2;0.003575215001627032;None;0.024836232541603144;0.996424784998373;10;20;128;128
50;2;0.0001;concept3;0.006646291571246092;None;0.044639074881393806;0.9933537084287539;10;20;128;128
51;0;0.0001;concept1;0.04112543830056792;None;0.04571283174652413;0.9588745616994321;10;20;128;128
51;1;0.0001;concept2;0.003546412477826838;None;0.02477200979864893;0.9964535875221732;10;20;128;128
51;2;0.0001;concept3;0.006702719214888619;None;0.04488952868638772;0.9932972807851114;10;20;128;128
52;0;0.0001;concept1;0.04178295075191336;None;0.045917260210200005;0.9582170492480866;10;20;128;128
52;1;0.0001;concept2;0.0035214344600773815;None;0.024694361924424965;0.9964785655399226;10;20;128;128
52;2;0.0001;concept3;0.00666159924996652;None;0.04472789157005122;0.9933384007500334;10;20;128;128
53;0;0.0001;concept1;0.04164486701759147;None;0.04567925434780548;0.9583551329824085;10;20;128;128
53;1;0.0001;concept2;0.00349102004795994;None;0.024615046126207473;0.99650897995204;10;20;128;128
53;2;0.0001;concept3;0.006741616617978016;None;0.04504120252378045;0.993258383382022;10;20;128;128
54;0;0.0001;concept1;0.04134615184448537;None;0.04561204706227937;0.9586538481555147;10;20;128;128
54;1;0.0001;concept2;0.003469211422493985;None;0.024548003235147508;0.996530788577506;10;20;128;128
54;2;0.0001;concept3;0.006878233283562323;None;0.04554627261301744;0.9931217667164377;10;20;128;128
55;0;0.0001;concept1;0.0413130436215862;None;0.045514258560196974;0.9586869563784138;10;20;128;128
55;1;0.0001;concept2;0.003439921377330939;None;0.024480846587512282;0.996560078622669;10;20;128;128
55;2;0.0001;concept3;0.00700193273583967;None;0.04603784262238723;0.9929980672641603;10;20;128;128
56;0;0.0001;concept1;0.040562933175692;None;0.045054673792772074;0.959437066824308;10;20;128;128
56;1;0.0001;concept2;0.0034190047169597396;None;0.02441921399124791;0.9965809952830402;10;20;128;128
56;2;0.0001;concept3;0.006938101594779745;None;0.04582906369340874;0.9930618984052203;10;20;128;128
57;0;0.0001;concept1;0.04061795571004576;None;0.04478327789725612;0.9593820442899542;10;20;128;128
57;1;0.0001;concept2;0.0033957492373261106;None;0.02436395872090702;0.9966042507626739;10;20;128;128
57;2;0.0001;concept3;0.0070808003978270005;None;0.046366631955172856;0.992919199602173;10;20;128;128
58;0;0.0001;concept1;0.0407486772256318;None;0.044896248456002916;0.9592513227743682;10;20;128;128
58;1;0.0001;concept2;0.0033762748773209063;None;0.02430424044194257;0.996623725122679;10;20;128;128
58;2;0.0001;concept3;0.007089412803062975;None;0.046404788123318774;0.992910587196937;10;20;128;128
59;0;0.0001;concept1;0.04006621852286716;None;0.04445117178018499;0.9599337814771328;10;20;128;128
59;1;0.0001;concept2;0.003353091917371254;None;0.024245442565663577;0.9966469080826288;10;20;128;128
59;2;0.0001;concept3;0.007013364304317069;None;0.04612730230018671;0.9929866356956829;10;20;128;128
60;0;0.0001;concept1;0.039766109427835324;None;0.04421606840245058;0.9602338905721647;10;20;128;128
60;1;0.0001;concept2;0.0033367135692582775;None;0.024193846264028717;0.9966632864307418;10;20;128;128
60;2;0.0001;concept3;0.007033372129625449;None;0.04622455345044647;0.9929666278703746;10;20;128;128
61;0;0.0001;concept1;0.0390849407287291;None;0.04375929143703937;0.9609150592712709;10;20;128;128
61;1;0.0001;concept2;0.0033123282731037833;None;0.02412391352198479;0.9966876717268962;10;20;128;128
61;2;0.0001;concept3;0.007092094886792669;None;0.046475977819272964;0.9929079051132074;10;20;128;128
62;0;0.0001;concept1;0.03891174196347977;None;0.04364354705836109;0.9610882580365202;10;20;128;128
62;1;0.0001;concept2;0.003298712133886166;None;0.024079317265151966;0.9967012878661138;10;20;128;128
62;2;0.0001;concept3;0.007117376173523625;None;0.04659670308665031;0.9928826238264764;10;20;128;128
63;0;0.0001;concept1;0.037485098259201564;None;0.04279169718506901;0.9625149017407985;10;20;128;128
63;1;0.0001;concept2;0.0032755788511349467;None;0.024011605313727362;0.9967244211488651;10;20;128;128
63;2;0.0001;concept3;0.007156283921831882;None;0.04678010257091456;0.9928437160781681;10;20;128;128
64;0;0.0001;concept1;0.03737147476080337;None;0.042663470195684755;0.9626285252391966;10;20;128;128
64;1;0.0001;concept2;0.003261830483563049;None;0.023967469665086345;0.9967381695164369;10;20;128;128
64;2;0.0001;concept3;0.007190568970757008;None;0.04692837350207827;0.992809431029243;10;20;128;128
65;0;0.0001;concept1;0.03638622537417571;None;0.042066280740840054;0.9636137746258243;10;20;128;128
65;1;0.0001;concept2;0.003240768900612451;None;0.023904364841201602;0.9967592310993876;10;20;128;128
65;2;0.0001;concept3;0.00722495731267329;None;0.047075530293254925;0.9927750426873267;10;20;128;128
66;0;0.0001;concept1;0.031676560438646494;None;0.03928888654558893;0.9683234395613535;10;20;128;128
66;1;0.0001;concept2;0.0032271516955276105;None;0.023857479765438474;0.9967728483044724;10;20;128;128
66;2;0.0001;concept3;0.007233516146436053;None;0.0471192013989706;0.9927664838535639;10;20;128;128
67;0;0.0001;concept1;0.03153067516442816;None;0.03948615124285642;0.9684693248355718;10;20;128;128
67;1;0.0001;concept2;0.003203297095391693;None;0.02378034259491048;0.9967967029046083;10;20;128;128
67;2;0.0001;concept3;0.00728968662911407;None;0.04733564891799483;0.9927103133708859;10;20;128;128
68;0;0.0001;concept1;0.03150152264224921;None;0.039283837033823474;0.9684984773577507;10;20;128;128
68;1;0.0001;concept2;0.0031903923029039383;None;0.023735232788403577;0.996809607697096;10;20;128;128
68;2;0.0001;concept3;0.007291712385818862;None;0.04734726185474967;0.9927082876141812;10;20;128;128
69;0;0.0001;concept1;0.031449173358015566;None;0.03926745353258961;0.9685508266419844;10;20;128;128
69;1;0.0001;concept2;0.003169388780770279;None;0.02367194349482175;0.9968306112192297;10;20;128;128
69;2;0.0001;concept3;0.007327709284588062;None;0.047497291723331996;0.992672290715412;10;20;128;128
70;0;0.0001;concept1;0.03154495852074888;None;0.03922853660056573;0.9684550414792511;10;20;128;128
70;1;0.0001;concept2;0.0031598491225101285;None;0.023639617082968346;0.9968401508774899;10;20;128;128
70;2;0.0001;concept3;0.007338918151605059;None;0.04754434334499548;0.992661081848395;10;20;128;128
71;0;0.0001;concept1;0.0353073584193256;None;0.04119870021399775;0.9646926415806744;10;20;128;128
71;1;0.0001;concept2;0.003139139898895791;None;0.023577585585921493;0.9968608601011042;10;20;128;128
71;2;0.0001;concept3;0.007359951503511848;None;0.04764164995285286;0.9926400484964881;10;20;128;128
72;0;0.0001;concept1;0.03674660184603009;None;0.0420466789432144;0.9632533981539699;10;20;128;128
72;1;0.0001;concept2;0.0031279595715631996;None;0.023540101652444186;0.9968720404284368;10;20;128;128
72;2;0.0001;concept3;0.007367955443651817;None;0.04767296379734713;0.9926320445563482;10;20;128;128
73;0;0.0001;concept1;0.038089169008913834;None;0.042660723897054234;0.9619108309910862;10;20;128;128
73;1;0.0001;concept2;0.003108705797836617;None;0.02348040430557011;0.9968912942021634;10;20;128;128
73;2;0.0001;concept3;0.007404312526686765;None;0.04781304781970919;0.9925956874733133;10;20;128;128
74;0;0.0001;concept1;0.03818341581972292;None;0.042751033476779096;0.961816584180277;10;20;128;128
74;1;0.0001;concept2;0.0031009395823889093;None;0.023454830090776018;0.9968990604176111;10;20;128;128
74;2;0.0001;concept3;0.007412543092566923;None;0.0478545055384418;0.9925874569074331;10;20;128;128
75;0;0.0001;concept1;0.03775083147974251;None;0.04247957691500744;0.9622491685202574;10;20;128;128
75;1;0.0001;concept2;0.003083953589959783;None;0.023403977800147507;0.9969160464100402;10;20;128;128
75;2;0.0001;concept3;0.007442215641791989;None;0.04797543997818315;0.992557784358208;10;20;128;128
76;0;0.0001;concept1;0.036362240233480364;None;0.04171126513355527;0.9636377597665197;10;20;128;128
76;1;0.0001;concept2;0.003075899691178462;None;0.023378551037680537;0.9969241003088215;10;20;128;128
76;2;0.0001;concept3;0.007445280301952667;None;0.04799253248927319;0.9925547196980473;10;20;128;128
77;0;0.0001;concept1;0.0315128953443571;None;0.03898254116511254;0.9684871046556429;10;20;128;128
77;1;0.0001;concept2;0.003058692408731392;None;0.0233236725292427;0.9969413075912686;10;20;128;128
77;2;0.0001;concept3;0.007469170526567045;None;0.04809556541155209;0.992530829473433;10;20;128;128
78;0;0.0001;concept1;0.03116668779629513;None;0.038880999411793606;0.9688333122037048;10;20;128;128
78;1;0.0001;concept2;0.003051330773804885;None;0.023299036917242683;0.9969486692261951;10;20;128;128
78;2;0.0001;concept3;0.007478806974512096;None;0.04813324659893651;0.9925211930254879;10;20;128;128
79;0;0.0001;concept1;0.0307642780593798;None;0.038700407052186026;0.9692357219406202;10;20;128;128
79;1;0.0001;concept2;0.003034139627407662;None;0.023241815186094122;0.9969658603725924;10;20;128;128
79;2;0.0001;concept3;0.00750360372184701;None;0.048227508159025025;0.992496396278153;10;20;128;128
80;0;0.0001;concept1;0.03069989654988333;None;0.03866122597703616;0.9693001034501166;10;20;128;128
80;1;0.0001;concept2;0.003026670227467953;None;0.0232151019943511;0.9969733297725321;10;20;128;128
80;2;0.0001;concept3;0.007504201357000984;None;0.048232346582984455;0.992495798642999;10;20;128;128
81;0;0.0001;concept1;0.030516306140516414;None;0.03858561683611014;0.9694836938594836;10;20;128;128
81;1;0.0001;concept2;0.003011249451461766;None;0.023165041302313165;0.9969887505485382;10;20;128;128
81;2;0.0001;concept3;0.007531148087587021;None;0.04833730475452128;0.992468851912413;10;20;128;128
82;0;0.0001;concept1;0.030395305177950763;None;0.03858997588925035;0.9696046948220493;10;20;128;128
82;1;0.0001;concept2;0.0030044964496962713;None;0.023140486380081985;0.9969955035503038;10;20;128;128
82;2;0.0001;concept3;0.007540564862691592;None;0.04836788250328211;0.9924594351373084;10;20;128;128
83;0;0.0001;concept1;0.03032576738003903;None;0.038404688855041176;0.969674232619961;10;20;128;128
83;1;0.0001;concept2;0.002989158452979437;None;0.02308786460256437;0.9970108415470206;10;20;128;128
83;2;0.0001;concept3;0.0075613309948885515;None;0.04844418703751589;0.9924386690051115;10;20;128;128
84;0;0.0001;concept1;0.030363448886059886;None;0.038350789759454974;0.9696365511139401;10;20;128;128
84;1;0.0001;concept2;0.0029829856790919967;None;0.023065698933988195;0.9970170143209081;10;20;128;128
84;2;0.0001;concept3;0.007574957793880804;None;0.04849581279858076;0.9924250422061192;10;20;128;128
85;0;0.0001;concept1;0.030112345797127137;None;0.03820616254491195;0.9698876542028728;10;20;128;128
85;1;0.0001;concept2;0.0029657036313360577;None;0.02300660281964413;0.9970342963686639;10;20;128;128
85;2;0.0001;concept3;0.007586570852134274;None;0.04854864752308318;0.9924134291478657;10;20;128;128
86;0;0.0001;concept1;0.02999745106334355;None;0.03815370212837208;0.9700025489366565;10;20;128;128
86;1;0.0001;concept2;0.0029597142109184385;None;0.022986181763164967;0.9970402857890815;10;20;128;128
86;2;0.0001;concept3;0.00758924119087982;None;0.048559847133621305;0.9924107588091202;10;20;128;128
87;0;0.0001;concept1;0.02990316215337573;None;0.038165641127707865;0.9700968378466243;10;20;128;128
87;1;0.0001;concept2;0.0029457098767987407;None;0.022942343181178135;0.9970542901232012;10;20;128;128
87;2;0.0001;concept3;0.007613038066785433;None;0.04865359224419699;0.9923869619332145;10;20;128;128
88;0;0.0001;concept1;0.02984818483755641;None;0.038037715166031175;0.9701518151624436;10;20;128;128
88;1;0.0001;concept2;0.002938536956133542;None;0.022916741029413854;0.9970614630438664;10;20;128;128
88;2;0.0001;concept3;0.007619979875266023;None;0.048681522403157367;0.992380020124734;10;20;128;128
89;0;0.0001;concept1;0.029977394825247725;None;0.03811921331250519;0.9700226051747523;10;20;128;128
89;1;0.0001;concept2;0.0029247014057866543;None;0.02287024600202616;0.9970752985942134;10;20;128;128
89;2;0.0001;concept3;0.007641619633877472;None;0.048771060396146475;0.9923583803661226;10;20;128;128
90;0;0.0001;concept1;0.02985960389982789;None;0.038069273351522236;0.9701403961001721;10;20;128;128
90;1;0.0001;concept2;0.0029198046709278855;None;0.022855255488454795;0.9970801953290721;10;20;128;128
90;2;0.0001;concept3;0.007643163703640392;None;0.04877702368792279;0.9923568362963596;10;20;128;128
91;0;0.0001;concept1;0.029836514977497286;None;0.03799183081124128;0.9701634850225027;10;20;128;128
91;1;0.0001;concept2;0.002905055702305908;None;0.022809213309644562;0.9970949442976941;10;20;128;128
91;2;0.0001;concept3;0.007655193523884571;None;0.04882348996221172;0.9923448064761154;10;20;128;128
92;0;0.0001;concept1;0.029826417229579925;None;0.037983683511211105;0.9701735827704201;10;20;128;128
92;1;0.0001;concept2;0.0029004620390425725;None;0.0227948577793878;0.9970995379609574;10;20;128;128
92;2;0.0001;concept3;0.007665193599635555;None;0.04886705787351875;0.9923348064003644;10;20;128;128
93;0;0.0001;concept1;0.029953855671349082;None;0.037981207908630674;0.9700461443286509;10;20;128;128
93;1;0.0001;concept2;0.0028884255026090724;None;0.022757434417287118;0.997111574497391;10;20;128;128
93;2;0.0001;concept3;0.007680266168244891;None;0.048926410953402374;0.9923197338317551;10;20;128;128
94;0;0.0001;concept1;0.029940522622794615;None;0.03790649119264582;0.9700594773772054;10;20;128;128
94;1;0.0001;concept2;0.002884228429682847;None;0.022743515359440962;0.9971157715703172;10;20;128;128
94;2;0.0001;concept3;0.00769333374745651;None;0.04898308706386065;0.9923066662525435;10;20;128;128
95;0;0.0001;concept1;0.02990574461012282;None;0.03784087771157277;0.9700942553898771;10;20;128;128
95;1;0.0001;concept2;0.0028712431412857035;None;0.0227012738821913;0.9971287568587143;10;20;128;128
95;2;0.0001;concept3;0.007733684615593132;None;0.049128289439492;0.9922663153844069;10;20;128;128
96;0;0.0001;concept1;0.030018867870227357;None;0.0377994263241622;0.9699811321297727;10;20;128;128
96;1;0.0001;concept2;0.0028670701533017795;None;0.022687539860093118;0.9971329298466982;10;20;128;128
96;2;0.0001;concept3;0.007738582608098441;None;0.04914869721572391;0.9922614173919015;10;20;128;128
97;0;0.0001;concept1;0.029774700906537735;None;0.03783955289852731;0.9702252990934622;10;20;128;128
97;1;0.0001;concept2;0.0028532236597033052;None;0.022639668621468042;0.9971467763402967;10;20;128;128
97;2;0.0001;concept3;0.007752401461261424;None;0.049193654807670226;0.9922475985387386;10;20;128;128
98;0;0.0001;concept1;0.02972816608811862;None;0.037801333537771487;0.9702718339118814;10;20;128;128
98;1;0.0001;concept2;0.0028497568269052046;None;0.022628466788737554;0.9971502431730948;10;20;128;128
98;2;0.0001;concept3;0.007758288408504658;None;0.049216993983723645;0.9922417115914953;10;20;128;128
99;0;0.0001;concept1;0.02972360980929502;None;0.03782247964346288;0.970276390190705;10;20;128;128
99;1;0.0001;concept2;0.0028359412482513004;None;0.02257877352662473;0.9971640587517487;10;20;128;128
99;2;0.0001;concept3;0.007760622487443274;None;0.049232794146880574;0.9922393775125568;10;20;128;128
100;0;0.0001;concept1;0.051989542305276415;None;0.05127886991840445;0.9480104576947236;10;20;128;128
100;1;0.0001;concept2;0.009970054744752715;None;0.017198854545593178;0.9900299452552472;10;20;128;128
100;2;0.0001;concept3;0.13742361594224858;None;0.1562417830591117;0.8625763840577514;10;20;128;128
101;0;0.0001;concept1;0.051261653973441734;None;0.05085684693789782;0.9487383460265583;10;20;128;128
101;1;0.0001;concept2;0.010475753138462954;None;0.01752404291966929;0.9895242468615371;10;20;128;128
101;2;0.0001;concept3;0.1370207741065953;None;0.1560214910356157;0.8629792258934047;10;20;128;128
102;0;0.0001;concept1;0.05148949230147133;None;0.05126971724565867;0.9485105076985286;10;20;128;128
102;1;0.0001;concept2;0.009925248103352692;None;0.017144373707622045;0.9900747518966473;10;20;128;128
102;2;0.0001;concept3;0.13656375252019257;None;0.15573427515826704;0.8634362474798074;10;20;128;128
103;0;0.0001;concept1;0.05141916393719774;None;0.051209940653997255;0.9485808360628023;10;20;128;128
103;1;0.0001;concept2;0.010338064152990458;None;0.01740475035828102;0.9896619358470096;10;20;128;128
103;2;0.0001;concept3;0.13650916144132783;None;0.15585084342590014;0.8634908385586721;10;20;128;128
104;0;0.0001;concept1;0.05107518496886146;None;0.050692107382009986;0.9489248150311386;10;20;128;128
104;1;0.0001;concept2;0.009797911876163148;None;0.01703304441093241;0.9902020881238368;10;20;128;128
104;2;0.0001;concept3;0.13595778232566513;None;0.15558424299732626;0.8640422176743349;10;20;128;128
105;0;0.0001;concept1;0.051027328880866904;None;0.05066815304327164;0.9489726711191331;10;20;128;128
105;1;0.0001;concept2;0.009132656574755;None;0.016612516871299336;0.990867343425245;10;20;128;128
105;2;0.0001;concept3;0.13550123997578664;None;0.15537227349246108;0.8644987600242133;10;20;128;128
106;0;0.0001;concept1;0.05111154751082182;None;0.05088867766605585;0.9488884524891782;10;20;128;128
106;1;0.0001;concept2;0.00974907709057802;None;0.01698888735167504;0.990250922909422;10;20;128;128
106;2;0.0001;concept3;0.1355066523511571;None;0.15552417901636165;0.8644933476488429;10;20;128;128
107;0;0.0001;concept1;0.051259246267109364;None;0.05053624199435093;0.9487407537328907;10;20;128;128
107;1;0.0001;concept2;0.009696939547886188;None;0.016942932343105226;0.9903030604521138;10;20;128;128
107;2;0.0001;concept3;0.13494625645450556;None;0.15520547186040345;0.8650537435454945;10;20;128;128
108;0;0.0001;concept1;0.05132387066969856;None;0.05040652167745131;0.9486761293303014;10;20;128;128
108;1;0.0001;concept2;0.009693698048640582;None;0.01693721888219881;0.9903063019513594;10;20;128;128
108;2;0.0001;concept3;0.13473616471818828;None;0.15504066807179437;0.8652638352818117;10;20;128;128
109;0;0.0001;concept1;0.055230485705382894;None;0.04994783575942594;0.9447695142946171;10;20;128;128
109;1;0.0001;concept2;0.009393469982699533;None;0.01673282165417761;0.9906065300173005;10;20;128;128
109;2;0.0001;concept3;0.13457338222940038;None;0.15492187018419834;0.8654266177705996;10;20;128;128
110;0;0.0001;concept1;0.05545415351792895;None;0.049936587404693575;0.9445458464820711;10;20;128;128
110;1;0.0001;concept2;0.009371236137404019;None;0.016714317986777288;0.990628763862596;10;20;128;128
110;2;0.0001;concept3;0.13421075333991014;None;0.15476632588327352;0.8657892466600898;10;20;128;128
111;0;0.0001;concept1;0.05599746119382674;None;0.05005402842339939;0.9440025388061732;10;20;128;128
111;1;0.0001;concept2;0.00938547075321267;None;0.016712324956491987;0.9906145292467873;10;20;128;128
111;2;0.0001;concept3;0.13394102187273504;None;0.1545934459177601;0.866058978127265;10;20;128;128
112;0;0.0001;concept1;0.05614023716720093;None;0.05002356117353309;0.943859762832799;10;20;128;128
112;1;0.0001;concept2;0.009381095073024724;None;0.01670673070105079;0.9906189049269752;10;20;128;128
112;2;0.0001;concept3;0.13356792613221946;None;0.15435704289664168;0.8664320738677805;10;20;128;128
113;0;0.0001;concept1;0.055908573679879225;None;0.049969812045207035;0.9440914263201208;10;20;128;128
113;1;0.0001;concept2;0.009377574360385473;None;0.016694024766797665;0.9906224256396146;10;20;128;128
113;2;0.0001;concept3;0.13297503208995257;None;0.15399909266036926;0.8670249679100475;10;20;128;128
114;0;0.0001;concept1;0.05594188101257326;None;0.04999163320919815;0.9440581189874268;10;20;128;128
114;1;0.0001;concept2;0.009380050165944091;None;0.01668981312728743;0.9906199498340559;10;20;128;128
114;2;0.0001;concept3;0.13283972243281703;None;0.15395999982558;0.867160277567183;10;20;128;128
115;0;0.0001;concept1;0.05583379708499041;None;0.049915784596233984;0.9441662029150096;10;20;128;128
115;1;0.0001;concept2;0.009365374614439719;None;0.01667268367908492;0.9906346253855602;10;20;128;128
115;2;0.0001;concept3;0.13257837708698947;None;0.15378813267858865;0.8674216229130105;10;20;128;128
116;0;0.0001;concept1;0.05560999823774993;None;0.049911946390377965;0.9443900017622501;10;20;128;128
116;1;0.0001;concept2;0.009354809306480848;None;0.016657708513625986;0.9906451906935192;10;20;128;128
116;2;0.0001;concept3;0.13245008676105532;None;0.1536472099463414;0.8675499132389447;10;20;128;128
117;0;0.0001;concept1;0.05560310342041523;None;0.04984414387882584;0.9443968965795848;10;20;128;128
117;1;0.0001;concept2;0.009460255156742915;None;0.016714417035392042;0.9905397448432571;10;20;128;128
117;2;0.0001;concept3;0.13211038324760685;None;0.15348950628666855;0.8678896167523932;10;20;128;128
118;0;0.0001;concept1;0.05582723717966261;None;0.04994084795034406;0.9441727628203374;10;20;128;128
118;1;0.0001;concept2;0.009302277067650272;None;0.016611352417975553;0.9906977229323497;10;20;128;128
118;2;0.0001;concept3;0.13211584296312467;None;0.1535148527401526;0.8678841570368754;10;20;128;128
119;0;0.0001;concept1;0.05559693768932658;None;0.049856093401433044;0.9444030623106734;10;20;128;128
119;1;0.0001;concept2;0.009318478868674715;None;0.01661122746145177;0.9906815211313252;10;20;128;128
119;2;0.0001;concept3;0.13196475595180493;None;0.15342892787547233;0.8680352440481951;10;20;128;128
120;0;0.0001;concept1;0.055396714781127634;None;0.049694738641161904;0.9446032852188724;10;20;128;128
120;1;0.0001;concept2;0.009427994381771762;None;0.016672384926603175;0.9905720056182282;10;20;128;128
120;2;0.0001;concept3;0.13160987324107998;None;0.15332884598999247;0.86839012675892;10;20;128;128
121;0;0.0001;concept1;0.05577621226856483;None;0.04977486330932883;0.9442237877314352;10;20;128;128
121;1;0.0001;concept2;0.009235994081296491;None;0.01654235286142847;0.9907640059187035;10;20;128;128
121;2;0.0001;concept3;0.1312789459331255;None;0.15306814923668616;0.8687210540668745;10;20;128;128
122;0;0.0001;concept1;0.05514250689367641;None;0.049599354045699845;0.9448574931063236;10;20;128;128
122;1;0.0001;concept2;0.009313496599356345;None;0.016587600065266717;0.9906865034006437;10;20;128;128
122;2;0.0001;concept3;0.13112107363480288;None;0.15286646801001813;0.8688789263651971;10;20;128;128
123;0;0.0001;concept1;0.055097762236357026;None;0.04964877097400505;0.944902237763643;10;20;128;128
123;1;0.0001;concept2;0.009387614718048694;None;0.016621333093976544;0.9906123852819513;10;20;128;128
123;2;0.0001;concept3;0.1306104102033879;None;0.1525711954097276;0.8693895897966122;10;20;128;128
124;0;0.0001;concept1;0.05500343382748975;None;0.04958433023850318;0.9449965661725103;10;20;128;128
124;1;0.0001;concept2;0.009376725028215802;None;0.01660935973012686;0.9906232749717842;10;20;128;128
124;2;0.0001;concept3;0.13168035573739037;None;0.15316212912218372;0.8683196442626097;10;20;128;128
125;0;0.0001;concept1;0.05473840251642663;None;0.04947544078217484;0.9452615974835734;10;20;128;128
125;1;0.0001;concept2;0.009333559794460176;None;0.01657481959241599;0.9906664402055398;10;20;128;128
125;2;0.0001;concept3;0.1313976679041569;None;0.15298628708685846;0.8686023320958431;10;20;128;128
126;0;0.0001;concept1;0.054376018409185774;None;0.0494325916036224;0.9456239815908143;10;20;128;128
126;1;0.0001;concept2;0.009351224349341734;None;0.016578191741557072;0.9906487756506582;10;20;128;128
126;2;0.0001;concept3;0.13046121587313453;None;0.15267735483589298;0.8695387841268655;10;20;128;128
127;0;0.0001;concept1;0.0544155870323139;None;0.049419472558092224;0.9455844129676861;10;20;128;128
127;1;0.0001;concept2;0.009342895043210892;None;0.01655525769271166;0.9906571049567892;10;20;128;128
127;2;0.0001;concept3;0.13024601575576644;None;0.15251740048566495;0.8697539842442336;10;20;128;128
128;0;0.0001;concept1;0.05457722705075949;None;0.04940093944306486;0.9454227729492405;10;20;128;128
128;1;0.0001;concept2;0.009319852921117295;None;0.0165344791157561;0.9906801470788827;10;20;128;128
128;2;0.0001;concept3;0.1302225172739578;None;0.15236984423978006;0.8697774827260422;10;20;128;128
129;0;0.0001;concept1;0.05403621937007121;None;0.04931009673581536;0.9459637806299288;10;20;128;128
129;1;0.0001;concept2;0.009214853787195975;None;0.016459619439272717;0.990785146212804;10;20;128;128
129;2;0.0001;concept3;0.12959647158756013;None;0.15225755478686898;0.8704035284124398;10;20;128;128
130;0;0.0001;concept1;0.054289234778035024;None;0.049348444626796155;0.945710765221965;10;20;128;128
130;1;0.0001;concept2;0.009266611152140619;None;0.016485137212162153;0.9907333888478593;10;20;128;128
130;2;0.0001;concept3;0.12962447412808395;None;0.15216337289260623;0.8703755258719161;10;20;128;128
131;0;0.0001;concept1;0.054384411518379555;None;0.04932912412917024;0.9456155884816204;10;20;128;128
131;1;0.0001;concept2;0.009210251672072886;None;0.016444701303580958;0.9907897483279271;10;20;128;128
131;2;0.0001;concept3;0.13017594779284655;None;0.15213435179312595;0.8698240522071534;10;20;128;128
132;0;0.0001;concept1;0.05431292517103228;None;0.04931418738082764;0.9456870748289677;10;20;128;128
132;1;0.0001;concept2;0.009252385040447801;None;0.01646533724396399;0.9907476149595522;10;20;128;128
132;2;0.0001;concept3;0.13107487587378647;None;0.15243225850501757;0.8689251241262136;10;20;128;128
133;0;0.0001;concept1;0.054068301678144914;None;0.04919830410621214;0.9459316983218551;10;20;128;128
133;1;0.0001;concept2;0.00922397439430765;None;0.016438073928635135;0.9907760256056923;10;20;128;128
133;2;0.0001;concept3;0.127802576439099;None;0.15148151871199939;0.872197423560901;10;20;128;128
134;0;0.0001;concept1;0.05415065507291007;None;0.04922211829662434;0.9458493449270899;10;20;128;128
134;1;0.0001;concept2;0.00917001010520896;None;0.016401471095899317;0.990829989894791;10;20;128;128
134;2;0.0001;concept3;0.1289752016290193;None;0.15151456650191508;0.8710247983709807;10;20;128;128
135;0;0.0001;concept1;0.05449772443612317;None;0.04914899826164253;0.9455022755638768;10;20;128;128
135;1;0.0001;concept2;0.009154105337669605;None;0.016383075884738516;0.9908458946623304;10;20;128;128
135;2;0.0001;concept3;0.12998964305822455;None;0.15163936126970012;0.8700103569417754;10;20;128;128
136;0;0.0001;concept1;0.05433450851245071;None;0.04917541852606533;0.9456654914875493;10;20;128;128
136;1;0.0001;concept2;0.009160334777219446;None;0.016383489015736646;0.9908396652227806;10;20;128;128
136;2;0.0001;concept3;0.13007118723738886;None;0.15142511792849456;0.8699288127626111;10;20;128;128
137;0;0.0001;concept1;0.054098304337303775;None;0.04913683619608305;0.9459016956626962;10;20;128;128
137;1;0.0001;concept2;0.009132402186069649;None;0.01635692221645873;0.9908675978139303;10;20;128;128
137;2;0.0001;concept3;0.12650773601463028;None;0.15056726115325075;0.8734922639853697;10;20;128;128
138;0;0.0001;concept1;0.05409580370650127;None;0.04913626142688046;0.9459041962934988;10;20;128;128
138;1;0.0001;concept2;0.009151203714231377;None;0.016363907939582534;0.9908487962857686;10;20;128;128
138;2;0.0001;concept3;0.1262621586005174;None;0.15085462784349923;0.8737378413994826;10;20;128;128
139;0;0.0001;concept1;0.05388325615750883;None;0.049071822132489416;0.9461167438424912;10;20;128;128
139;1;0.0001;concept2;0.009137243879173909;None;0.01634528361957053;0.9908627561208261;10;20;128;128
139;2;0.0001;concept3;0.12807773356207686;None;0.15034862464408694;0.8719222664379231;10;20;128;128
140;0;0.0001;concept1;0.05407462321021598;None;0.04898861138578711;0.9459253767897841;10;20;128;128
140;1;0.0001;concept2;0.009149365005054682;None;0.01634874559030173;0.9908506349949453;10;20;128;128
140;2;0.0001;concept3;0.12832259128338805;None;0.15048484189572117;0.8716774087166119;10;20;128;128
141;0;0.0001;concept1;0.0538434688925471;None;0.048927478807938705;0.9461565311074529;10;20;128;128
141;1;0.0001;concept2;0.009154714286459118;None;0.016343735860069486;0.9908452857135409;10;20;128;128
141;2;0.0001;concept3;0.1294178650704751;None;0.1505992949354888;0.8705821349295249;10;20;128;128
142;0;0.0001;concept1;0.05398597104202147;None;0.048959718242051496;0.9460140289579786;10;20;128;128
142;1;0.0001;concept2;0.009159444012568047;None;0.016336176140489548;0.9908405559874319;10;20;128;128
142;2;0.0001;concept3;0.12912879529304327;None;0.15051050792892154;0.8708712047069568;10;20;128;128
143;0;0.0001;concept1;0.05370750880912433;None;0.04891556437942467;0.9462924911908757;10;20;128;128
143;1;0.0001;concept2;0.009130931286443406;None;0.016315555837262907;0.9908690687135566;10;20;128;128
143;2;0.0001;concept3;0.12471152821230905;None;0.14939203998847966;0.875288471787691;10;20;128;128
144;0;0.0001;concept1;0.05375539805604918;None;0.04889189829031229;0.9462446019439508;10;20;128;128
144;1;0.0001;concept2;0.008008608584107903;None;0.01583572275073772;0.9919913914158921;10;20;128;128
144;2;0.0001;concept3;0.12349458282864295;None;0.15031585328619568;0.8765054171713571;10;20;128;128
145;0;0.0001;concept1;0.053331576281385414;None;0.04872921690335307;0.9466684237186146;10;20;128;128
145;1;0.0001;concept2;0.00910316853692394;None;0.01629188186500891;0.990896831463076;10;20;128;128
145;2;0.0001;concept3;0.12418719172626343;None;0.149512243061513;0.8758128082737365;10;20;128;128
146;0;0.0001;concept1;0.053274142763495666;None;0.04871876844631757;0.9467258572365044;10;20;128;128
146;1;0.0001;concept2;0.009145413585179544;None;0.016313147785541788;0.9908545864148205;10;20;128;128
146;2;0.0001;concept3;0.12320138302307879;None;0.15019887016650418;0.8767986169769212;10;20;128;128
147;0;0.0001;concept1;0.053412890904447716;None;0.04875125702783637;0.9465871090955523;10;20;128;128
147;1;0.0001;concept2;0.009115201079934037;None;0.01628967142266241;0.990884798920066;10;20;128;128
147;2;0.0001;concept3;0.12798570007054255;None;0.149684429376291;0.8720142999294574;10;20;128;128
148;0;0.0001;concept1;0.05334088977666101;None;0.04870970550092853;0.946659110223339;10;20;128;128
148;1;0.0001;concept2;0.009140172477031923;None;0.01630236134917706;0.9908598275229681;10;20;128;128
148;2;0.0001;concept3;0.1242729579440833;None;0.14902771203136217;0.8757270420559167;10;20;128;128
149;0;0.0001;concept1;0.053020685340724495;None;0.04859621964371413;0.9469793146592755;10;20;128;128
149;1;0.0001;concept2;0.009139173227890214;None;0.016294333502342336;0.9908608267721097;10;20;128;128
149;2;0.0001;concept3;0.12635077820692084;None;0.14915000607504286;0.8736492217930791;10;20;128;128
150;0;0.0001;concept1;0.02684723481413869;None;0.04182613701956593;0.9731527651858614;10;20;128;128
150;1;0.0001;concept2;0.002510155002350925;None;0.017634530045820256;0.997489844997649;10;20;128;128
150;2;0.0001;concept3;0.32140840064736853;None;0.06482876773141659;0.6785915993526315;10;20;128;128
151;0;0.0001;concept1;0.026897078170016644;None;0.04182026989601178;0.9731029218299834;10;20;128;128
151;1;0.0001;concept2;0.0025099589539224307;None;0.017629589925511984;0.9974900410460775;10;20;128;128
151;2;0.0001;concept3;0.3204122719874265;None;0.06475973283658037;0.6795877280125735;10;20;128;128
152;0;0.0001;concept1;0.026762710068499042;None;0.04175796928974107;0.9732372899315009;10;20;128;128
152;1;0.0001;concept2;0.0025085246845661666;None;0.017621960106469867;0.9974914753154338;10;20;128;128
152;2;0.0001;concept3;0.3205872042411812;None;0.06476064784397281;0.6794127957588187;10;20;128;128
153;0;0.0001;concept1;0.026710123040989;None;0.04172212040434847;0.973289876959011;10;20;128;128
153;1;0.0001;concept2;0.0025084290467053787;None;0.017617633681251865;0.9974915709532947;10;20;128;128
153;2;0.0001;concept3;0.3189426442051122;None;0.06464953673182966;0.6810573557948878;10;20;128;128
154;0;0.0001;concept1;0.026804400681801392;None;0.041750810466471416;0.9731955993181987;10;20;128;128
154;1;0.0001;concept2;0.0025083558754157484;None;0.017615417069375434;0.9974916441245842;10;20;128;128
154;2;0.0001;concept3;0.3194306962803641;None;0.06465730556313945;0.6805693037196359;10;20;128;128
155;0;0.0001;concept1;0.02672004422227262;None;0.04171771611284255;0.9732799557777274;10;20;128;128
155;1;0.0001;concept2;0.0025095198071640895;None;0.01761536055156518;0.9974904801928359;10;20;128;128
155;2;0.0001;concept3;0.319463615606027;None;0.06466517051334943;0.680536384393973;10;20;128;128
156;0;0.0001;concept1;0.026745972859478995;None;0.041717228031463154;0.973254027140521;10;20;128;128
156;1;0.0001;concept2;0.0025086652452806983;None;0.017610496449738576;0.9974913347547193;10;20;128;128
156;2;0.0001;concept3;0.31996297860415757;None;0.06471217690736877;0.6800370213958424;10;20;128;128
157;0;0.0001;concept1;0.02690001678011355;None;0.04174801708484044;0.9730999832198864;10;20;128;128
157;1;0.0001;concept2;0.0025081819198069385;None;0.017605035877703592;0.997491818080193;10;20;128;128
157;2;0.0001;concept3;0.3196948863222036;None;0.06473753745313784;0.6803051136777963;10;20;128;128
158;0;0.0001;concept1;0.026815909621766658;None;0.04170298244750085;0.9731840903782334;10;20;128;128
158;1;0.0001;concept2;0.002507301794186068;None;0.017599806867251832;0.9974926982058139;10;20;128;128
158;2;0.0001;concept3;0.3198973223949712;None;0.06479511563390138;0.6801026776050287;10;20;128;128
159;0;0.0001;concept1;0.026835504705678845;None;0.041703814897825035;0.9731644952943211;10;20;128;128
159;1;0.0001;concept2;0.0025063668968681838;None;0.017592190973196812;0.9974936331031318;10;20;128;128
159;2;0.0001;concept3;0.3194556857011994;None;0.06482463752633229;0.6805443142988006;10;20;128;128
160;0;0.0001;concept1;0.026981096129165473;None;0.04170981735089306;0.9730189038708346;10;20;128;128
160;1;0.0001;concept2;0.002505215791806613;None;0.017585933554798438;0.9974947842081934;10;20;128;128
160;2;0.0001;concept3;0.32012917665380974;None;0.0649010742341605;0.6798708233461902;10;20;128;128
161;0;0.0001;concept1;0.026938531617617518;None;0.04168568310902659;0.9730614683823825;10;20;128;128
161;1;0.0001;concept2;0.002504418845367092;None;0.017579312977288104;0.9974955811546329;10;20;128;128
161;2;0.0001;concept3;0.3202096924089408;None;0.06489918055163761;0.6797903075910592;10;20;128;128
162;0;0.0001;concept1;0.026897834973829107;None;0.04162895410624447;0.9731021650261709;10;20;128;128
162;1;0.0001;concept2;0.0025029837780679424;None;0.017572101163885277;0.9974970162219321;10;20;128;128
162;2;0.0001;concept3;0.32063136810667175;None;0.06496111685714154;0.6793686318933283;10;20;128;128
163;0;0.0001;concept1;0.0269427285426574;None;0.04166315204974858;0.9730572714573426;10;20;128;128
163;1;0.0001;concept2;0.002503582914805389;None;0.017570695792740922;0.9974964170851947;10;20;128;128
163;2;0.0001;concept3;0.3205543174893421;None;0.06500313668730902;0.6794456825106578;10;20;128;128
164;0;0.0001;concept1;0.026948458655579335;None;0.04163411062662452;0.9730515413444206;10;20;128;128
164;1;0.0001;concept2;0.0025025868646103545;None;0.017565143378375298;0.9974974131353896;10;20;128;128
164;2;0.0001;concept3;0.3218881912190511;None;0.0650541449182686;0.6781118087809489;10;20;128;128
165;0;0.0001;concept1;0.026858171108708934;None;0.04157926952445038;0.9731418288912911;10;20;128;128
165;1;0.0001;concept2;0.0025031568359785957;None;0.01756362203441959;0.9974968431640214;10;20;128;128
165;2;0.0001;concept3;0.321131185641282;None;0.06504082731321187;0.678868814358718;10;20;128;128
166;0;0.0001;concept1;0.026918135380164295;None;0.04160193381544849;0.9730818646198357;10;20;128;128
166;1;0.0001;concept2;0.0025027819149764;None;0.017560504771730483;0.9974972180850236;10;20;128;128
166;2;0.0001;concept3;0.32213622044234497;None;0.06515573363060159;0.677863779557655;10;20;128;128
167;0;0.0001;concept1;0.027019866310481064;None;0.0415830806980778;0.972980133689519;10;20;128;128
167;1;0.0001;concept2;0.002502162507549581;None;0.01755346595389006;0.9974978374924505;10;20;128;128
167;2;0.0001;concept3;0.3221286460040885;None;0.06522990240891247;0.6778713539959114;10;20;128;128
168;0;0.0001;concept1;0.027041617971089456;None;0.041579874947263167;0.9729583820289105;10;20;128;128
168;1;0.0001;concept2;0.002501134252305671;None;0.01754784035155598;0.9974988657476943;10;20;128;128
168;2;0.0001;concept3;0.32294425316090813;None;0.0653079752091493;0.6770557468390919;10;20;128;128
169;0;0.0001;concept1;0.027010466195825845;None;0.04156934409442638;0.9729895338041742;10;20;128;128
169;1;0.0001;concept2;0.0025009775775667207;None;0.017543955244596125;0.9974990224224333;10;20;128;128
169;2;0.0001;concept3;0.32388004635188256;None;0.06537597471864627;0.6761199536481175;10;20;128;128
170;0;0.0001;concept1;0.026971383381627446;None;0.04152668314907107;0.9730286166183726;10;20;128;128
170;1;0.0001;concept2;0.0024997310496843107;None;0.017537389350040747;0.9975002689503157;10;20;128;128
170;2;0.0001;concept3;0.32482578074439533;None;0.06546703660279635;0.6751742192556047;10;20;128;128
171;0;0.0001;concept1;0.026969284535691133;None;0.04154051924698958;0.9730307154643089;10;20;128;128
171;1;0.0001;concept2;0.0024993799451970104;None;0.017532212042682044;0.997500620054803;10;20;128;128
171;2;0.0001;concept3;0.3239838479290608;None;0.06544171494650007;0.6760161520709391;10;20;128;128
172;0;0.0001;concept1;0.026956119049593774;None;0.04149682872237161;0.9730438809504062;10;20;128;128
172;1;0.0001;concept2;0.0024985961816221362;None;0.017527648494420196;0.9975014038183778;10;20;128;128
172;2;0.0001;concept3;0.3244136057377671;None;0.06547317239354904;0.6755863942622329;10;20;128;128
173;0;0.0001;concept1;0.02682474630263444;None;0.04143275091214388;0.9731752536973656;10;20;128;128
173;1;0.0001;concept2;0.0024978738589282235;None;0.017521370885501715;0.9975021261410718;10;20;128;128
173;2;0.0001;concept3;0.32528301977586027;None;0.06559143937060466;0.6747169802241397;10;20;128;128
174;0;0.0001;concept1;0.026900651087308318;None;0.04145047325676006;0.9730993489126917;10;20;128;128
174;1;0.0001;concept2;0.002497185163742585;None;0.017517155789062086;0.9975028148362575;10;20;128;128
174;2;0.0001;concept3;0.32595091287841194;None;0.06563749792530903;0.6740490871215881;10;20;128;128
175;0;0.0001;concept1;0.026778256987171695;None;0.041374013088453544;0.9732217430128283;10;20;128;128
175;1;0.0001;concept2;0.0024981635311468083;None;0.01751663620498013;0.9975018364688532;10;20;128;128
175;2;0.0001;concept3;0.32552516661103725;None;0.06560438241713577;0.6744748333889627;10;20;128;128
176;0;0.0001;concept1;0.02682892972523894;None;0.04141067056780949;0.973171070274761;10;20;128;128
176;1;0.0001;concept2;0.002497369206699884;None;0.017512188039246725;0.9975026307933001;10;20;128;128
176;2;0.0001;concept3;0.3263424144269065;None;0.06567212125582148;0.6736575855730935;10;20;128;128
177;0;0.0001;concept1;0.026749855209791607;None;0.04135279405414258;0.9732501447902084;10;20;128;128
177;1;0.0001;concept2;0.0024973537343320634;None;0.017507019443894763;0.997502646265668;10;20;128;128
177;2;0.0001;concept3;0.32732110554307703;None;0.06577148089926445;0.672678894456923;10;20;128;128
178;0;0.0001;concept1;0.026831722732379208;None;0.04137635028778798;0.9731682772676208;10;20;128;128
178;1;0.0001;concept2;0.002496251111291148;None;0.0175013571373429;0.9975037488887089;10;20;128;128
178;2;0.0001;concept3;0.32744881324887215;None;0.06580918006919774;0.6725511867511278;10;20;128;128
179;0;0.0001;concept1;0.026812903067571548;None;0.041385487626569496;0.9731870969324284;10;20;128;128
179;1;0.0001;concept2;0.002496093968724972;None;0.017497255787708003;0.997503906031275;10;20;128;128
179;2;0.0001;concept3;0.3281857722262912;None;0.06591550958191413;0.6718142277737087;10;20;128;128
180;0;0.0001;concept1;0.02682224226923524;None;0.04137169146750787;0.9731777577307648;10;20;128;128
180;1;0.0001;concept2;0.0024954524406894498;None;0.017493469770046028;0.9975045475593105;10;20;128;128
180;2;0.0001;concept3;0.3291695084463364;None;0.06599142006169591;0.6708304915536636;10;20;128;128
181;0;0.0001;concept1;0.02671854332262526;None;0.041319676837627446;0.9732814566773748;10;20;128;128
181;1;0.0001;concept2;0.0024954853232862784;None;0.017490506108925545;0.9975045146767137;10;20;128;128
181;2;0.0001;concept3;0.3273327068933908;None;0.06593043542618637;0.6726672931066092;10;20;128;128
182;0;0.0001;concept1;0.026736576295507155;None;0.041319835910888725;0.9732634237044928;10;20;128;128
182;1;0.0001;concept2;0.002495112004175256;None;0.017487606056122026;0.9975048879958247;10;20;128;128
182;2;0.0001;concept3;0.3341015715170183;None;0.06665180252228214;0.6658984284829816;10;20;128;128
183;0;0.0001;concept1;0.026718320641807687;None;0.0413031321725054;0.9732816793581923;10;20;128;128
183;1;0.0001;concept2;0.002494474811140674;None;0.017481721604066067;0.9975055251888594;10;20;128;128
183;2;0.0001;concept3;0.3349155463268981;None;0.06668185357922908;0.6650844536731019;10;20;128;128
184;0;0.0001;concept1;0.02661472983707428;None;0.04124119766338218;0.9733852701629258;10;20;128;128
184;1;0.0001;concept2;0.002493534673546955;None;0.01747677288554053;0.997506465326453;10;20;128;128
184;2;0.0001;concept3;0.33553333396233986;None;0.06668847482206117;0.6644666660376601;10;20;128;128
185;0;0.0001;concept1;0.026624134115988057;None;0.04124831641985195;0.9733758658840119;10;20;128;128
185;1;0.0001;concept2;0.0024933116467729523;None;0.017472309116425257;0.9975066883532271;10;20;128;128
185;2;0.0001;concept3;0.3366785431331282;None;0.06679995587745353;0.6633214568668717;10;20;128;128
186;0;0.0001;concept1;0.02667273847653506;None;0.04126454972326366;0.9733272615234649;10;20;128;128
186;1;0.0001;concept2;0.002492708941824049;None;0.017468651965344608;0.9975072910581759;10;20;128;128
186;2;0.0001;concept3;0.3380149101417839;None;0.06691862003942733;0.661985089858216;10;20;128;128
187;0;0.0001;concept1;0.026677132084481234;None;0.041249288574220916;0.9733228679155188;10;20;128;128
187;1;0.0001;concept2;0.0024933083232424273;None;0.017466641810248304;0.9975066916767575;10;20;128;128
187;2;0.0001;concept3;0.3368683162200828;None;0.06677526994086724;0.6631316837799173;10;20;128;128
188;0;0.0001;concept1;0.026652902741762206;None;0.041219964011729074;0.9733470972582378;10;20;128;128
188;1;0.0001;concept2;0.0024928157480686207;None;0.01746352909202639;0.9975071842519314;10;20;128;128
188;2;0.0001;concept3;0.3381708605433547;None;0.06687935546581263;0.6618291394566452;10;20;128;128
189;0;0.0001;concept1;0.026607864660448472;None;0.041179937800434045;0.9733921353395515;10;20;128;128
189;1;0.0001;concept2;0.002493011988761439;None;0.017460351172434843;0.9975069880112386;10;20;128;128
189;2;0.0001;concept3;0.334859076038514;None;0.06651897669619568;0.665140923961486;10;20;128;128
190;0;0.0001;concept1;0.026689009807948177;None;0.04124006216469568;0.9733109901920518;10;20;128;128
190;1;0.0001;concept2;0.002492152213127566;None;0.01745529777470343;0.9975078477868724;10;20;128;128
190;2;0.0001;concept3;0.33662820632464907;None;0.0666530469334897;0.6633717936753509;10;20;128;128
191;0;0.0001;concept1;0.02666426848441458;None;0.0412105696837761;0.9733357315155854;10;20;128;128
191;1;0.0001;concept2;0.002491924018244146;None;0.017450373520915188;0.9975080759817558;10;20;128;128
191;2;0.0001;concept3;0.3377426943438388;None;0.06673749841493813;0.6622573056561611;10;20;128;128
192;0;0.0001;concept1;0.026639430692701742;None;0.0411873875272079;0.9733605693072983;10;20;128;128
192;1;0.0001;concept2;0.0024910396505832526;None;0.01744542098333037;0.9975089603494167;10;20;128;128
192;2;0.0001;concept3;0.3390695846735506;None;0.06683839893763753;0.6609304153264495;10;20;128;128
193;0;0.0001;concept1;0.026636601491401832;None;0.04117379538714041;0.9733633985085982;10;20;128;128
193;1;0.0001;concept2;0.0024908217210733905;None;0.017440901997871974;0.9975091782789266;10;20;128;128
193;2;0.0001;concept3;0.3362283854495441;None;0.06659347561099678;0.663771614550456;10;20;128;128
194;0;0.0001;concept1;0.026584070090129718;None;0.0411500718352792;0.9734159299098702;10;20;128;128
194;1;0.0001;concept2;0.0024901802914558567;None;0.01743691497110103;0.9975098197085441;10;20;128;128
194;2;0.0001;concept3;0.3353808440975488;None;0.06650310225685695;0.6646191559024511;10;20;128;128
195;0;0.0001;concept1;0.026537942947886937;None;0.04110714327735494;0.9734620570521131;10;20;128;128
195;1;0.0001;concept2;0.0024903327913223246;None;0.017433160430452795;0.9975096672086777;10;20;128;128
195;2;0.0001;concept3;0.33609496891945073;None;0.06658078020865929;0.6639050310805492;10;20;128;128
196;0;0.0001;concept1;0.02656724486736998;None;0.04111720049576032;0.9734327551326301;10;20;128;128
196;1;0.0001;concept2;0.0024897247476788715;None;0.017429439749285448;0.9975102752523212;10;20;128;128
196;2;0.0001;concept3;0.3355831627695861;None;0.06652274146946345;0.6644168372304139;10;20;128;128
197;0;0.0001;concept1;0.02655402136729089;None;0.0410967467375631;0.9734459786327091;10;20;128;128
197;1;0.0001;concept2;0.002489184144960196;None;0.01742311508841873;0.9975108158550398;10;20;128;128
197;2;0.0001;concept3;0.3337690980551159;None;0.06634574355405702;0.6662309019448842;10;20;128;128
198;0;0.0001;concept1;0.026592357412242123;None;0.04111592440096554;0.9734076425877579;10;20;128;128
198;1;0.0001;concept2;0.0024883940029429936;None;0.017418898569610652;0.997511605997057;10;20;128;128
198;2;0.0001;concept3;0.34714436064853843;None;0.06750313696725484;0.6528556393514615;10;20;128;128
199;0;0.0001;concept1;0.026524628950713176;None;0.0410499755774287;0.9734753710492868;10;20;128;128
199;1;0.0001;concept2;0.002488929747310113;None;0.017417196819552935;0.9975110702526899;10;20;128;128
199;2;0.0001;concept3;0.3471244387337705;None;0.06751245613913767;0.6528755612662295;10;20;128;128
