0;0;0.0001;concept1;0.28988642;None;0.1872465;0.7101135849952698;10;3;128;128
0;1;0.0001;concept2;0.7276334;None;0.3167928;0.27236664295196533;10;3;128;128
0;2;0.0001;concept3;1.7542961;None;0.48078805;-0.754296064376831;10;3;128;128
1;0;0.0001;concept1;0.37290192;None;0.21197294;0.6270980834960938;10;3;128;128
1;1;0.0001;concept2;0.7922645;None;0.32695356;0.20773553848266602;10;3;128;128
1;2;0.0001;concept3;0.8450684;None;0.33031747;0.15493160486221313;10;3;128;128
2;0;0.0001;concept1;0.1867424;None;0.14888127;0.8132575750350952;10;3;128;128
2;1;0.0001;concept2;0.32413268;None;0.2028739;0.6758673191070557;10;3;128;128
2;2;0.0001;concept3;0.42506957;None;0.22524898;0.5749304294586182;10;3;128;128
3;0;0.0001;concept1;0.13910235;None;0.12835574;0.8608976602554321;10;3;128;128
3;1;0.0001;concept2;0.16884641;None;0.14156501;0.8311535716056824;10;3;128;128
3;2;0.0001;concept3;0.29348788;None;0.17679232;0.7065120935440063;10;3;128;128
4;0;0.0001;concept1;0.12239652;None;0.12031298;0.8776034712791443;10;3;128;128
4;1;0.0001;concept2;0.10655567;None;0.110094994;0.893444299697876;10;3;128;128
4;2;0.0001;concept3;0.23474875;None;0.15023586;0.7652512788772583;10;3;128;128
5;0;0.0001;concept1;0.11324779;None;0.11561951;0.886752188205719;10;3;128;128
5;1;0.0001;concept2;0.07698043;None;0.09272588;0.9230195879936218;10;3;128;128
5;2;0.0001;concept3;0.20680077;None;0.13566005;0.7931992411613464;10;3;128;128
6;0;0.0001;concept1;0.107874885;None;0.112723485;0.892125129699707;10;3;128;128
6;1;0.0001;concept2;0.060899895;None;0.08230223;0.9391000866889954;10;3;128;128
6;2;0.0001;concept3;0.1904075;None;0.12660635;0.8095924854278564;10;3;128;128
7;0;0.0001;concept1;0.10414845;None;0.110613786;0.8958515524864197;10;3;128;128
7;1;0.0001;concept2;0.051437516;None;0.0756973;0.948562502861023;10;3;128;128
7;2;0.0001;concept3;0.1808459;None;0.12097659;0.8191540837287903;10;3;128;128
8;0;0.0001;concept1;0.101472884;None;0.10903606;0.8985271453857422;10;3;128;128
8;1;0.0001;concept2;0.04557952;None;0.07135303;0.9544205069541931;10;3;128;128
8;2;0.0001;concept3;0.17454138;None;0.117099315;0.8254585862159729;10;3;128;128
9;0;0.0001;concept1;0.09936295;None;0.10775544;0.9006370306015015;10;3;128;128
9;1;0.0001;concept2;0.041716415;None;0.06833387;0.9582836031913757;10;3;128;128
9;2;0.0001;concept3;0.16975816;None;0.11424766;0.830241858959198;10;3;128;128
10;0;0.0001;concept1;0.09772732;None;0.10673083;0.9022727012634277;10;3;128;128
10;1;0.0001;concept2;0.039028205;None;0.06617484;0.9609717726707458;10;3;128;128
10;2;0.0001;concept3;0.16629033;None;0.11211636;0.8337096571922302;10;3;128;128
11;0;0.0001;concept1;0.09631527;None;0.10582068;0.9036847352981567;10;3;128;128
11;1;0.0001;concept2;0.03706621;None;0.06454535;0.9629337787628174;10;3;128;128
11;2;0.0001;concept3;0.16373344;None;0.110591136;0.8362665772438049;10;3;128;128
12;0;0.0001;concept1;0.09516142;None;0.1050517;0.9048385620117188;10;3;128;128
12;1;0.0001;concept2;0.035565328;None;0.06325605;0.9644346833229065;10;3;128;128
12;2;0.0001;concept3;0.16222195;None;0.10958821;0.8377780318260193;10;3;128;128
13;0;0.0001;concept1;0.09415943;None;0.10438011;0.9058405756950378;10;3;128;128
13;1;0.0001;concept2;0.034400675;None;0.062234372;0.9655992984771729;10;3;128;128
13;2;0.0001;concept3;0.16111279;None;0.10894892;0.8388872146606445;10;3;128;128
14;0;0.0001;concept1;0.09329652;None;0.10378809;0.9067034721374512;10;3;128;128
14;1;0.0001;concept2;0.033460543;None;0.061378848;0.9665394425392151;10;3;128;128
14;2;0.0001;concept3;0.15981497;None;0.10824719;0.8401850461959839;10;3;128;128
15;0;0.0001;concept1;0.09250043;None;0.10323638;0.9074995517730713;10;3;128;128
15;1;0.0001;concept2;0.032716207;None;0.06069666;0.9672837853431702;10;3;128;128
15;2;0.0001;concept3;0.15867102;None;0.10765342;0.8413289785385132;10;3;128;128
16;0;0.0001;concept1;0.091812655;None;0.10274303;0.9081873297691345;10;3;128;128
16;1;0.0001;concept2;0.03208211;None;0.060108155;0.9679179191589355;10;3;128;128
16;2;0.0001;concept3;0.15748256;None;0.10707627;0.8425174355506897;10;3;128;128
17;0;0.0001;concept1;0.091208324;None;0.10230981;0.9087916612625122;10;3;128;128
17;1;0.0001;concept2;0.031531744;None;0.059587833;0.9684682488441467;10;3;128;128
17;2;0.0001;concept3;0.1569539;None;0.10672782;0.8430460691452026;10;3;128;128
18;0;0.0001;concept1;0.090674706;None;0.10191624;0.9093253016471863;10;3;128;128
18;1;0.0001;concept2;0.031058587;None;0.059137244;0.9689413905143738;10;3;128;128
18;2;0.0001;concept3;0.1567608;None;0.10654602;0.8432391881942749;10;3;128;128
19;0;0.0001;concept1;0.09024668;None;0.10159951;0.9097533226013184;10;3;128;128
19;1;0.0001;concept2;0.030648587;None;0.058743447;0.9693514108657837;10;3;128;128
19;2;0.0001;concept3;0.1561948;None;0.106246285;0.843805193901062;10;3;128;128
20;0;0.0001;concept1;0.08972463;None;0.10123;0.9102753400802612;10;3;128;128
20;1;0.0001;concept2;0.030285332;None;0.058392283;0.9697146415710449;10;3;128;128
20;2;0.0001;concept3;0.15613726;None;0.106116965;0.843862771987915;10;3;128;128
21;0;0.0001;concept1;0.08932684;None;0.10093479;0.9106731414794922;10;3;128;128
21;1;0.0001;concept2;0.029960293;None;0.05807496;0.9700397253036499;10;3;128;128
21;2;0.0001;concept3;0.15554976;None;0.10584204;0.8444502353668213;10;3;128;128
22;0;0.0001;concept1;0.08892389;None;0.10064544;0.9110761284828186;10;3;128;128
22;1;0.0001;concept2;0.029665058;None;0.057785925;0.9703349471092224;10;3;128;128
22;2;0.0001;concept3;0.15505798;None;0.105604574;0.844942033290863;10;3;128;128
23;0;0.0001;concept1;0.08852655;None;0.10035111;0.9114734530448914;10;3;128;128
23;1;0.0001;concept2;0.029399939;None;0.057523444;0.9706000685691833;10;3;128;128
23;2;0.0001;concept3;0.15444948;None;0.10531874;0.845550537109375;10;3;128;128
24;0;0.0001;concept1;0.08814491;None;0.10006701;0.9118551015853882;10;3;128;128
24;1;0.0001;concept2;0.02915003;None;0.057275448;0.9708499908447266;10;3;128;128
24;2;0.0001;concept3;0.15415685;None;0.10512337;0.8458431363105774;10;3;128;128
25;0;0.0001;concept1;0.08778147;None;0.09980275;0.9122185111045837;10;3;128;128
25;1;0.0001;concept2;0.028922388;None;0.05705219;0.9710776209831238;10;3;128;128
25;2;0.0001;concept3;0.1535657;None;0.10485887;0.8464342951774597;10;3;128;128
26;0;0.0001;concept1;0.08747103;None;0.09956698;0.9125289916992188;10;3;128;128
26;1;0.0001;concept2;0.02871159;None;0.05684378;0.9712883830070496;10;3;128;128
26;2;0.0001;concept3;0.15313697;None;0.10464897;0.8468630313873291;10;3;128;128
27;0;0.0001;concept1;0.087169744;None;0.099341266;0.9128302335739136;10;3;128;128
27;1;0.0001;concept2;0.028518664;None;0.056652732;0.9714813232421875;10;3;128;128
27;2;0.0001;concept3;0.15271188;None;0.10446355;0.8472881317138672;10;3;128;128
28;0;0.0001;concept1;0.086867034;None;0.09911735;0.9131329655647278;10;3;128;128
28;1;0.0001;concept2;0.028347464;None;0.05648099;0.9716525077819824;10;3;128;128
28;2;0.0001;concept3;0.15243736;None;0.104327835;0.8475626111030579;10;3;128;128
29;0;0.0001;concept1;0.08659826;None;0.0989134;0.91340172290802;10;3;128;128
29;1;0.0001;concept2;0.02817966;None;0.05631292;0.9718203544616699;10;3;128;128
29;2;0.0001;concept3;0.15209626;None;0.104155466;0.8479037284851074;10;3;128;128
30;0;0.0001;concept1;0.08632922;None;0.09871081;0.9136707782745361;10;3;128;128
30;1;0.0001;concept2;0.028028026;None;0.05616017;0.9719719886779785;10;3;128;128
30;2;0.0001;concept3;0.15171652;None;0.103998385;0.8482834696769714;10;3;128;128
31;0;0.0001;concept1;0.08605457;None;0.09851127;0.9139454364776611;10;3;128;128
31;1;0.0001;concept2;0.027890816;None;0.056021746;0.9721091985702515;10;3;128;128
31;2;0.0001;concept3;0.15145855;None;0.103863895;0.8485414385795593;10;3;128;128
32;0;0.0001;concept1;0.08582798;None;0.09833701;0.9141720533370972;10;3;128;128
32;1;0.0001;concept2;0.027754864;None;0.05588203;0.9722451567649841;10;3;128;128
32;2;0.0001;concept3;0.15096006;None;0.10366996;0.8490399122238159;10;3;128;128
33;0;0.0001;concept1;0.08563199;None;0.0981893;0.9143680334091187;10;3;128;128
33;1;0.0001;concept2;0.027620226;None;0.055740975;0.9723798036575317;10;3;128;128
33;2;0.0001;concept3;0.15077789;None;0.10358677;0.8492221236228943;10;3;128;128
34;0;0.0001;concept1;0.0854001;None;0.098007604;0.9145998954772949;10;3;128;128
34;1;0.0001;concept2;0.027488692;None;0.055606056;0.9725112915039062;10;3;128;128
34;2;0.0001;concept3;0.15052934;None;0.10346369;0.8494706749916077;10;3;128;128
35;0;0.0001;concept1;0.085204266;None;0.09785371;0.9147957563400269;10;3;128;128
35;1;0.0001;concept2;0.02736826;None;0.05548012;0.9726317524909973;10;3;128;128
35;2;0.0001;concept3;0.15029259;None;0.10335055;0.8497074246406555;10;3;128;128
36;0;0.0001;concept1;0.08501074;None;0.09770257;0.9149892330169678;10;3;128;128
36;1;0.0001;concept2;0.02725585;None;0.05536212;0.9727441668510437;10;3;128;128
36;2;0.0001;concept3;0.15018055;None;0.10325697;0.8498194217681885;10;3;128;128
37;0;0.0001;concept1;0.08478361;None;0.09753588;0.9152163863182068;10;3;128;128
37;1;0.0001;concept2;0.02713651;None;0.05523624;0.972863495349884;10;3;128;128
37;2;0.0001;concept3;0.1496903;None;0.10305539;0.8503096699714661;10;3;128;128
38;0;0.0001;concept1;0.08461519;None;0.09740191;0.915384829044342;10;3;128;128
38;1;0.0001;concept2;0.027030597;None;0.055123672;0.9729694128036499;10;3;128;128
38;2;0.0001;concept3;0.14938447;None;0.10293165;0.8506155014038086;10;3;128;128
39;0;0.0001;concept1;0.08442331;None;0.09725605;0.915576696395874;10;3;128;128
39;1;0.0001;concept2;0.026929876;None;0.055016715;0.9730701446533203;10;3;128;128
39;2;0.0001;concept3;0.14909735;None;0.102801256;0.8509026765823364;10;3;128;128
40;0;0.0001;concept1;0.08424898;None;0.097124785;0.915751039981842;10;3;128;128
40;1;0.0001;concept2;0.026830144;None;0.054909587;0.9731698632240295;10;3;128;128
40;2;0.0001;concept3;0.14885262;None;0.10269031;0.8511474132537842;10;3;128;128
41;0;0.0001;concept1;0.08408033;None;0.09699044;0.9159196615219116;10;3;128;128
41;1;0.0001;concept2;0.026735537;None;0.05480845;0.9732644557952881;10;3;128;128
41;2;0.0001;concept3;0.1487702;None;0.10263583;0.8512297868728638;10;3;128;128
42;0;0.0001;concept1;0.08390201;None;0.09685852;0.9160979986190796;10;3;128;128
42;1;0.0001;concept2;0.026645241;None;0.05471095;0.9733547568321228;10;3;128;128
42;2;0.0001;concept3;0.14857356;None;0.10254401;0.8514264225959778;10;3;128;128
43;0;0.0001;concept1;0.083734185;None;0.096731015;0.9162658452987671;10;3;128;128
43;1;0.0001;concept2;0.026563492;None;0.054622356;0.9734365344047546;10;3;128;128
43;2;0.0001;concept3;0.14838877;None;0.10245154;0.8516112565994263;10;3;128;128
44;0;0.0001;concept1;0.083569154;None;0.09660529;0.9164308309555054;10;3;128;128
44;1;0.0001;concept2;0.026478108;None;0.054529473;0.973521888256073;10;3;128;128
44;2;0.0001;concept3;0.14825565;None;0.1023874;0.8517443537712097;10;3;128;128
45;0;0.0001;concept1;0.083414026;None;0.096485384;0.9165859818458557;10;3;128;128
45;1;0.0001;concept2;0.026396802;None;0.0544411;0.9736031889915466;10;3;128;128
45;2;0.0001;concept3;0.14815985;None;0.10232946;0.8518401384353638;10;3;128;128
46;0;0.0001;concept1;0.08329611;None;0.09638913;0.9167038798332214;10;3;128;128
46;1;0.0001;concept2;0.02631822;None;0.054356765;0.9736818075180054;10;3;128;128
46;2;0.0001;concept3;0.14804399;None;0.10226346;0.8519560098648071;10;3;128;128
47;0;0.0001;concept1;0.08315177;None;0.096278265;0.9168482422828674;10;3;128;128
47;1;0.0001;concept2;0.02625095;None;0.054282036;0.973749041557312;10;3;128;128
47;2;0.0001;concept3;0.14784452;None;0.10217644;0.8521554470062256;10;3;128;128
48;0;0.0001;concept1;0.08296086;None;0.09613882;0.917039155960083;10;3;128;128
48;1;0.0001;concept2;0.02617714;None;0.05420013;0.973822832107544;10;3;128;128
48;2;0.0001;concept3;0.14774038;None;0.10210154;0.852259635925293;10;3;128;128
49;0;0.0001;concept1;0.08285846;None;0.09605471;0.9171415567398071;10;3;128;128
49;1;0.0001;concept2;0.026104946;None;0.054119673;0.9738950729370117;10;3;128;128
49;2;0.0001;concept3;0.14762333;None;0.10204738;0.8523766398429871;10;3;128;128
50;0;0.0001;concept2;0.026034063;None;0.05404164;0.9739659428596497;10;3;128;128
50;1;0.0001;concept3;0.14746031;None;0.10197366;0.8525397181510925;10;3;128;128
50;2;0.0001;concept1;0.082729585;None;0.09595637;0.9172704219818115;10;3;128;128
51;0;0.0001;concept2;0.025968969;None;0.053969044;0.9740310311317444;10;3;128;128
51;1;0.0001;concept3;0.14727332;None;0.10189465;0.8527266979217529;10;3;128;128
51;2;0.0001;concept1;0.08258064;None;0.09584272;0.9174193739891052;10;3;128;128
52;0;0.0001;concept2;0.025902221;None;0.053894788;0.9740977883338928;10;3;128;128
52;1;0.0001;concept3;0.14714219;None;0.10180981;0.8528578281402588;10;3;128;128
52;2;0.0001;concept1;0.0824663;None;0.09575131;0.9175336956977844;10;3;128;128
53;0;0.0001;concept2;0.025841782;None;0.053826265;0.9741582274436951;10;3;128;128
53;1;0.0001;concept3;0.1469032;None;0.101701744;0.8530967831611633;10;3;128;128
53;2;0.0001;concept1;0.08234112;None;0.09565146;0.9176588654518127;10;3;128;128
54;0;0.0001;concept2;0.025782425;None;0.05375916;0.9742175936698914;10;3;128;128
54;1;0.0001;concept3;0.14676015;None;0.1016306;0.8532398343086243;10;3;128;128
54;2;0.0001;concept1;0.082196794;None;0.095543906;0.9178032279014587;10;3;128;128
55;0;0.0001;concept2;0.02572525;None;0.053694524;0.974274754524231;10;3;128;128
55;1;0.0001;concept3;0.1466738;None;0.10156982;0.8533262014389038;10;3;128;128
55;2;0.0001;concept1;0.08204861;None;0.09543251;0.9179514050483704;10;3;128;128
56;0;0.0001;concept2;0.025671154;None;0.053634707;0.974328875541687;10;3;128;128
56;1;0.0001;concept3;0.14652681;None;0.10150044;0.8534731864929199;10;3;128;128
56;2;0.0001;concept1;0.08192985;None;0.095339805;0.9180701375007629;10;3;128;128
57;0;0.0001;concept2;0.025619147;None;0.05357697;0.9743808507919312;10;3;128;128
57;1;0.0001;concept3;0.14642183;None;0.10144229;0.8535781502723694;10;3;128;128
57;2;0.0001;concept1;0.08187444;None;0.095281735;0.918125569820404;10;3;128;128
58;0;0.0001;concept2;0.02556292;None;0.053514823;0.9744370579719543;10;3;128;128
58;1;0.0001;concept3;0.14628397;None;0.10138182;0.8537160158157349;10;3;128;128
58;2;0.0001;concept1;0.08169314;None;0.0951572;0.918306827545166;10;3;128;128
59;0;0.0001;concept2;0.025506813;None;0.053451907;0.9744932055473328;10;3;128;128
59;1;0.0001;concept3;0.14618616;None;0.10132265;0.853813886642456;10;3;128;128
59;2;0.0001;concept1;0.08159725;None;0.09508072;0.9184027314186096;10;3;128;128
60;0;0.0001;concept2;0.02545206;None;0.05339124;0.9745479226112366;10;3;128;128
60;1;0.0001;concept3;0.1460788;None;0.101261385;0.8539211750030518;10;3;128;128
60;2;0.0001;concept1;0.081520356;None;0.09501212;0.9184796214103699;10;3;128;128
61;0;0.0001;concept2;0.025399394;None;0.053331815;0.974600613117218;10;3;128;128
61;1;0.0001;concept3;0.14594366;None;0.1011924;0.8540563583374023;10;3;128;128
61;2;0.0001;concept1;0.0813998;None;0.09491618;0.9186002016067505;10;3;128;128
62;0;0.0001;concept2;0.025347693;None;0.053272888;0.9746522903442383;10;3;128;128
62;1;0.0001;concept3;0.14575312;None;0.10110985;0.8542468547821045;10;3;128;128
62;2;0.0001;concept1;0.08130153;None;0.09483345;0.9186984896659851;10;3;128;128
63;0;0.0001;concept2;0.025295943;None;0.053215843;0.9747040271759033;10;3;128;128
63;1;0.0001;concept3;0.145645;None;0.10104726;0.854354977607727;10;3;128;128
63;2;0.0001;concept1;0.08115748;None;0.09474261;0.9188424944877625;10;3;128;128
64;0;0.0001;concept2;0.025247943;None;0.05316204;0.9747520685195923;10;3;128;128
64;1;0.0001;concept3;0.14544836;None;0.10097594;0.8545516133308411;10;3;128;128
64;2;0.0001;concept1;0.081058726;None;0.094663315;0.9189412593841553;10;3;128;128
65;0;0.0001;concept2;0.025195714;None;0.05310412;0.9748042821884155;10;3;128;128
65;1;0.0001;concept3;0.14534274;None;0.10092051;0.8546572923660278;10;3;128;128
65;2;0.0001;concept1;0.08096795;None;0.094588295;0.9190320372581482;10;3;128;128
66;0;0.0001;concept2;0.0251459;None;0.053048052;0.9748541116714478;10;3;128;128
66;1;0.0001;concept3;0.14522406;None;0.10085982;0.8547759056091309;10;3;128;128
66;2;0.0001;concept1;0.0808609;None;0.09450663;0.9191390872001648;10;3;128;128
67;0;0.0001;concept2;0.025100773;None;0.05299761;0.9748992323875427;10;3;128;128
67;1;0.0001;concept3;0.1451189;None;0.100814566;0.8548811078071594;10;3;128;128
67;2;0.0001;concept1;0.080767;None;0.09443213;0.9192330241203308;10;3;128;128
68;0;0.0001;concept2;0.025057066;None;0.052948058;0.9749429225921631;10;3;128;128
68;1;0.0001;concept3;0.14502403;None;0.100758545;0.8549759984016418;10;3;128;128
68;2;0.0001;concept1;0.08066055;None;0.09435166;0.9193394780158997;10;3;128;128
69;0;0.0001;concept2;0.025016287;None;0.05290208;0.9749836921691895;10;3;128;128
69;1;0.0001;concept3;0.14489086;None;0.10067572;0.8551091551780701;10;3;128;128
69;2;0.0001;concept1;0.08057088;None;0.09428244;0.9194291234016418;10;3;128;128
70;0;0.0001;concept2;0.024975317;None;0.052855186;0.9750247001647949;10;3;128;128
70;1;0.0001;concept3;0.14473094;None;0.10059518;0.8552690744400024;10;3;128;128
70;2;0.0001;concept1;0.080478646;None;0.09420907;0.9195213317871094;10;3;128;128
71;0;0.0001;concept2;0.024936642;None;0.05281065;0.9750633835792542;10;3;128;128
71;1;0.0001;concept3;0.14461116;None;0.10052754;0.8553888201713562;10;3;128;128
71;2;0.0001;concept1;0.080398194;None;0.09414241;0.9196017980575562;10;3;128;128
72;0;0.0001;concept2;0.024897411;None;0.052766014;0.9751026034355164;10;3;128;128
72;1;0.0001;concept3;0.14460365;None;0.100502186;0.8553963303565979;10;3;128;128
72;2;0.0001;concept1;0.08032327;None;0.094082065;0.9196767210960388;10;3;128;128
73;0;0.0001;concept2;0.024857478;None;0.052721087;0.9751425385475159;10;3;128;128
73;1;0.0001;concept3;0.14450382;None;0.10044913;0.8554961681365967;10;3;128;128
73;2;0.0001;concept1;0.08024009;None;0.09401232;0.9197599291801453;10;3;128;128
74;0;0.0001;concept2;0.02482238;None;0.052681062;0.9751776456832886;10;3;128;128
74;1;0.0001;concept3;0.14437504;None;0.10038958;0.8556249141693115;10;3;128;128
74;2;0.0001;concept1;0.080169655;None;0.09395357;0.919830322265625;10;3;128;128
75;0;0.0001;concept2;0.02478354;None;0.052638546;0.9752164483070374;10;3;128;128
75;1;0.0001;concept3;0.1442557;None;0.1003253;0.8557443022727966;10;3;128;128
75;2;0.0001;concept1;0.080082536;None;0.09388572;0.9199174642562866;10;3;128;128
76;0;0.0001;concept2;0.024728857;None;0.05254869;0.9752711653709412;10;3;128;128
76;1;0.0001;concept3;0.14416641;None;0.10027439;0.8558335900306702;10;3;128;128
76;2;0.0001;concept1;0.08000906;None;0.093827896;0.9199909567832947;10;3;128;128
77;0;0.0001;concept2;0.024692805;None;0.052507915;0.9753071665763855;10;3;128;128
77;1;0.0001;concept3;0.14397116;None;0.10018155;0.8560288548469543;10;3;128;128
77;2;0.0001;concept1;0.079928465;None;0.09376175;0.920071542263031;10;3;128;128
78;0;0.0001;concept2;0.024659092;None;0.05246894;0.9753409028053284;10;3;128;128
78;1;0.0001;concept3;0.1438709;None;0.100130394;0.8561291098594666;10;3;128;128
78;2;0.0001;concept1;0.07978485;None;0.09365892;0.9202151298522949;10;3;128;128
79;0;0.0001;concept2;0.024621787;None;0.052425474;0.9753782153129578;10;3;128;128
79;1;0.0001;concept3;0.14377163;None;0.10008593;0.8562283515930176;10;3;128;128
79;2;0.0001;concept1;0.07977023;None;0.09363395;0.9202297925949097;10;3;128;128
80;0;0.0001;concept2;0.02458453;None;0.052381504;0.9754154682159424;10;3;128;128
80;1;0.0001;concept3;0.14366688;None;0.10003139;0.8563331365585327;10;3;128;128
80;2;0.0001;concept1;0.07971475;None;0.09358637;0.9202852249145508;10;3;128;128
81;0;0.0001;concept2;0.024551455;None;0.05234179;0.9754485487937927;10;3;128;128
81;1;0.0001;concept3;0.14356822;None;0.09998553;0.856431782245636;10;3;128;128
81;2;0.0001;concept1;0.079638556;None;0.09353038;0.9203614592552185;10;3;128;128
82;0;0.0001;concept2;0.024519425;None;0.05230446;0.9754805564880371;10;3;128;128
82;1;0.0001;concept3;0.14345154;None;0.09992445;0.8565484285354614;10;3;128;128
82;2;0.0001;concept1;0.079575986;None;0.09347329;0.9204240441322327;10;3;128;128
83;0;0.0001;concept2;0.024486655;None;0.05226669;0.9755133390426636;10;3;128;128
83;1;0.0001;concept3;0.14336441;None;0.09988146;0.856635570526123;10;3;128;128
83;2;0.0001;concept1;0.079495616;None;0.0934114;0.9205043911933899;10;3;128;128
84;0;0.0001;concept2;0.024455177;None;0.052229576;0.975544810295105;10;3;128;128
84;1;0.0001;concept3;0.14328215;None;0.099836655;0.8567178249359131;10;3;128;128
84;2;0.0001;concept1;0.079406865;None;0.093338236;0.9205931425094604;10;3;128;128
85;0;0.0001;concept2;0.02442523;None;0.052193496;0.975574791431427;10;3;128;128
85;1;0.0001;concept3;0.1431842;None;0.09978468;0.8568158149719238;10;3;128;128
85;2;0.0001;concept1;0.079330646;None;0.093277395;0.9206693768501282;10;3;128;128
86;0;0.0001;concept2;0.024391606;None;0.052153736;0.9756084084510803;10;3;128;128
86;1;0.0001;concept3;0.14308926;None;0.09973225;0.8569107055664062;10;3;128;128
86;2;0.0001;concept1;0.07930125;None;0.0932433;0.9206987619400024;10;3;128;128
87;0;0.0001;concept2;0.02436213;None;0.05211751;0.9756378531455994;10;3;128;128
87;1;0.0001;concept3;0.14299107;None;0.099688426;0.8570089340209961;10;3;128;128
87;2;0.0001;concept1;0.079207726;None;0.09317867;0.920792281627655;10;3;128;128
88;0;0.0001;concept2;0.024329096;None;0.052078318;0.9756709337234497;10;3;128;128
88;1;0.0001;concept3;0.14290914;None;0.09964126;0.8570908308029175;10;3;128;128
88;2;0.0001;concept1;0.07916748;None;0.093139336;0.9208325147628784;10;3;128;128
89;0;0.0001;concept2;0.024297733;None;0.052041844;0.9757022857666016;10;3;128;128
89;1;0.0001;concept3;0.14283212;None;0.099597454;0.8571678996086121;10;3;128;128
89;2;0.0001;concept1;0.07908872;None;0.09307726;0.9209113121032715;10;3;128;128
90;0;0.0001;concept2;0.024269277;None;0.05200699;0.9757307171821594;10;3;128;128
90;1;0.0001;concept3;0.14276056;None;0.09955532;0.8572394251823425;10;3;128;128
90;2;0.0001;concept1;0.07902536;None;0.09302666;0.9209746718406677;10;3;128;128
91;0;0.0001;concept2;0.024241589;None;0.05197411;0.97575843334198;10;3;128;128
91;1;0.0001;concept3;0.14275639;None;0.099526286;0.8572436571121216;10;3;128;128
91;2;0.0001;concept1;0.07899538;None;0.09299582;0.9210046529769897;10;3;128;128
92;0;0.0001;concept2;0.02421024;None;0.051937345;0.9757897853851318;10;3;128;128
92;1;0.0001;concept3;0.14265957;None;0.099475116;0.8573404550552368;10;3;128;128
92;2;0.0001;concept1;0.07892631;None;0.09294323;0.9210736751556396;10;3;128;128
93;0;0.0001;concept2;0.024177356;None;0.051899236;0.9758226275444031;10;3;128;128
93;1;0.0001;concept3;0.14260389;None;0.09943408;0.857396125793457;10;3;128;128
93;2;0.0001;concept1;0.07887407;None;0.09289976;0.9211259484291077;10;3;128;128
94;0;0.0001;concept2;0.024149919;None;0.05186667;0.9758501052856445;10;3;128;128
94;1;0.0001;concept3;0.14252163;None;0.09939151;0.8574783802032471;10;3;128;128
94;2;0.0001;concept1;0.07883588;None;0.09285919;0.9211640954017639;10;3;128;128
95;0;0.0001;concept2;0.02411994;None;0.05183113;0.9758800864219666;10;3;128;128
95;1;0.0001;concept3;0.14223938;None;0.09928032;0.8577606081962585;10;3;128;128
95;2;0.0001;concept1;0.07876704;None;0.09280324;0.9212329387664795;10;3;128;128
96;0;0.0001;concept2;0.024092892;None;0.05179908;0.9759070873260498;10;3;128;128
96;1;0.0001;concept3;0.14210197;None;0.099229224;0.8578979969024658;10;3;128;128
96;2;0.0001;concept1;0.0787181;None;0.09276114;0.9212818741798401;10;3;128;128
97;0;0.0001;concept2;0.024065575;None;0.051766887;0.9759344458580017;10;3;128;128
97;1;0.0001;concept3;0.14211054;None;0.09920009;0.8578894734382629;10;3;128;128
97;2;0.0001;concept1;0.078652434;None;0.09270854;0.9213475584983826;10;3;128;128
98;0;0.0001;concept2;0.02403681;None;0.051732104;0.9759631752967834;10;3;128;128
98;1;0.0001;concept3;0.1417048;None;0.09904107;0.858295202255249;10;3;128;128
98;2;0.0001;concept1;0.07858461;None;0.09265315;0.921415388584137;10;3;128;128
99;0;0.0001;concept2;0.02401087;None;0.051701613;0.9759891033172607;10;3;128;128
99;1;0.0001;concept3;0.14169976;None;0.09901451;0.8583002686500549;10;3;128;128
99;2;0.0001;concept1;0.078539886;None;0.092610925;0.9214601516723633;10;3;128;128
100;0;0.0001;concept3;0.14163104;None;0.098974794;0.858368992805481;10;3;128;128
100;1;0.0001;concept3;0.14163104;None;0.098974794;0.858368992805481;10;3;128;128
100;2;0.0001;concept3;0.14163104;None;0.098974794;0.858368992805481;10;3;128;128
101;0;0.0001;concept3;0.14114504;None;0.098714136;0.8588549494743347;10;3;128;128
101;1;0.0001;concept3;0.14114504;None;0.098714136;0.8588549494743347;10;3;128;128
101;2;0.0001;concept3;0.14114504;None;0.098714136;0.8588549494743347;10;3;128;128
102;0;0.0001;concept3;0.14073563;None;0.09846709;0.8592643737792969;10;3;128;128
102;1;0.0001;concept3;0.14073563;None;0.09846709;0.8592643737792969;10;3;128;128
102;2;0.0001;concept3;0.14073563;None;0.09846709;0.8592643737792969;10;3;128;128
103;0;0.0001;concept3;0.14016107;None;0.098167434;0.8598389625549316;10;3;128;128
103;1;0.0001;concept3;0.14016107;None;0.098167434;0.8598389625549316;10;3;128;128
103;2;0.0001;concept3;0.14016107;None;0.098167434;0.8598389625549316;10;3;128;128
104;0;0.0001;concept3;0.1396469;None;0.09789588;0.8603531122207642;10;3;128;128
104;1;0.0001;concept3;0.1396469;None;0.09789588;0.8603531122207642;10;3;128;128
104;2;0.0001;concept3;0.1396469;None;0.09789588;0.8603531122207642;10;3;128;128
105;0;0.0001;concept3;0.13882896;None;0.09751624;0.8611710071563721;10;3;128;128
105;1;0.0001;concept3;0.13882896;None;0.09751624;0.8611710071563721;10;3;128;128
105;2;0.0001;concept3;0.13882896;None;0.09751624;0.8611710071563721;10;3;128;128
106;0;0.0001;concept3;0.13836946;None;0.09726543;0.8616305589675903;10;3;128;128
106;1;0.0001;concept3;0.13836946;None;0.09726543;0.8616305589675903;10;3;128;128
106;2;0.0001;concept3;0.13836946;None;0.09726543;0.8616305589675903;10;3;128;128
107;0;0.0001;concept3;0.1378785;None;0.097001195;0.8621214628219604;10;3;128;128
107;1;0.0001;concept3;0.1378785;None;0.097001195;0.8621214628219604;10;3;128;128
107;2;0.0001;concept3;0.1378785;None;0.097001195;0.8621214628219604;10;3;128;128
108;0;0.0001;concept3;0.13746038;None;0.0967698;0.8625396490097046;10;3;128;128
108;1;0.0001;concept3;0.13746038;None;0.0967698;0.8625396490097046;10;3;128;128
108;2;0.0001;concept3;0.13746038;None;0.0967698;0.8625396490097046;10;3;128;128
109;0;0.0001;concept3;0.13695687;None;0.096507534;0.8630431294441223;10;3;128;128
109;1;0.0001;concept3;0.13695687;None;0.096507534;0.8630431294441223;10;3;128;128
109;2;0.0001;concept3;0.13695687;None;0.096507534;0.8630431294441223;10;3;128;128
110;0;0.0001;concept3;0.13642105;None;0.09625741;0.8635789155960083;10;3;128;128
110;1;0.0001;concept3;0.13642105;None;0.09625741;0.8635789155960083;10;3;128;128
110;2;0.0001;concept3;0.13642105;None;0.09625741;0.8635789155960083;10;3;128;128
111;0;0.0001;concept3;0.13579592;None;0.09593374;0.8642040491104126;10;3;128;128
111;1;0.0001;concept3;0.13579592;None;0.09593374;0.8642040491104126;10;3;128;128
111;2;0.0001;concept3;0.13579592;None;0.09593374;0.8642040491104126;10;3;128;128
112;0;0.0001;concept3;0.13528216;None;0.095699854;0.8647178411483765;10;3;128;128
112;1;0.0001;concept3;0.13528216;None;0.095699854;0.8647178411483765;10;3;128;128
112;2;0.0001;concept3;0.13528216;None;0.095699854;0.8647178411483765;10;3;128;128
113;0;0.0001;concept3;0.13480687;None;0.09547245;0.8651931285858154;10;3;128;128
113;1;0.0001;concept3;0.13480687;None;0.09547245;0.8651931285858154;10;3;128;128
113;2;0.0001;concept3;0.13480687;None;0.09547245;0.8651931285858154;10;3;128;128
114;0;0.0001;concept3;0.13443261;None;0.09526103;0.8655673861503601;10;3;128;128
114;1;0.0001;concept3;0.13443261;None;0.09526103;0.8655673861503601;10;3;128;128
114;2;0.0001;concept3;0.13443261;None;0.09526103;0.8655673861503601;10;3;128;128
115;0;0.0001;concept3;0.13396068;None;0.095014036;0.8660393357276917;10;3;128;128
115;1;0.0001;concept3;0.13396068;None;0.095014036;0.8660393357276917;10;3;128;128
115;2;0.0001;concept3;0.13396068;None;0.095014036;0.8660393357276917;10;3;128;128
116;0;0.0001;concept3;0.13349994;None;0.09477131;0.8665000200271606;10;3;128;128
116;1;0.0001;concept3;0.13349994;None;0.09477131;0.8665000200271606;10;3;128;128
116;2;0.0001;concept3;0.13349994;None;0.09477131;0.8665000200271606;10;3;128;128
117;0;0.0001;concept3;0.13308804;None;0.09454224;0.8669119477272034;10;3;128;128
117;1;0.0001;concept3;0.13308804;None;0.09454224;0.8669119477272034;10;3;128;128
117;2;0.0001;concept3;0.13308804;None;0.09454224;0.8669119477272034;10;3;128;128
118;0;0.0001;concept3;0.13286085;None;0.094351165;0.8671391010284424;10;3;128;128
118;1;0.0001;concept3;0.13286085;None;0.094351165;0.8671391010284424;10;3;128;128
118;2;0.0001;concept3;0.13286085;None;0.094351165;0.8671391010284424;10;3;128;128
119;0;0.0001;concept3;0.13246734;None;0.09415272;0.8675326704978943;10;3;128;128
119;1;0.0001;concept3;0.13246734;None;0.09415272;0.8675326704978943;10;3;128;128
119;2;0.0001;concept3;0.13246734;None;0.09415272;0.8675326704978943;10;3;128;128
120;0;0.0001;concept3;0.13240802;None;0.09394442;0.8675919771194458;10;3;128;128
120;1;0.0001;concept3;0.13240802;None;0.09394442;0.8675919771194458;10;3;128;128
120;2;0.0001;concept3;0.13240802;None;0.09394442;0.8675919771194458;10;3;128;128
121;0;0.0001;concept3;0.13211863;None;0.09376577;0.8678813576698303;10;3;128;128
121;1;0.0001;concept3;0.13211863;None;0.09376577;0.8678813576698303;10;3;128;128
121;2;0.0001;concept3;0.13211863;None;0.09376577;0.8678813576698303;10;3;128;128
122;0;0.0001;concept3;0.13166398;None;0.093538105;0.868336021900177;10;3;128;128
122;1;0.0001;concept3;0.13166398;None;0.093538105;0.868336021900177;10;3;128;128
122;2;0.0001;concept3;0.13166398;None;0.093538105;0.868336021900177;10;3;128;128
123;0;0.0001;concept3;0.1313355;None;0.0933483;0.8686645030975342;10;3;128;128
123;1;0.0001;concept3;0.1313355;None;0.0933483;0.8686645030975342;10;3;128;128
123;2;0.0001;concept3;0.1313355;None;0.0933483;0.8686645030975342;10;3;128;128
124;0;0.0001;concept3;0.13102134;None;0.09316491;0.8689786195755005;10;3;128;128
124;1;0.0001;concept3;0.13102134;None;0.09316491;0.8689786195755005;10;3;128;128
124;2;0.0001;concept3;0.13102134;None;0.09316491;0.8689786195755005;10;3;128;128
125;0;0.0001;concept3;0.13051842;None;0.092932604;0.8694815635681152;10;3;128;128
125;1;0.0001;concept3;0.13051842;None;0.092932604;0.8694815635681152;10;3;128;128
125;2;0.0001;concept3;0.13051842;None;0.092932604;0.8694815635681152;10;3;128;128
126;0;0.0001;concept3;0.1301416;None;0.09273573;0.8698583841323853;10;3;128;128
126;1;0.0001;concept3;0.1301416;None;0.09273573;0.8698583841323853;10;3;128;128
126;2;0.0001;concept3;0.1301416;None;0.09273573;0.8698583841323853;10;3;128;128
127;0;0.0001;concept3;0.12981683;None;0.09254547;0.8701831698417664;10;3;128;128
127;1;0.0001;concept3;0.12981683;None;0.09254547;0.8701831698417664;10;3;128;128
127;2;0.0001;concept3;0.12981683;None;0.09254547;0.8701831698417664;10;3;128;128
128;0;0.0001;concept3;0.12939654;None;0.092360415;0.8706034421920776;10;3;128;128
128;1;0.0001;concept3;0.12939654;None;0.092360415;0.8706034421920776;10;3;128;128
128;2;0.0001;concept3;0.12939654;None;0.092360415;0.8706034421920776;10;3;128;128
129;0;0.0001;concept3;0.1290549;None;0.09218295;0.8709450960159302;10;3;128;128
129;1;0.0001;concept3;0.1290549;None;0.09218295;0.8709450960159302;10;3;128;128
129;2;0.0001;concept3;0.1290549;None;0.09218295;0.8709450960159302;10;3;128;128
130;0;0.0001;concept3;0.12852772;None;0.09197275;0.8714722394943237;10;3;128;128
130;1;0.0001;concept3;0.12852772;None;0.09197275;0.8714722394943237;10;3;128;128
130;2;0.0001;concept3;0.12852772;None;0.09197275;0.8714722394943237;10;3;128;128
131;0;0.0001;concept3;0.12935582;None;0.092082605;0.870644211769104;10;3;128;128
131;1;0.0001;concept3;0.12935582;None;0.092082605;0.870644211769104;10;3;128;128
131;2;0.0001;concept3;0.12935582;None;0.092082605;0.870644211769104;10;3;128;128
132;0;0.0001;concept3;0.12902468;None;0.09189387;0.8709753155708313;10;3;128;128
132;1;0.0001;concept3;0.12902468;None;0.09189387;0.8709753155708313;10;3;128;128
132;2;0.0001;concept3;0.12902468;None;0.09189387;0.8709753155708313;10;3;128;128
133;0;0.0001;concept3;0.12886682;None;0.0918015;0.8711332082748413;10;3;128;128
133;1;0.0001;concept3;0.12886682;None;0.0918015;0.8711332082748413;10;3;128;128
133;2;0.0001;concept3;0.12886682;None;0.0918015;0.8711332082748413;10;3;128;128
134;0;0.0001;concept3;0.12860195;None;0.09165827;0.8713980317115784;10;3;128;128
134;1;0.0001;concept3;0.12860195;None;0.09165827;0.8713980317115784;10;3;128;128
134;2;0.0001;concept3;0.12860195;None;0.09165827;0.8713980317115784;10;3;128;128
135;0;0.0001;concept3;0.12835592;None;0.09152978;0.8716440796852112;10;3;128;128
135;1;0.0001;concept3;0.12835592;None;0.09152978;0.8716440796852112;10;3;128;128
135;2;0.0001;concept3;0.12835592;None;0.09152978;0.8716440796852112;10;3;128;128
136;0;0.0001;concept3;0.12813121;None;0.09140356;0.8718687891960144;10;3;128;128
136;1;0.0001;concept3;0.12813121;None;0.09140356;0.8718687891960144;10;3;128;128
136;2;0.0001;concept3;0.12813121;None;0.09140356;0.8718687891960144;10;3;128;128
137;0;0.0001;concept3;0.12792459;None;0.09126509;0.8720753788948059;10;3;128;128
137;1;0.0001;concept3;0.12792459;None;0.09126509;0.8720753788948059;10;3;128;128
137;2;0.0001;concept3;0.12792459;None;0.09126509;0.8720753788948059;10;3;128;128
138;0;0.0001;concept3;0.12766522;None;0.091125585;0.8723347783088684;10;3;128;128
138;1;0.0001;concept3;0.12766522;None;0.091125585;0.8723347783088684;10;3;128;128
138;2;0.0001;concept3;0.12766522;None;0.091125585;0.8723347783088684;10;3;128;128
139;0;0.0001;concept3;0.12749712;None;0.091019854;0.872502863407135;10;3;128;128
139;1;0.0001;concept3;0.12749712;None;0.091019854;0.872502863407135;10;3;128;128
139;2;0.0001;concept3;0.12749712;None;0.091019854;0.872502863407135;10;3;128;128
140;0;0.0001;concept3;0.12724029;None;0.09088641;0.8727596998214722;10;3;128;128
140;1;0.0001;concept3;0.12724029;None;0.09088641;0.8727596998214722;10;3;128;128
140;2;0.0001;concept3;0.12724029;None;0.09088641;0.8727596998214722;10;3;128;128
141;0;0.0001;concept3;0.12702723;None;0.09076885;0.8729727864265442;10;3;128;128
141;1;0.0001;concept3;0.12702723;None;0.09076885;0.8729727864265442;10;3;128;128
141;2;0.0001;concept3;0.12702723;None;0.09076885;0.8729727864265442;10;3;128;128
142;0;0.0001;concept3;0.1268463;None;0.0906613;0.8731536865234375;10;3;128;128
142;1;0.0001;concept3;0.1268463;None;0.0906613;0.8731536865234375;10;3;128;128
142;2;0.0001;concept3;0.1268463;None;0.0906613;0.8731536865234375;10;3;128;128
143;0;0.0001;concept3;0.1266427;None;0.09055362;0.8733572959899902;10;3;128;128
143;1;0.0001;concept3;0.1266427;None;0.09055362;0.8733572959899902;10;3;128;128
143;2;0.0001;concept3;0.1266427;None;0.09055362;0.8733572959899902;10;3;128;128
144;0;0.0001;concept3;0.12645616;None;0.09044182;0.8735438585281372;10;3;128;128
144;1;0.0001;concept3;0.12645616;None;0.09044182;0.8735438585281372;10;3;128;128
144;2;0.0001;concept3;0.12645616;None;0.09044182;0.8735438585281372;10;3;128;128
145;0;0.0001;concept3;0.12630175;None;0.09035697;0.8736982345581055;10;3;128;128
145;1;0.0001;concept3;0.12630175;None;0.09035697;0.8736982345581055;10;3;128;128
145;2;0.0001;concept3;0.12630175;None;0.09035697;0.8736982345581055;10;3;128;128
146;0;0.0001;concept3;0.1261555;None;0.09026963;0.8738445043563843;10;3;128;128
146;1;0.0001;concept3;0.1261555;None;0.09026963;0.8738445043563843;10;3;128;128
146;2;0.0001;concept3;0.1261555;None;0.09026963;0.8738445043563843;10;3;128;128
147;0;0.0001;concept3;0.12597542;None;0.090161614;0.8740245699882507;10;3;128;128
147;1;0.0001;concept3;0.12597542;None;0.090161614;0.8740245699882507;10;3;128;128
147;2;0.0001;concept3;0.12597542;None;0.090161614;0.8740245699882507;10;3;128;128
148;0;0.0001;concept3;0.125805;None;0.09006842;0.8741949796676636;10;3;128;128
148;1;0.0001;concept3;0.125805;None;0.09006842;0.8741949796676636;10;3;128;128
148;2;0.0001;concept3;0.125805;None;0.09006842;0.8741949796676636;10;3;128;128
149;0;0.0001;concept3;0.12565893;None;0.089984596;0.8743410706520081;10;3;128;128
149;1;0.0001;concept3;0.12565893;None;0.089984596;0.8743410706520081;10;3;128;128
149;2;0.0001;concept3;0.12565893;None;0.089984596;0.8743410706520081;10;3;128;128
150;0;0.0001;concept1;0.07916381;None;0.093006305;0.9208362102508545;10;3;128;128
150;1;0.0001;concept2;0.022997696;None;0.050536137;0.9770023226737976;10;3;128;128
150;2;0.0001;concept3;0.12554967;None;0.08990839;0.8744503259658813;10;3;128;128
151;0;0.0001;concept1;0.079122275;None;0.09297118;0.9208776950836182;10;3;128;128
151;1;0.0001;concept2;0.022980053;None;0.050513744;0.9770199656486511;10;3;128;128
151;2;0.0001;concept3;0.12553772;None;0.08989669;0.8744622468948364;10;3;128;128
152;0;0.0001;concept1;0.07911307;None;0.092951454;0.9208869338035583;10;3;128;128
152;1;0.0001;concept2;0.022961473;None;0.050490294;0.9770385026931763;10;3;128;128
152;2;0.0001;concept3;0.1254688;None;0.08986832;0.8745312094688416;10;3;128;128
153;0;0.0001;concept1;0.07894781;None;0.09284553;0.9210522174835205;10;3;128;128
153;1;0.0001;concept2;0.022942783;None;0.05046721;0.9770572185516357;10;3;128;128
153;2;0.0001;concept3;0.12540935;None;0.08984719;0.8745906352996826;10;3;128;128
154;0;0.0001;concept1;0.0788143;None;0.09274973;0.9211857318878174;10;3;128;128
154;1;0.0001;concept2;0.022924457;None;0.050444286;0.9770755171775818;10;3;128;128
154;2;0.0001;concept3;0.12537776;None;0.08983023;0.8746222257614136;10;3;128;128
155;0;0.0001;concept1;0.078957796;None;0.09282932;0.9210422039031982;10;3;128;128
155;1;0.0001;concept2;0.02290802;None;0.05042324;0.9770919680595398;10;3;128;128
155;2;0.0001;concept3;0.12534139;None;0.08981305;0.8746585845947266;10;3;128;128
156;0;0.0001;concept1;0.07888811;None;0.09278084;0.9211118817329407;10;3;128;128
156;1;0.0001;concept2;0.02289057;None;0.050401457;0.977109432220459;10;3;128;128
156;2;0.0001;concept3;0.12529989;None;0.08979232;0.8747000694274902;10;3;128;128
157;0;0.0001;concept1;0.078854926;None;0.092746876;0.9211450815200806;10;3;128;128
157;1;0.0001;concept2;0.022876546;None;0.050382316;0.9771234393119812;10;3;128;128
157;2;0.0001;concept3;0.12526801;None;0.08977579;0.8747320175170898;10;3;128;128
158;0;0.0001;concept1;0.078808166;None;0.092713036;0.9211918115615845;10;3;128;128
158;1;0.0001;concept2;0.022858858;None;0.05035979;0.9771411418914795;10;3;128;128
158;2;0.0001;concept3;0.12524052;None;0.08976032;0.8747594952583313;10;3;128;128
159;0;0.0001;concept1;0.07867963;None;0.09262946;0.921320378780365;10;3;128;128
159;1;0.0001;concept2;0.022842737;None;0.050339226;0.9771572351455688;10;3;128;128
159;2;0.0001;concept3;0.1252137;None;0.08974486;0.8747863173484802;10;3;128;128
160;0;0.0001;concept1;0.07863557;None;0.09258963;0.921364426612854;10;3;128;128
160;1;0.0001;concept2;0.022822842;None;0.050314702;0.9771771430969238;10;3;128;128
160;2;0.0001;concept3;0.12516211;None;0.08972992;0.8748378753662109;10;3;128;128
161;0;0.0001;concept1;0.07858796;None;0.092552386;0.9214120507240295;10;3;128;128
161;1;0.0001;concept2;0.022809727;None;0.050297968;0.9771902561187744;10;3;128;128
161;2;0.0001;concept3;0.125135;None;0.08971364;0.8748649954795837;10;3;128;128
162;0;0.0001;concept1;0.078508794;None;0.09250189;0.9214912056922913;10;3;128;128
162;1;0.0001;concept2;0.02279181;None;0.05027605;0.9772081971168518;10;3;128;128
162;2;0.0001;concept3;0.12509336;None;0.08969711;0.8749066591262817;10;3;128;128
163;0;0.0001;concept1;0.07846658;None;0.09246823;0.9215334057807922;10;3;128;128
163;1;0.0001;concept2;0.022774925;None;0.050254826;0.9772250652313232;10;3;128;128
163;2;0.0001;concept3;0.12498309;None;0.089639656;0.8750169277191162;10;3;128;128
164;0;0.0001;concept1;0.07832661;None;0.092372805;0.9216734170913696;10;3;128;128
164;1;0.0001;concept2;0.02275776;None;0.050233454;0.9772422313690186;10;3;128;128
164;2;0.0001;concept3;0.124946944;None;0.08962326;0.8750530481338501;10;3;128;128
165;0;0.0001;concept1;0.07830759;None;0.09235131;0.921692430973053;10;3;128;128
165;1;0.0001;concept2;0.022740649;None;0.050212;0.9772593379020691;10;3;128;128
165;2;0.0001;concept3;0.12488709;None;0.08960074;0.8751128911972046;10;3;128;128
166;0;0.0001;concept1;0.078297384;None;0.092339694;0.9217026233673096;10;3;128;128
166;1;0.0001;concept2;0.022723429;None;0.05019027;0.9772765636444092;10;3;128;128
166;2;0.0001;concept3;0.124876335;None;0.089587815;0.8751236796379089;10;3;128;128
167;0;0.0001;concept1;0.07822807;None;0.09228992;0.9217719435691833;10;3;128;128
167;1;0.0001;concept2;0.022709522;None;0.050172318;0.9772904515266418;10;3;128;128
167;2;0.0001;concept3;0.12486833;None;0.08958078;0.8751316666603088;10;3;128;128
168;0;0.0001;concept1;0.07814998;None;0.092232734;0.9218500256538391;10;3;128;128
168;1;0.0001;concept2;0.022693783;None;0.05015243;0.9773062467575073;10;3;128;128
168;2;0.0001;concept3;0.124835655;None;0.08956584;0.8751643300056458;10;3;128;128
169;0;0.0001;concept1;0.078186914;None;0.092256784;0.9218130707740784;10;3;128;128
169;1;0.0001;concept2;0.022679405;None;0.05013395;0.9773206114768982;10;3;128;128
169;2;0.0001;concept3;0.12483283;None;0.08955959;0.875167191028595;10;3;128;128
170;0;0.0001;concept1;0.078139275;None;0.0922174;0.9218606948852539;10;3;128;128
170;1;0.0001;concept2;0.022664718;None;0.05011546;0.9773352742195129;10;3;128;128
170;2;0.0001;concept3;0.12481581;None;0.089548975;0.875184178352356;10;3;128;128
171;0;0.0001;concept1;0.07806353;None;0.09216085;0.9219364523887634;10;3;128;128
171;1;0.0001;concept2;0.022648823;None;0.050095562;0.977351188659668;10;3;128;128
171;2;0.0001;concept3;0.124790914;None;0.089538075;0.8752090930938721;10;3;128;128
172;0;0.0001;concept1;0.07801374;None;0.09212457;0.9219862818717957;10;3;128;128
172;1;0.0001;concept2;0.022637924;None;0.050081078;0.9773620963096619;10;3;128;128
172;2;0.0001;concept3;0.12475428;None;0.08952189;0.8752456903457642;10;3;128;128
173;0;0.0001;concept1;0.0779715;None;0.09209093;0.9220284819602966;10;3;128;128
173;1;0.0001;concept2;0.022623535;None;0.05006259;0.9773764610290527;10;3;128;128
173;2;0.0001;concept3;0.1247302;None;0.08950864;0.8752697706222534;10;3;128;128
174;0;0.0001;concept1;0.07790337;None;0.09204323;0.9220966100692749;10;3;128;128
174;1;0.0001;concept2;0.02260624;None;0.05004067;0.9773937463760376;10;3;128;128
174;2;0.0001;concept3;0.124700435;None;0.089496136;0.8752995729446411;10;3;128;128
175;0;0.0001;concept1;0.07788008;None;0.09202215;0.9221199154853821;10;3;128;128
175;1;0.0001;concept2;0.022595225;None;0.050026085;0.977404773235321;10;3;128;128
175;2;0.0001;concept3;0.124687314;None;0.08948668;0.8753126859664917;10;3;128;128
176;0;0.0001;concept1;0.0778606;None;0.09199813;0.9221394062042236;10;3;128;128
176;1;0.0001;concept2;0.022576014;None;0.050002508;0.9774239659309387;10;3;128;128
176;2;0.0001;concept3;0.124666505;None;0.08947517;0.8753334879875183;10;3;128;128
177;0;0.0001;concept1;0.077822454;None;0.09196256;0.9221775531768799;10;3;128;128
177;1;0.0001;concept2;0.022561114;None;0.049983475;0.9774388670921326;10;3;128;128
177;2;0.0001;concept3;0.124604285;None;0.08945934;0.8753957152366638;10;3;128;128
178;0;0.0001;concept1;0.07773353;None;0.091905065;0.9222664833068848;10;3;128;128
178;1;0.0001;concept2;0.022551754;None;0.049970455;0.9774482250213623;10;3;128;128
178;2;0.0001;concept3;0.124586135;None;0.08944468;0.8754138946533203;10;3;128;128
179;0;0.0001;concept1;0.077705815;None;0.09187966;0.9222941994667053;10;3;128;128
179;1;0.0001;concept2;0.022536004;None;0.04995045;0.9774640202522278;10;3;128;128
179;2;0.0001;concept3;0.12458272;None;0.08943862;0.8754172921180725;10;3;128;128
180;0;0.0001;concept1;0.07772174;None;0.09188086;0.9222782850265503;10;3;128;128
180;1;0.0001;concept2;0.022521054;None;0.04993142;0.9774789214134216;10;3;128;128
180;2;0.0001;concept3;0.124565594;None;0.08942717;0.875434398651123;10;3;128;128
181;0;0.0001;concept1;0.07761111;None;0.091808185;0.9223889112472534;10;3;128;128
181;1;0.0001;concept2;0.02250703;None;0.0499134;0.9774929881095886;10;3;128;128
181;2;0.0001;concept3;0.12452939;None;0.08941469;0.8754706382751465;10;3;128;128
182;0;0.0001;concept1;0.07764264;None;0.09181683;0.9223573207855225;10;3;128;128
182;1;0.0001;concept2;0.022493431;None;0.0498961;0.9775065779685974;10;3;128;128
182;2;0.0001;concept3;0.124552794;None;0.08940847;0.8754472136497498;10;3;128;128
183;0;0.0001;concept1;0.077545814;None;0.09175376;0.9224541783332825;10;3;128;128
183;1;0.0001;concept2;0.02247849;None;0.04987686;0.977521538734436;10;3;128;128
183;2;0.0001;concept3;0.12451117;None;0.08939626;0.875488817691803;10;3;128;128
184;0;0.0001;concept1;0.077505834;None;0.091722965;0.9224941730499268;10;3;128;128
184;1;0.0001;concept2;0.022462811;None;0.049857046;0.977537214756012;10;3;128;128
184;2;0.0001;concept3;0.124470055;None;0.08938017;0.875529944896698;10;3;128;128
185;0;0.0001;concept1;0.07752037;None;0.091721356;0.9224796295166016;10;3;128;128
185;1;0.0001;concept2;0.022447843;None;0.049838345;0.9775521755218506;10;3;128;128
185;2;0.0001;concept3;0.124406576;None;0.08935881;0.8755934238433838;10;3;128;128
186;0;0.0001;concept1;0.07749414;None;0.091696866;0.9225058555603027;10;3;128;128
186;1;0.0001;concept2;0.0224362;None;0.049822655;0.9775637984275818;10;3;128;128
186;2;0.0001;concept3;0.12438591;None;0.089347385;0.8756141066551208;10;3;128;128
187;0;0.0001;concept1;0.07746232;None;0.09167119;0.9225376844406128;10;3;128;128
187;1;0.0001;concept2;0.022423347;None;0.049805913;0.9775766730308533;10;3;128;128
187;2;0.0001;concept3;0.124357805;None;0.089331806;0.8756421804428101;10;3;128;128
188;0;0.0001;concept1;0.077437334;None;0.09164898;0.9225626587867737;10;3;128;128
188;1;0.0001;concept2;0.022410596;None;0.04978961;0.9775894284248352;10;3;128;128
188;2;0.0001;concept3;0.12434984;None;0.089327276;0.87565016746521;10;3;128;128
189;0;0.0001;concept1;0.07739639;None;0.09161751;0.9226036071777344;10;3;128;128
189;1;0.0001;concept2;0.022399263;None;0.049774308;0.9776007533073425;10;3;128;128
189;2;0.0001;concept3;0.12432903;None;0.0893159;0.8756709694862366;10;3;128;128
190;0;0.0001;concept1;0.077377416;None;0.09159792;0.922622561454773;10;3;128;128
190;1;0.0001;concept2;0.02238822;None;0.049759407;0.977611780166626;10;3;128;128
190;2;0.0001;concept3;0.12428655;None;0.08928448;0.8757134675979614;10;3;128;128
191;0;0.0001;concept1;0.077343576;None;0.09157151;0.9226564168930054;10;3;128;128
191;1;0.0001;concept2;0.022374675;None;0.049742293;0.97762531042099;10;3;128;128
191;2;0.0001;concept3;0.1242533;None;0.089271426;0.8757466673851013;10;3;128;128
192;0;0.0001;concept1;0.077311106;None;0.09154406;0.922688901424408;10;3;128;128
192;1;0.0001;concept2;0.022363307;None;0.049727537;0.9776366949081421;10;3;128;128
192;2;0.0001;concept3;0.1242482;None;0.08926356;0.875751793384552;10;3;128;128
193;0;0.0001;concept1;0.07730114;None;0.09152855;0.9226988554000854;10;3;128;128
193;1;0.0001;concept2;0.022352176;None;0.04971291;0.9776478409767151;10;3;128;128
193;2;0.0001;concept3;0.124224715;None;0.08925226;0.8757752776145935;10;3;128;128
194;0;0.0001;concept1;0.07724881;None;0.09148869;0.9227511882781982;10;3;128;128
194;1;0.0001;concept2;0.022339946;None;0.049697284;0.977660059928894;10;3;128;128
194;2;0.0001;concept3;0.12421614;None;0.08924192;0.8757838606834412;10;3;128;128
195;0;0.0001;concept1;0.077216774;None;0.091461085;0.9227832555770874;10;3;128;128
195;1;0.0001;concept2;0.022328151;None;0.049682215;0.9776718616485596;10;3;128;128
195;2;0.0001;concept3;0.124204256;None;0.08923187;0.8757957220077515;10;3;128;128
196;0;0.0001;concept1;0.07719;None;0.091435455;0.9228100180625916;10;3;128;128
196;1;0.0001;concept2;0.02231579;None;0.049666476;0.9776841998100281;10;3;128;128
196;2;0.0001;concept3;0.124174714;None;0.08921957;0.8758252859115601;10;3;128;128
197;0;0.0001;concept1;0.0771694;None;0.09141233;0.9228305816650391;10;3;128;128
197;1;0.0001;concept2;0.022304337;None;0.04965147;0.977695643901825;10;3;128;128
197;2;0.0001;concept3;0.12412862;None;0.08920228;0.8758713603019714;10;3;128;128
198;0;0.0001;concept1;0.077132985;None;0.091387555;0.9228670001029968;10;3;128;128
198;1;0.0001;concept2;0.022292228;None;0.04963579;0.9777077436447144;10;3;128;128
198;2;0.0001;concept3;0.124129;None;0.089193955;0.8758710026741028;10;3;128;128
199;0;0.0001;concept1;0.077104315;None;0.09136421;0.9228956699371338;10;3;128;128
199;1;0.0001;concept2;0.022279458;None;0.04961958;0.9777205586433411;10;3;128;128
199;2;0.0001;concept3;0.12408124;None;0.089171894;0.8759187459945679;10;3;128;128
