0;0;0.0001;concept1;0.27232304;None;0.17715754;0.7276769876480103;10;3;128;128
0;1;0.0001;concept2;0.7898968;None;0.3246856;0.21010327339172363;10;3;128;128
0;2;0.0001;concept3;0.7685192;None;0.3245162;0.23148071765899658;10;3;128;128
1;0;0.0001;concept1;0.5611328;None;0.25862423;0.4388672709465027;10;3;128;128
1;1;0.0001;concept2;1.0088422;None;0.36911577;-0.008842110633850098;10;3;128;128
1;2;0.0001;concept3;0.8715159;None;0.33950788;0.1284840703010559;10;3;128;128
2;0;0.0001;concept1;0.3502527;None;0.19998789;0.6497473120689392;10;3;128;128
2;1;0.0001;concept2;0.6280459;None;0.28389174;0.37195414304733276;10;3;128;128
2;2;0.0001;concept3;0.47774085;None;0.24470252;0.5222591161727905;10;3;128;128
3;0;0.0001;concept1;0.20852369;None;0.15291394;0.791476309299469;10;3;128;128
3;1;0.0001;concept2;0.29499608;None;0.18224582;0.7050039172172546;10;3;128;128
3;2;0.0001;concept3;0.25348198;None;0.15332854;0.7465180158615112;10;3;128;128
4;0;0.0001;concept1;0.13925666;None;0.12573577;0.8607433438301086;10;3;128;128
4;1;0.0001;concept2;0.110619515;None;0.10585206;0.8893804550170898;10;3;128;128
4;2;0.0001;concept3;0.19048627;None;0.11955616;0.8095137476921082;10;3;128;128
5;0;0.0001;concept1;0.110799894;None;0.1125519;0.8892000913619995;10;3;128;128
5;1;0.0001;concept2;0.04994534;None;0.07197115;0.9500546455383301;10;3;128;128
5;2;0.0001;concept3;0.17037249;None;0.11448267;0.829627513885498;10;3;128;128
6;0;0.0001;concept1;0.09816741;None;0.105443634;0.9018325805664062;10;3;128;128
6;1;0.0001;concept2;0.035138015;None;0.061188396;0.9648619890213013;10;3;128;128
6;2;0.0001;concept3;0.15807836;None;0.112421684;0.8419216275215149;10;3;128;128
7;0;0.0001;concept1;0.090606086;None;0.10046295;0.9093939065933228;10;3;128;128
7;1;0.0001;concept2;0.029391682;None;0.05618438;0.9706082940101624;10;3;128;128
7;2;0.0001;concept3;0.14587927;None;0.10763245;0.8541207313537598;10;3;128;128
8;0;0.0001;concept1;0.08487023;None;0.09616243;0.9151297807693481;10;3;128;128
8;1;0.0001;concept2;0.025961434;None;0.052654203;0.9740385413169861;10;3;128;128
8;2;0.0001;concept3;0.13471255;None;0.101297915;0.8652874231338501;10;3;128;128
9;0;0.0001;concept1;0.08046057;None;0.092424214;0.9195394515991211;10;3;128;128
9;1;0.0001;concept2;0.023239445;None;0.049511604;0.9767605662345886;10;3;128;128
9;2;0.0001;concept3;0.12476879;None;0.09480072;0.8752312064170837;10;3;128;128
10;0;0.0001;concept1;0.07658669;None;0.08892802;0.9234133362770081;10;3;128;128
10;1;0.0001;concept2;0.020718245;None;0.046382308;0.9792817831039429;10;3;128;128
10;2;0.0001;concept3;0.11759932;None;0.08949297;0.8824006915092468;10;3;128;128
11;0;0.0001;concept1;0.072785035;None;0.08546426;0.9272149801254272;10;3;128;128
11;1;0.0001;concept2;0.01849815;None;0.043448627;0.9815018773078918;10;3;128;128
11;2;0.0001;concept3;0.11163362;None;0.08501681;0.8883664011955261;10;3;128;128
12;0;0.0001;concept1;0.06896968;None;0.08204533;0.9310303330421448;10;3;128;128
12;1;0.0001;concept2;0.016580401;None;0.04072448;0.9834195971488953;10;3;128;128
12;2;0.0001;concept3;0.10719496;None;0.08182398;0.8928050398826599;10;3;128;128
13;0;0.0001;concept1;0.065393835;None;0.078800924;0.9346061944961548;10;3;128;128
13;1;0.0001;concept2;0.014875706;None;0.038202316;0.9851242899894714;10;3;128;128
13;2;0.0001;concept3;0.104149275;None;0.07969396;0.8958507180213928;10;3;128;128
14;0;0.0001;concept1;0.062014624;None;0.07572919;0.937985360622406;10;3;128;128
14;1;0.0001;concept2;0.013418115;None;0.035901252;0.9865818619728088;10;3;128;128
14;2;0.0001;concept3;0.1024422;None;0.07874939;0.89755779504776;10;3;128;128
15;0;0.0001;concept1;0.058991972;None;0.07289206;0.9410080313682556;10;3;128;128
15;1;0.0001;concept2;0.012185463;None;0.0338461;0.9878145456314087;10;3;128;128
15;2;0.0001;concept3;0.10049963;None;0.07811875;0.8995003700256348;10;3;128;128
16;0;0.0001;concept1;0.056066208;None;0.07012086;0.9439337849617004;10;3;128;128
16;1;0.0001;concept2;0.011194061;None;0.032175;0.9888059496879578;10;3;128;128
16;2;0.0001;concept3;0.100149356;None;0.07825795;0.8998506665229797;10;3;128;128
17;0;0.0001;concept1;0.05337277;None;0.06756842;0.9466272592544556;10;3;128;128
17;1;0.0001;concept2;0.010440178;None;0.030916112;0.9895598292350769;10;3;128;128
17;2;0.0001;concept3;0.098693274;None;0.07854546;0.9013067483901978;10;3;128;128
18;0;0.0001;concept1;0.050956473;None;0.06526056;0.9490435123443604;10;3;128;128
18;1;0.0001;concept2;0.009907493;None;0.030078853;0.9900925159454346;10;3;128;128
18;2;0.0001;concept3;0.09784135;None;0.07900784;0.9021586179733276;10;3;128;128
19;0;0.0001;concept1;0.04862717;None;0.06309795;0.9513728022575378;10;3;128;128
19;1;0.0001;concept2;0.009515166;None;0.029466322;0.9904848337173462;10;3;128;128
19;2;0.0001;concept3;0.09641823;None;0.0793492;0.9035817384719849;10;3;128;128
20;0;0.0001;concept1;0.046570636;None;0.06121743;0.9534293413162231;10;3;128;128
20;1;0.0001;concept2;0.009273288;None;0.029120605;0.9907267093658447;10;3;128;128
20;2;0.0001;concept3;0.09571892;None;0.0797685;0.9042810797691345;10;3;128;128
21;0;0.0001;concept1;0.04483702;None;0.059583917;0.9551630020141602;10;3;128;128
21;1;0.0001;concept2;0.009159744;None;0.029001996;0.9908402562141418;10;3;128;128
21;2;0.0001;concept3;0.09522814;None;0.080259405;0.9047718644142151;10;3;128;128
22;0;0.0001;concept1;0.043075565;None;0.05797164;0.9569244384765625;10;3;128;128
22;1;0.0001;concept2;0.009122818;None;0.029042607;0.9908772110939026;10;3;128;128
22;2;0.0001;concept3;0.094614536;None;0.08072122;0.9053854942321777;10;3;128;128
23;0;0.0001;concept1;0.041774895;None;0.056730844;0.9582251310348511;10;3;128;128
23;1;0.0001;concept2;0.009118453;None;0.029152825;0.9908815622329712;10;3;128;128
23;2;0.0001;concept3;0.092523366;None;0.080788046;0.9074766635894775;10;3;128;128
24;0;0.0001;concept1;0.04053811;None;0.05559845;0.9594618678092957;10;3;128;128
24;1;0.0001;concept2;0.00915844;None;0.02932335;0.9908415675163269;10;3;128;128
24;2;0.0001;concept3;0.090938166;None;0.08083917;0.909061849117279;10;3;128;128
25;0;0.0001;concept1;0.039365806;None;0.054547016;0.960634171962738;10;3;128;128
25;1;0.0001;concept2;0.009228717;None;0.02953525;0.9907712936401367;10;3;128;128
25;2;0.0001;concept3;0.089153476;None;0.08099226;0.9108465313911438;10;3;128;128
26;0;0.0001;concept1;0.038337953;None;0.053614974;0.9616620540618896;10;3;128;128
26;1;0.0001;concept2;0.009307721;None;0.029765194;0.9906922578811646;10;3;128;128
26;2;0.0001;concept3;0.08754574;None;0.080985114;0.9124542474746704;10;3;128;128
27;0;0.0001;concept1;0.03747962;None;0.052845836;0.9625203609466553;10;3;128;128
27;1;0.0001;concept2;0.009388743;None;0.029986065;0.9906112551689148;10;3;128;128
27;2;0.0001;concept3;0.085881636;None;0.08080024;0.9141183495521545;10;3;128;128
28;0;0.0001;concept1;0.036574334;None;0.05208216;0.9634256362915039;10;3;128;128
28;1;0.0001;concept2;0.009482805;None;0.030198162;0.9905171990394592;10;3;128;128
28;2;0.0001;concept3;0.084730074;None;0.08068571;0.9152699112892151;10;3;128;128
29;0;0.0001;concept1;0.03600725;None;0.051573753;0.9639927744865417;10;3;128;128
29;1;0.0001;concept2;0.009530957;None;0.030341955;0.9904690384864807;10;3;128;128
29;2;0.0001;concept3;0.083627835;None;0.0805029;0.9163721799850464;10;3;128;128
30;0;0.0001;concept1;0.03533853;None;0.0510008;0.9646614789962769;10;3;128;128
30;1;0.0001;concept2;0.00955301;None;0.03043156;0.9904469847679138;10;3;128;128
30;2;0.0001;concept3;0.08218743;None;0.080226086;0.9178125858306885;10;3;128;128
31;0;0.0001;concept1;0.034620684;None;0.05045416;0.9653792977333069;10;3;128;128
31;1;0.0001;concept2;0.009562071;None;0.030491713;0.990437924861908;10;3;128;128
31;2;0.0001;concept3;0.08155384;None;0.0803139;0.9184461832046509;10;3;128;128
32;0;0.0001;concept1;0.034047335;None;0.050025553;0.9659526348114014;10;3;128;128
32;1;0.0001;concept2;0.009613627;None;0.030607361;0.9903863668441772;10;3;128;128
32;2;0.0001;concept3;0.08133724;None;0.080466464;0.9186627864837646;10;3;128;128
33;0;0.0001;concept1;0.033531412;None;0.04963278;0.9664685726165771;10;3;128;128
33;1;0.0001;concept2;0.009624999;None;0.030646717;0.9903749823570251;10;3;128;128
33;2;0.0001;concept3;0.081093736;None;0.08034967;0.9189062714576721;10;3;128;128
34;0;0.0001;concept1;0.03308322;None;0.049294114;0.9669167995452881;10;3;128;128
34;1;0.0001;concept2;0.009614196;None;0.030654406;0.9903858304023743;10;3;128;128
34;2;0.0001;concept3;0.08109465;None;0.08057598;0.9189053773880005;10;3;128;128
35;0;0.0001;concept1;0.032477967;None;0.04886277;0.9675220251083374;10;3;128;128
35;1;0.0001;concept2;0.009591769;None;0.030643404;0.9904082417488098;10;3;128;128
35;2;0.0001;concept3;0.082961366;None;0.08171884;0.91703861951828;10;3;128;128
36;0;0.0001;concept1;0.03221256;None;0.048659436;0.9677874445915222;10;3;128;128
36;1;0.0001;concept2;0.0095650945;None;0.03062399;0.9904348850250244;10;3;128;128
36;2;0.0001;concept3;0.08412981;None;0.082492605;0.915870189666748;10;3;128;128
37;0;0.0001;concept1;0.031775557;None;0.04832998;0.9682244658470154;10;3;128;128
37;1;0.0001;concept2;0.009499006;None;0.030537479;0.9905009865760803;10;3;128;128
37;2;0.0001;concept3;0.084738694;None;0.08279133;0.9152613282203674;10;3;128;128
38;0;0.0001;concept1;0.031454217;None;0.048068624;0.9685457944869995;10;3;128;128
38;1;0.0001;concept2;0.00945189;None;0.030465221;0.9905481338500977;10;3;128;128
38;2;0.0001;concept3;0.08292247;None;0.08155077;0.9170775413513184;10;3;128;128
39;0;0.0001;concept1;0.030999638;None;0.047688596;0.9690003395080566;10;3;128;128
39;1;0.0001;concept2;0.009395571;None;0.030370431;0.9906044006347656;10;3;128;128
39;2;0.0001;concept3;0.081566036;None;0.080025345;0.9184339642524719;10;3;128;128
40;0;0.0001;concept1;0.030611655;None;0.047361776;0.9693883657455444;10;3;128;128
40;1;0.0001;concept2;0.009385566;None;0.030344859;0.9906144142150879;10;3;128;128
40;2;0.0001;concept3;0.08116378;None;0.07938342;0.918836236000061;10;3;128;128
41;0;0.0001;concept1;0.030242633;None;0.047088034;0.9697573781013489;10;3;128;128
41;1;0.0001;concept2;0.009321256;None;0.030237928;0.9906787276268005;10;3;128;128
41;2;0.0001;concept3;0.081453376;None;0.079401724;0.9185466170310974;10;3;128;128
42;0;0.0001;concept1;0.029938966;None;0.046824366;0.9700610637664795;10;3;128;128
42;1;0.0001;concept2;0.009279655;None;0.030166095;0.9907203316688538;10;3;128;128
42;2;0.0001;concept3;0.08168583;None;0.07961196;0.9183141589164734;10;3;128;128
43;0;0.0001;concept1;0.0296401;None;0.046581462;0.9703599214553833;10;3;128;128
43;1;0.0001;concept2;0.009223918;None;0.030068213;0.9907760620117188;10;3;128;128
43;2;0.0001;concept3;0.081717744;None;0.07928756;0.9182822704315186;10;3;128;128
44;0;0.0001;concept1;0.029299645;None;0.046317965;0.9707003831863403;10;3;128;128
44;1;0.0001;concept2;0.009171217;None;0.02997824;0.990828812122345;10;3;128;128
44;2;0.0001;concept3;0.08227973;None;0.07968939;0.9177202582359314;10;3;128;128
45;0;0.0001;concept1;0.029082181;None;0.046118535;0.970917820930481;10;3;128;128
45;1;0.0001;concept2;0.009086678;None;0.02983482;0.9909133315086365;10;3;128;128
45;2;0.0001;concept3;0.08232079;None;0.079461426;0.9176791906356812;10;3;128;128
46;0;0.0001;concept1;0.028752474;None;0.045818795;0.9712475538253784;10;3;128;128
46;1;0.0001;concept2;0.009050268;None;0.02976489;0.9909497499465942;10;3;128;128
46;2;0.0001;concept3;0.0827975;None;0.0797143;0.9172024726867676;10;3;128;128
47;0;0.0001;concept1;0.028466603;None;0.045608267;0.9715334177017212;10;3;128;128
47;1;0.0001;concept2;0.009007739;None;0.029695868;0.9909922480583191;10;3;128;128
47;2;0.0001;concept3;0.08236795;None;0.07905431;0.9176320433616638;10;3;128;128
48;0;0.0001;concept1;0.028104335;None;0.045312386;0.971895694732666;10;3;128;128
48;1;0.0001;concept2;0.008925679;None;0.029557599;0.9910743236541748;10;3;128;128
48;2;0.0001;concept3;0.08319405;None;0.079669155;0.9168059229850769;10;3;128;128
49;0;0.0001;concept1;0.027843423;None;0.045147046;0.9721565842628479;10;3;128;128
49;1;0.0001;concept2;0.008891373;None;0.029507367;0.9911086559295654;10;3;128;128
49;2;0.0001;concept3;0.083142705;None;0.079200916;0.9168573021888733;10;3;128;128
50;0;0.0001;concept3;0.08371293;None;0.07954831;0.9162870645523071;10;3;128;128
50;1;0.0001;concept1;0.027648542;None;0.04495864;0.9723514318466187;10;3;128;128
50;2;0.0001;concept2;0.008816426;None;0.02937411;0.9911835789680481;10;3;128;128
51;0;0.0001;concept3;0.08456908;None;0.08001023;0.9154309034347534;10;3;128;128
51;1;0.0001;concept1;0.02745692;None;0.044767413;0.9725430607795715;10;3;128;128
51;2;0.0001;concept2;0.0087758945;None;0.029300774;0.9912241101264954;10;3;128;128
52;0;0.0001;concept3;0.08452163;None;0.07964525;0.9154783487319946;10;3;128;128
52;1;0.0001;concept1;0.027227111;None;0.044591617;0.9727728962898254;10;3;128;128
52;2;0.0001;concept2;0.008688419;None;0.02914818;0.9913116097450256;10;3;128;128
53;0;0.0001;concept3;0.08559766;None;0.080000535;0.9144023656845093;10;3;128;128
53;1;0.0001;concept1;0.026997237;None;0.04442622;0.9730027914047241;10;3;128;128
53;2;0.0001;concept2;0.008618255;None;0.029028472;0.9913817644119263;10;3;128;128
54;0;0.0001;concept3;0.088399544;None;0.081568226;0.9116004705429077;10;3;128;128
54;1;0.0001;concept1;0.026815573;None;0.044293977;0.9731844067573547;10;3;128;128
54;2;0.0001;concept2;0.008548098;None;0.028900279;0.9914519190788269;10;3;128;128
55;0;0.0001;concept3;0.0849925;None;0.07911711;0.915007472038269;10;3;128;128
55;1;0.0001;concept1;0.02667243;None;0.044185776;0.9733275771141052;10;3;128;128
55;2;0.0001;concept2;0.008447442;None;0.028726846;0.9915525317192078;10;3;128;128
56;0;0.0001;concept3;0.09182224;None;0.08282418;0.9081777334213257;10;3;128;128
56;1;0.0001;concept1;0.026477521;None;0.044031233;0.9735224843025208;10;3;128;128
56;2;0.0001;concept2;0.008382194;None;0.028606119;0.9916177988052368;10;3;128;128
57;0;0.0001;concept3;0.087576695;None;0.08023409;0.912423312664032;10;3;128;128
57;1;0.0001;concept1;0.026487289;None;0.044012133;0.9735127091407776;10;3;128;128
57;2;0.0001;concept2;0.008288945;None;0.0284473;0.9917110800743103;10;3;128;128
58;0;0.0001;concept3;0.091756664;None;0.08234259;0.9082433581352234;10;3;128;128
58;1;0.0001;concept1;0.02628287;None;0.043798503;0.9737171530723572;10;3;128;128
58;2;0.0001;concept2;0.008241763;None;0.028366497;0.9917582273483276;10;3;128;128
59;0;0.0001;concept3;0.0881628;None;0.08013209;0.9118372201919556;10;3;128;128
59;1;0.0001;concept1;0.02630256;None;0.04379253;0.9736974239349365;10;3;128;128
59;2;0.0001;concept2;0.008160083;None;0.02823433;0.9918399453163147;10;3;128;128
60;0;0.0001;concept3;0.09650621;None;0.084380224;0.9034937620162964;10;3;128;128
60;1;0.0001;concept1;0.026057223;None;0.043548144;0.973942756652832;10;3;128;128
60;2;0.0001;concept2;0.008112896;None;0.02814392;0.991887092590332;10;3;128;128
61;0;0.0001;concept3;0.08551828;None;0.07802506;0.9144816994667053;10;3;128;128
61;1;0.0001;concept1;0.025928408;None;0.04345753;0.9740716218948364;10;3;128;128
61;2;0.0001;concept2;0.008000447;None;0.027971368;0.9919995665550232;10;3;128;128
62;0;0.0001;concept3;0.09967454;None;0.08536348;0.9003254771232605;10;3;128;128
62;1;0.0001;concept1;0.025785798;None;0.043324858;0.9742141962051392;10;3;128;128
62;2;0.0001;concept2;0.0079608755;None;0.027890373;0.992039144039154;10;3;128;128
63;0;0.0001;concept3;0.084728226;None;0.076725595;0.9152717590332031;10;3;128;128
63;1;0.0001;concept1;0.025658945;None;0.04320586;0.9743410348892212;10;3;128;128
63;2;0.0001;concept2;0.007839214;None;0.027705856;0.9921607971191406;10;3;128;128
64;0;0.0001;concept3;0.10235147;None;0.086084396;0.8976485133171082;10;3;128;128
64;1;0.0001;concept1;0.025470555;None;0.043078937;0.9745294451713562;10;3;128;128
64;2;0.0001;concept2;0.007836342;None;0.027686412;0.9921636581420898;10;3;128;128
65;0;0.0001;concept3;0.08597011;None;0.07747754;0.9140298962593079;10;3;128;128
65;1;0.0001;concept1;0.025232771;None;0.04286448;0.9747672080993652;10;3;128;128
65;2;0.0001;concept2;0.0077310535;None;0.027509823;0.9922689199447632;10;3;128;128
66;0;0.0001;concept3;0.10354892;None;0.08618506;0.8964511156082153;10;3;128;128
66;1;0.0001;concept1;0.025297066;None;0.042883743;0.9747029542922974;10;3;128;128
66;2;0.0001;concept2;0.0076890322;None;0.027451245;0.9923109412193298;10;3;128;128
67;0;0.0001;concept3;0.08509222;None;0.07643167;0.9149078130722046;10;3;128;128
67;1;0.0001;concept1;0.025055327;None;0.042719603;0.9749446511268616;10;3;128;128
67;2;0.0001;concept2;0.0075981785;None;0.027307322;0.9924018383026123;10;3;128;128
68;0;0.0001;concept3;0.11040914;None;0.08854191;0.889590859413147;10;3;128;128
68;1;0.0001;concept1;0.024786681;None;0.04248851;0.975213348865509;10;3;128;128
68;2;0.0001;concept2;0.0075289137;None;0.027192451;0.9924710988998413;10;3;128;128
69;0;0.0001;concept3;0.0854626;None;0.0763323;0.9145374298095703;10;3;128;128
69;1;0.0001;concept1;0.024775349;None;0.04247747;0.9752246737480164;10;3;128;128
69;2;0.0001;concept2;0.0074659316;None;0.027073685;0.9925340414047241;10;3;128;128
70;0;0.0001;concept3;0.10144633;None;0.084688686;0.8985536694526672;10;3;128;128
70;1;0.0001;concept1;0.024503404;None;0.042220466;0.9754965901374817;10;3;128;128
70;2;0.0001;concept2;0.00739307;None;0.026966771;0.9926069378852844;10;3;128;128
71;0;0.0001;concept3;0.08763661;None;0.077611946;0.9123634099960327;10;3;128;128
71;1;0.0001;concept1;0.024364429;None;0.042092647;0.9756355881690979;10;3;128;128
71;2;0.0001;concept2;0.007323415;None;0.026839672;0.9926765561103821;10;3;128;128
72;0;0.0001;concept3;0.10378856;None;0.085448906;0.8962114453315735;10;3;128;128
72;1;0.0001;concept1;0.02421778;None;0.041942026;0.9757822155952454;10;3;128;128
72;2;0.0001;concept2;0.007267478;None;0.026742857;0.9927325248718262;10;3;128;128
73;0;0.0001;concept3;0.087673165;None;0.07724518;0.9123268127441406;10;3;128;128
73;1;0.0001;concept1;0.024161758;None;0.041893266;0.9758382439613342;10;3;128;128
73;2;0.0001;concept2;0.0071881544;None;0.026612012;0.9928118586540222;10;3;128;128
74;0;0.0001;concept3;0.10638955;None;0.08599002;0.8936104774475098;10;3;128;128
74;1;0.0001;concept1;0.023963032;None;0.041699853;0.9760369658470154;10;3;128;128
74;2;0.0001;concept2;0.007148237;None;0.026549742;0.992851734161377;10;3;128;128
75;0;0.0001;concept3;0.08848748;None;0.07722073;0.9115124940872192;10;3;128;128
75;1;0.0001;concept1;0.02379639;None;0.041526653;0.9762036204338074;10;3;128;128
75;2;0.0001;concept2;0.007067105;None;0.026417488;0.992932915687561;10;3;128;128
76;0;0.0001;concept3;0.10516872;None;0.08509677;0.8948312997817993;10;3;128;128
76;1;0.0001;concept1;0.023687834;None;0.041437585;0.9763121604919434;10;3;128;128
76;2;0.0001;concept2;0.0070310323;None;0.026352031;0.9929689764976501;10;3;128;128
77;0;0.0001;concept3;0.088976525;None;0.077108204;0.9110234975814819;10;3;128;128
77;1;0.0001;concept1;0.023645693;None;0.04137443;0.9763543009757996;10;3;128;128
77;2;0.0001;concept2;0.0069583226;None;0.026229426;0.9930416941642761;10;3;128;128
78;0;0.0001;concept3;0.10288116;None;0.0837375;0.8971188068389893;10;3;128;128
78;1;0.0001;concept1;0.023642974;None;0.041347716;0.9763570427894592;10;3;128;128
78;2;0.0001;concept2;0.0069247624;None;0.026164394;0.9930752515792847;10;3;128;128
79;0;0.0001;concept3;0.0885885;None;0.076392904;0.9114115238189697;10;3;128;128
79;1;0.0001;concept1;0.02346124;None;0.041173827;0.9765387773513794;10;3;128;128
79;2;0.0001;concept2;0.006859485;None;0.026056552;0.9931405186653137;10;3;128;128
80;0;0.0001;concept3;0.103549264;None;0.083819635;0.8964507579803467;10;3;128;128
80;1;0.0001;concept1;0.023322266;None;0.04103114;0.9766777157783508;10;3;128;128
80;2;0.0001;concept2;0.0068157543;None;0.025982238;0.9931842684745789;10;3;128;128
81;0;0.0001;concept3;0.09060096;None;0.07737833;0.9093990325927734;10;3;128;128
81;1;0.0001;concept1;0.023274552;None;0.040982;0.9767254590988159;10;3;128;128
81;2;0.0001;concept2;0.006739184;None;0.025852354;0.9932608008384705;10;3;128;128
82;0;0.0001;concept3;0.09797132;None;0.08121615;0.9020286798477173;10;3;128;128
82;1;0.0001;concept1;0.02314704;None;0.04088581;0.9768529534339905;10;3;128;128
82;2;0.0001;concept2;0.006707332;None;0.025804246;0.9932926893234253;10;3;128;128
83;0;0.0001;concept3;0.093432896;None;0.07878472;0.9065670967102051;10;3;128;128
83;1;0.0001;concept1;0.023045983;None;0.04078551;0.9769540429115295;10;3;128;128
83;2;0.0001;concept2;0.0066664633;None;0.025732057;0.9933335185050964;10;3;128;128
84;0;0.0001;concept3;0.099808104;None;0.08197685;0.9001919031143188;10;3;128;128
84;1;0.0001;concept1;0.023088535;None;0.040821034;0.9769114851951599;10;3;128;128
84;2;0.0001;concept2;0.006631276;None;0.025669243;0.9933687448501587;10;3;128;128
85;0;0.0001;concept3;0.094016165;None;0.07887234;0.9059838056564331;10;3;128;128
85;1;0.0001;concept1;0.022943126;None;0.04068216;0.9770568609237671;10;3;128;128
85;2;0.0001;concept2;0.0065959855;None;0.025614645;0.9934040307998657;10;3;128;128
86;0;0.0001;concept3;0.09778953;None;0.08078358;0.9022104740142822;10;3;128;128
86;1;0.0001;concept1;0.022855429;None;0.04056929;0.9771445989608765;10;3;128;128
86;2;0.0001;concept2;0.0065474384;None;0.02552611;0.9934525489807129;10;3;128;128
87;0;0.0001;concept3;0.09198235;None;0.077510156;0.908017635345459;10;3;128;128
87;1;0.0001;concept1;0.022637434;None;0.040392365;0.9773625731468201;10;3;128;128
87;2;0.0001;concept2;0.006509864;None;0.025480913;0.9934901595115662;10;3;128;128
88;0;0.0001;concept3;0.10045323;None;0.08156534;0.89954674243927;10;3;128;128
88;1;0.0001;concept1;0.022504773;None;0.040266916;0.9774952530860901;10;3;128;128
88;2;0.0001;concept2;0.006470026;None;0.02541069;0.9935299754142761;10;3;128;128
89;0;0.0001;concept3;0.0920018;None;0.077354096;0.9079982042312622;10;3;128;128
89;1;0.0001;concept1;0.022510357;None;0.040288754;0.9774896502494812;10;3;128;128
89;2;0.0001;concept2;0.0064296257;None;0.025339153;0.9935703873634338;10;3;128;128
90;0;0.0001;concept3;0.09449266;None;0.07851126;0.9055073261260986;10;3;128;128
90;1;0.0001;concept1;0.022331735;None;0.04012543;0.977668285369873;10;3;128;128
90;2;0.0001;concept2;0.0064081573;None;0.025292972;0.993591845035553;10;3;128;128
91;0;0.0001;concept3;0.09097371;None;0.07637897;0.9090262651443481;10;3;128;128
91;1;0.0001;concept1;0.022255074;None;0.04005608;0.9777449369430542;10;3;128;128
91;2;0.0001;concept2;0.0063654133;None;0.025210744;0.9936345815658569;10;3;128;128
92;0;0.0001;concept3;0.08978777;None;0.07548951;0.9102122187614441;10;3;128;128
92;1;0.0001;concept1;0.022093197;None;0.03995265;0.9779068231582642;10;3;128;128
92;2;0.0001;concept2;0.0063488097;None;0.025175644;0.9936512112617493;10;3;128;128
93;0;0.0001;concept3;0.089545585;None;0.07525214;0.9104543924331665;10;3;128;128
93;1;0.0001;concept1;0.022035835;None;0.03988743;0.9779641628265381;10;3;128;128
93;2;0.0001;concept2;0.0063362885;None;0.025146041;0.9936637282371521;10;3;128;128
94;0;0.0001;concept3;0.08955741;None;0.07515564;0.910442590713501;10;3;128;128
94;1;0.0001;concept1;0.021920735;None;0.03977832;0.9780792593955994;10;3;128;128
94;2;0.0001;concept2;0.0063179205;None;0.025108933;0.9936820864677429;10;3;128;128
95;0;0.0001;concept3;0.08958197;None;0.07514771;0.9104180335998535;10;3;128;128
95;1;0.0001;concept1;0.021909699;None;0.039762534;0.9780902862548828;10;3;128;128
95;2;0.0001;concept2;0.006312277;None;0.025094705;0.9936877489089966;10;3;128;128
96;0;0.0001;concept3;0.08901129;None;0.074555695;0.9109886884689331;10;3;128;128
96;1;0.0001;concept1;0.021957539;None;0.03975335;0.978042483329773;10;3;128;128
96;2;0.0001;concept2;0.0062848707;None;0.025048776;0.9937151074409485;10;3;128;128
97;0;0.0001;concept3;0.089884035;None;0.07495797;0.9101159572601318;10;3;128;128
97;1;0.0001;concept1;0.022006212;None;0.039751135;0.9779937863349915;10;3;128;128
97;2;0.0001;concept2;0.0063111098;None;0.0251045;0.9936888813972473;10;3;128;128
98;0;0.0001;concept3;0.092320636;None;0.07644838;0.9076793789863586;10;3;128;128
98;1;0.0001;concept1;0.022116907;None;0.03982243;0.9778831005096436;10;3;128;128
98;2;0.0001;concept2;0.0062897564;None;0.025055038;0.9937102198600769;10;3;128;128
99;0;0.0001;concept3;0.08834712;None;0.0739522;0.9116528630256653;10;3;128;128
99;1;0.0001;concept1;0.022101073;None;0.03979947;0.9778989553451538;10;3;128;128
99;2;0.0001;concept2;0.006263609;None;0.0249943;0.9937363862991333;10;3;128;128
100;0;0.0001;concept3;0.09034522;None;0.075015925;0.9096547961235046;10;3;128;128
100;1;0.0001;concept1;0.022144234;None;0.039833244;0.9778557419776917;10;3;128;128
100;2;0.0001;concept2;0.006247206;None;0.024962157;0.9937527775764465;10;3;128;128
101;0;0.0001;concept3;0.08964167;None;0.07439703;0.9103583097457886;10;3;128;128
101;1;0.0001;concept1;0.02214794;None;0.039805364;0.9778520464897156;10;3;128;128
101;2;0.0001;concept2;0.0062404987;None;0.024954384;0.9937595129013062;10;3;128;128
102;0;0.0001;concept3;0.0892068;None;0.074026264;0.9107931852340698;10;3;128;128
102;1;0.0001;concept1;0.022196908;None;0.039819203;0.977803111076355;10;3;128;128
102;2;0.0001;concept2;0.0062273666;None;0.024925873;0.9937726259231567;10;3;128;128
103;0;0.0001;concept3;0.08891786;None;0.07371872;0.9110821485519409;10;3;128;128
103;1;0.0001;concept1;0.022096746;None;0.039704487;0.9779032468795776;10;3;128;128
103;2;0.0001;concept2;0.006226829;None;0.024933055;0.9937731623649597;10;3;128;128
104;0;0.0001;concept3;0.08871752;None;0.073481284;0.911282479763031;10;3;128;128
104;1;0.0001;concept1;0.022043377;None;0.03966017;0.9779566526412964;10;3;128;128
104;2;0.0001;concept2;0.0062271473;None;0.024935702;0.9937728643417358;10;3;128;128
105;0;0.0001;concept3;0.089172035;None;0.07375748;0.9108279347419739;10;3;128;128
105;1;0.0001;concept1;0.022102682;None;0.039666984;0.9778973460197449;10;3;128;128
105;2;0.0001;concept2;0.006247597;None;0.024971709;0.9937524199485779;10;3;128;128
106;0;0.0001;concept3;0.09018096;None;0.07430947;0.9098190069198608;10;3;128;128
106;1;0.0001;concept1;0.022126852;None;0.039681345;0.9778731465339661;10;3;128;128
106;2;0.0001;concept2;0.006259272;None;0.02500344;0.9937407374382019;10;3;128;128
107;0;0.0001;concept3;0.09136894;None;0.075182356;0.9086310267448425;10;3;128;128
107;1;0.0001;concept1;0.022094952;None;0.039635003;0.9779050350189209;10;3;128;128
107;2;0.0001;concept2;0.0062472457;None;0.024982726;0.9937527775764465;10;3;128;128
108;0;0.0001;concept3;0.09276478;None;0.07595062;0.9072352051734924;10;3;128;128
108;1;0.0001;concept1;0.022179604;None;0.039680123;0.9778203964233398;10;3;128;128
108;2;0.0001;concept2;0.006234849;None;0.024955925;0.9937651753425598;10;3;128;128
109;0;0.0001;concept3;0.09021351;None;0.074566714;0.9097864627838135;10;3;128;128
109;1;0.0001;concept1;0.02215885;None;0.039643746;0.9778411388397217;10;3;128;128
109;2;0.0001;concept2;0.0062132007;None;0.024909882;0.9937868118286133;10;3;128;128
110;0;0.0001;concept3;0.08967219;None;0.07414067;0.9103277921676636;10;3;128;128
110;1;0.0001;concept1;0.022143224;None;0.039618295;0.9778567552566528;10;3;128;128
110;2;0.0001;concept2;0.0062139514;None;0.024909347;0.9937860369682312;10;3;128;128
111;0;0.0001;concept3;0.0906539;None;0.07469612;0.9093461036682129;10;3;128;128
111;1;0.0001;concept1;0.022184407;None;0.03962274;0.977815568447113;10;3;128;128
111;2;0.0001;concept2;0.006207829;None;0.024898166;0.9937921762466431;10;3;128;128
112;0;0.0001;concept3;0.09047767;None;0.074544914;0.9095223546028137;10;3;128;128
112;1;0.0001;concept1;0.022202235;None;0.03963408;0.9777977466583252;10;3;128;128
112;2;0.0001;concept2;0.0061987066;None;0.024878671;0.9938012957572937;10;3;128;128
113;0;0.0001;concept3;0.09374298;None;0.076219365;0.9062570333480835;10;3;128;128
113;1;0.0001;concept1;0.02225648;None;0.03964951;0.9777435064315796;10;3;128;128
113;2;0.0001;concept2;0.0061936085;None;0.024865141;0.9938063621520996;10;3;128;128
114;0;0.0001;concept3;0.08893963;None;0.07340662;0.9110603332519531;10;3;128;128
114;1;0.0001;concept1;0.022268372;None;0.03966096;0.9777316451072693;10;3;128;128
114;2;0.0001;concept2;0.0061761187;None;0.024838269;0.9938238859176636;10;3;128;128
115;0;0.0001;concept3;0.0941188;None;0.0764492;0.9058812260627747;10;3;128;128
115;1;0.0001;concept1;0.022288615;None;0.039652444;0.9777113795280457;10;3;128;128
115;2;0.0001;concept2;0.006177521;None;0.024844898;0.993822455406189;10;3;128;128
116;0;0.0001;concept3;0.08910573;None;0.07330152;0.9108942747116089;10;3;128;128
116;1;0.0001;concept1;0.022195278;None;0.039583225;0.9778047204017639;10;3;128;128
116;2;0.0001;concept2;0.0061724647;None;0.0248443;0.9938275218009949;10;3;128;128
117;0;0.0001;concept3;0.09235899;None;0.07521892;0.9076409935951233;10;3;128;128
117;1;0.0001;concept1;0.022215053;None;0.03958165;0.9777849316596985;10;3;128;128
117;2;0.0001;concept2;0.006152474;None;0.024808072;0.9938475489616394;10;3;128;128
118;0;0.0001;concept3;0.088837735;None;0.07299427;0.911162257194519;10;3;128;128
118;1;0.0001;concept1;0.022199009;None;0.039557427;0.9778009653091431;10;3;128;128
118;2;0.0001;concept2;0.0061539756;None;0.024822518;0.9938459992408752;10;3;128;128
119;0;0.0001;concept3;0.09072596;None;0.074082136;0.9092740416526794;10;3;128;128
119;1;0.0001;concept1;0.022089235;None;0.039454076;0.9779107570648193;10;3;128;128
119;2;0.0001;concept2;0.006130654;None;0.024783012;0.9938693642616272;10;3;128;128
120;0;0.0001;concept3;0.08915291;None;0.07314087;0.9108470678329468;10;3;128;128
120;1;0.0001;concept1;0.022077138;None;0.03941745;0.9779228568077087;10;3;128;128
120;2;0.0001;concept2;0.006155825;None;0.024844969;0.9938441514968872;10;3;128;128
121;0;0.0001;concept3;0.08906433;None;0.072935954;0.910935640335083;10;3;128;128
121;1;0.0001;concept1;0.021987084;None;0.039346803;0.9780129194259644;10;3;128;128
121;2;0.0001;concept2;0.0061348295;None;0.024808057;0.9938651919364929;10;3;128;128
122;0;0.0001;concept3;0.08990723;None;0.073450945;0.9100927710533142;10;3;128;128
122;1;0.0001;concept1;0.021990657;None;0.039341792;0.9780093431472778;10;3;128;128
122;2;0.0001;concept2;0.0061122207;None;0.024775641;0.9938877820968628;10;3;128;128
123;0;0.0001;concept3;0.09368081;None;0.07565157;0.9063192009925842;10;3;128;128
123;1;0.0001;concept1;0.021902464;None;0.039234214;0.9780975580215454;10;3;128;128
123;2;0.0001;concept2;0.0061093597;None;0.02477574;0.993890643119812;10;3;128;128
124;0;0.0001;concept3;0.08794834;None;0.07196925;0.9120516777038574;10;3;128;128
124;1;0.0001;concept1;0.021838859;None;0.039184105;0.9781611561775208;10;3;128;128
124;2;0.0001;concept2;0.0060981116;None;0.024762515;0.9939019083976746;10;3;128;128
125;0;0.0001;concept3;0.09136246;None;0.07411022;0.908637523651123;10;3;128;128
125;1;0.0001;concept1;0.021807134;None;0.039170586;0.9781928658485413;10;3;128;128
125;2;0.0001;concept2;0.00607632;None;0.024712784;0.9939236640930176;10;3;128;128
126;0;0.0001;concept3;0.08784319;None;0.07170223;0.9121568202972412;10;3;128;128
126;1;0.0001;concept1;0.021732084;None;0.039103962;0.9782679080963135;10;3;128;128
126;2;0.0001;concept2;0.006068586;None;0.02469961;0.9939314126968384;10;3;128;128
127;0;0.0001;concept3;0.08846018;None;0.07203072;0.9115397930145264;10;3;128;128
127;1;0.0001;concept1;0.02163421;None;0.039026283;0.9783657789230347;10;3;128;128
127;2;0.0001;concept2;0.0060490496;None;0.0246573;0.9939509630203247;10;3;128;128
128;0;0.0001;concept3;0.08713236;None;0.07100459;0.9128676652908325;10;3;128;128
128;1;0.0001;concept1;0.021558702;None;0.03895093;0.9784412980079651;10;3;128;128
128;2;0.0001;concept2;0.0060556633;None;0.024670133;0.9939443469047546;10;3;128;128
129;0;0.0001;concept3;0.088652946;None;0.0719228;0.9113470315933228;10;3;128;128
129;1;0.0001;concept1;0.021594007;None;0.038960766;0.9784060120582581;10;3;128;128
129;2;0.0001;concept2;0.006071626;None;0.024711384;0.9939283728599548;10;3;128;128
130;0;0.0001;concept3;0.08875605;None;0.071992286;0.9112439751625061;10;3;128;128
130;1;0.0001;concept1;0.021653492;None;0.039016407;0.9783465266227722;10;3;128;128
130;2;0.0001;concept2;0.006077577;None;0.024737563;0.9939224123954773;10;3;128;128
131;0;0.0001;concept3;0.08935012;None;0.07221692;0.9106498956680298;10;3;128;128
131;1;0.0001;concept1;0.021667164;None;0.039019626;0.9783328175544739;10;3;128;128
131;2;0.0001;concept2;0.006079066;None;0.024751797;0.9939209222793579;10;3;128;128
132;0;0.0001;concept3;0.08876385;None;0.07181462;0.9112361669540405;10;3;128;128
132;1;0.0001;concept1;0.02160466;None;0.038965885;0.9783953428268433;10;3;128;128
132;2;0.0001;concept2;0.0060688476;None;0.024736771;0.9939311742782593;10;3;128;128
133;0;0.0001;concept3;0.08955196;None;0.07228695;0.9104480147361755;10;3;128;128
133;1;0.0001;concept1;0.021698622;None;0.039050557;0.9783014059066772;10;3;128;128
133;2;0.0001;concept2;0.0060723783;None;0.024747355;0.9939275979995728;10;3;128;128
134;0;0.0001;concept3;0.08764935;None;0.070937626;0.9123506546020508;10;3;128;128
134;1;0.0001;concept1;0.021684576;None;0.039021783;0.9783154129981995;10;3;128;128
134;2;0.0001;concept2;0.0060739145;None;0.024746;0.9939261078834534;10;3;128;128
135;0;0.0001;concept3;0.08763827;None;0.07086318;0.912361741065979;10;3;128;128
135;1;0.0001;concept1;0.021621432;None;0.03895662;0.9783785939216614;10;3;128;128
135;2;0.0001;concept2;0.006097262;None;0.02479707;0.9939027428627014;10;3;128;128
136;0;0.0001;concept3;0.09042461;None;0.07263782;0.9095754027366638;10;3;128;128
136;1;0.0001;concept1;0.021636356;None;0.038949788;0.9783636331558228;10;3;128;128
136;2;0.0001;concept2;0.0060698306;None;0.024749741;0.9939301609992981;10;3;128;128
137;0;0.0001;concept3;0.08972488;None;0.07202635;0.9102751016616821;10;3;128;128
137;1;0.0001;concept1;0.021752153;None;0.039044376;0.9782478213310242;10;3;128;128
137;2;0.0001;concept2;0.006071409;None;0.024759965;0.9939286112785339;10;3;128;128
138;0;0.0001;concept3;0.09380223;None;0.07416981;0.9061977863311768;10;3;128;128
138;1;0.0001;concept1;0.021771438;None;0.03906968;0.9782285690307617;10;3;128;128
138;2;0.0001;concept2;0.0060402863;None;0.024701694;0.9939597249031067;10;3;128;128
139;0;0.0001;concept3;0.09060989;None;0.07242687;0.9093900918960571;10;3;128;128
139;1;0.0001;concept1;0.021839177;None;0.03913277;0.9781607985496521;10;3;128;128
139;2;0.0001;concept2;0.0060371323;None;0.024698125;0.9939628839492798;10;3;128;128
140;0;0.0001;concept3;0.09221703;None;0.0730974;0.9077829718589783;10;3;128;128
140;1;0.0001;concept1;0.021949843;None;0.03924003;0.978050172328949;10;3;128;128
140;2;0.0001;concept2;0.00600381;None;0.024634786;0.9939962029457092;10;3;128;128
141;0;0.0001;concept3;0.09570728;None;0.07482349;0.9042927026748657;10;3;128;128
141;1;0.0001;concept1;0.021988444;None;0.03926879;0.9780115485191345;10;3;128;128
141;2;0.0001;concept2;0.005989147;None;0.02460376;0.994010865688324;10;3;128;128
142;0;0.0001;concept3;0.088918224;None;0.07108144;0.9110817909240723;10;3;128;128
142;1;0.0001;concept1;0.022035297;None;0.03931019;0.9779646992683411;10;3;128;128
142;2;0.0001;concept2;0.0059736604;None;0.024578037;0.9940263628959656;10;3;128;128
143;0;0.0001;concept3;0.09920639;None;0.07623051;0.9007936120033264;10;3;128;128
143;1;0.0001;concept1;0.022041962;None;0.039312962;0.9779580235481262;10;3;128;128
143;2;0.0001;concept2;0.005929952;None;0.024488205;0.9940700531005859;10;3;128;128
144;0;0.0001;concept3;0.08756875;None;0.07021355;0.9124312400817871;10;3;128;128
144;1;0.0001;concept1;0.022129701;None;0.03937985;0.9778702855110168;10;3;128;128
144;2;0.0001;concept2;0.005943901;None;0.02451825;0.9940561056137085;10;3;128;128
145;0;0.0001;concept3;0.0940476;None;0.07375649;0.9059523940086365;10;3;128;128
145;1;0.0001;concept1;0.022127254;None;0.03937188;0.9778727293014526;10;3;128;128
145;2;0.0001;concept2;0.0058912085;None;0.024406077;0.9941087961196899;10;3;128;128
146;0;0.0001;concept3;0.090040386;None;0.07150054;0.909959614276886;10;3;128;128
146;1;0.0001;concept1;0.022167897;None;0.03940899;0.9778320789337158;10;3;128;128
146;2;0.0001;concept2;0.005910181;None;0.024448529;0.9940898418426514;10;3;128;128
147;0;0.0001;concept3;0.090962656;None;0.07196602;0.9090373516082764;10;3;128;128
147;1;0.0001;concept1;0.022265099;None;0.039474722;0.9777349233627319;10;3;128;128
147;2;0.0001;concept2;0.0058755414;None;0.024378423;0.9941244721412659;10;3;128;128
148;0;0.0001;concept3;0.09094663;None;0.071915194;0.909053385257721;10;3;128;128
148;1;0.0001;concept1;0.022204002;None;0.03941912;0.9777960181236267;10;3;128;128
148;2;0.0001;concept2;0.0058639213;None;0.02435385;0.9941360950469971;10;3;128;128
149;0;0.0001;concept3;0.09530519;None;0.07416858;0.9046947956085205;10;3;128;128
149;1;0.0001;concept1;0.022368556;None;0.0395344;0.9776314496994019;10;3;128;128
149;2;0.0001;concept2;0.0058349157;None;0.024296755;0.9941650629043579;10;3;128;128
150;0;0.0001;concept1;0.022381047;None;0.039542854;0.977618932723999;10;3;128;128
150;1;0.0001;concept2;0.0058365366;None;0.024308212;0.994163453578949;10;3;128;128
150;2;0.0001;concept3;0.09132352;None;0.07225917;0.9086765050888062;10;3;128;128
151;0;0.0001;concept1;0.022426687;None;0.039579347;0.9775733351707458;10;3;128;128
151;1;0.0001;concept2;0.005814916;None;0.024262996;0.9941850900650024;10;3;128;128
151;2;0.0001;concept3;0.090982154;None;0.07186726;0.9090178608894348;10;3;128;128
152;0;0.0001;concept1;0.022500904;None;0.03962933;0.9774990677833557;10;3;128;128
152;1;0.0001;concept2;0.0057669245;None;0.024158755;0.9942330718040466;10;3;128;128
152;2;0.0001;concept3;0.09288208;None;0.07285858;0.9071179032325745;10;3;128;128
153;0;0.0001;concept1;0.022484567;None;0.039609056;0.977515459060669;10;3;128;128
153;1;0.0001;concept2;0.0057698707;None;0.024167974;0.9942301511764526;10;3;128;128
153;2;0.0001;concept3;0.0910611;None;0.07191239;0.9089388847351074;10;3;128;128
154;0;0.0001;concept1;0.022442602;None;0.03957489;0.9775574207305908;10;3;128;128
154;1;0.0001;concept2;0.0057398756;None;0.024100913;0.9942601323127747;10;3;128;128
154;2;0.0001;concept3;0.09422872;None;0.07347954;0.9057712554931641;10;3;128;128
155;0;0.0001;concept1;0.02234028;None;0.039501563;0.9776597023010254;10;3;128;128
155;1;0.0001;concept2;0.0057231914;None;0.024068063;0.9942768216133118;10;3;128;128
155;2;0.0001;concept3;0.09125307;None;0.0718844;0.9087469577789307;10;3;128;128
156;0;0.0001;concept1;0.022471923;None;0.03959721;0.9775280952453613;10;3;128;128
156;1;0.0001;concept2;0.005718629;None;0.024056826;0.9942813515663147;10;3;128;128
156;2;0.0001;concept3;0.091714695;None;0.072039984;0.9082853198051453;10;3;128;128
157;0;0.0001;concept1;0.022506388;None;0.03960876;0.9774935841560364;10;3;128;128
157;1;0.0001;concept2;0.0056644697;None;0.023946023;0.9943355321884155;10;3;128;128
157;2;0.0001;concept3;0.093038864;None;0.0725968;0.9069611430168152;10;3;128;128
158;0;0.0001;concept1;0.022536296;None;0.03963379;0.9774637222290039;10;3;128;128
158;1;0.0001;concept2;0.0056349398;None;0.023881309;0.9943650364875793;10;3;128;128
158;2;0.0001;concept3;0.09222091;None;0.07219668;0.9077790975570679;10;3;128;128
159;0;0.0001;concept1;0.022566808;None;0.03965606;0.9774332046508789;10;3;128;128
159;1;0.0001;concept2;0.005593709;None;0.0237987;0.9944062829017639;10;3;128;128
159;2;0.0001;concept3;0.092359975;None;0.07244257;0.9076400399208069;10;3;128;128
160;0;0.0001;concept1;0.022577768;None;0.039677165;0.9774222373962402;10;3;128;128
160;1;0.0001;concept2;0.0056108385;None;0.023833718;0.9943891763687134;10;3;128;128
160;2;0.0001;concept3;0.09239927;None;0.07242551;0.9076007008552551;10;3;128;128
161;0;0.0001;concept1;0.02252557;None;0.039622236;0.9774744510650635;10;3;128;128
161;1;0.0001;concept2;0.0055623353;None;0.023734506;0.9944376945495605;10;3;128;128
161;2;0.0001;concept3;0.092353;None;0.072308585;0.9076470136642456;10;3;128;128
162;0;0.0001;concept1;0.022507258;None;0.039598644;0.9774927496910095;10;3;128;128
162;1;0.0001;concept2;0.0055716163;None;0.023750305;0.9944283962249756;10;3;128;128
162;2;0.0001;concept3;0.0923555;None;0.07248655;0.907644510269165;10;3;128;128
163;0;0.0001;concept1;0.022584407;None;0.039674673;0.9774156212806702;10;3;128;128
163;1;0.0001;concept2;0.0055602104;None;0.023731371;0.9944397807121277;10;3;128;128
163;2;0.0001;concept3;0.091192454;None;0.07179507;0.9088075160980225;10;3;128;128
164;0;0.0001;concept1;0.022563757;None;0.03964801;0.9774362444877625;10;3;128;128
164;1;0.0001;concept2;0.0055060685;None;0.023618285;0.9944939613342285;10;3;128;128
164;2;0.0001;concept3;0.09118362;None;0.0718786;0.908816397190094;10;3;128;128
165;0;0.0001;concept1;0.022494104;None;0.039575994;0.9775059223175049;10;3;128;128
165;1;0.0001;concept2;0.0055037313;None;0.02361521;0.9944962859153748;10;3;128;128
165;2;0.0001;concept3;0.09182952;None;0.07229988;0.9081704616546631;10;3;128;128
166;0;0.0001;concept1;0.022471275;None;0.039563425;0.9775287508964539;10;3;128;128
166;1;0.0001;concept2;0.0055032014;None;0.02361229;0.9944968223571777;10;3;128;128
166;2;0.0001;concept3;0.09245572;None;0.07279729;0.9075442552566528;10;3;128;128
167;0;0.0001;concept1;0.022507824;None;0.03959266;0.9774921536445618;10;3;128;128
167;1;0.0001;concept2;0.0055131465;None;0.023634726;0.9944868683815002;10;3;128;128
167;2;0.0001;concept3;0.091434434;None;0.072073124;0.9085655808448792;10;3;128;128
168;0;0.0001;concept1;0.02246044;None;0.039552912;0.9775395393371582;10;3;128;128
168;1;0.0001;concept2;0.0054861833;None;0.023578217;0.9945138096809387;10;3;128;128
168;2;0.0001;concept3;0.09221056;None;0.07237038;0.9077894687652588;10;3;128;128
169;0;0.0001;concept1;0.022571487;None;0.03965199;0.9774284958839417;10;3;128;128
169;1;0.0001;concept2;0.005520173;None;0.023644743;0.9944798350334167;10;3;128;128
169;2;0.0001;concept3;0.09321309;None;0.073215984;0.9067869186401367;10;3;128;128
170;0;0.0001;concept1;0.022570616;None;0.039649542;0.9774293899536133;10;3;128;128
170;1;0.0001;concept2;0.0054773223;None;0.023552246;0.9945226907730103;10;3;128;128
170;2;0.0001;concept3;0.09221058;None;0.07243489;0.907789409160614;10;3;128;128
171;0;0.0001;concept1;0.0226441;None;0.039688252;0.9773558974266052;10;3;128;128
171;1;0.0001;concept2;0.0054698605;None;0.02353281;0.9945301413536072;10;3;128;128
171;2;0.0001;concept3;0.092343;None;0.072581425;0.9076569676399231;10;3;128;128
172;0;0.0001;concept1;0.022683691;None;0.03972957;0.9773163199424744;10;3;128;128
172;1;0.0001;concept2;0.0054816944;None;0.023551358;0.9945182800292969;10;3;128;128
172;2;0.0001;concept3;0.092774734;None;0.0727972;0.9072252511978149;10;3;128;128
173;0;0.0001;concept1;0.022624206;None;0.0396578;0.9773758053779602;10;3;128;128
173;1;0.0001;concept2;0.005411455;None;0.02341109;0.9945885539054871;10;3;128;128
173;2;0.0001;concept3;0.092199974;None;0.07251968;0.907800018787384;10;3;128;128
174;0;0.0001;concept1;0.02260186;None;0.03964276;0.977398157119751;10;3;128;128
174;1;0.0001;concept2;0.005480196;None;0.023545185;0.994519829750061;10;3;128;128
174;2;0.0001;concept3;0.09527646;None;0.074356325;0.9047235250473022;10;3;128;128
175;0;0.0001;concept1;0.022691753;None;0.03969439;0.9773082733154297;10;3;128;128
175;1;0.0001;concept2;0.0054587084;None;0.023492834;0.9945412874221802;10;3;128;128
175;2;0.0001;concept3;0.09249008;None;0.07274126;0.9075099229812622;10;3;128;128
176;0;0.0001;concept1;0.022705328;None;0.039700113;0.9772946834564209;10;3;128;128
176;1;0.0001;concept2;0.005418967;None;0.023403997;0.9945810437202454;10;3;128;128
176;2;0.0001;concept3;0.09113374;None;0.07195571;0.908866286277771;10;3;128;128
177;0;0.0001;concept1;0.022759886;None;0.039754134;0.9772400856018066;10;3;128;128
177;1;0.0001;concept2;0.0054052663;None;0.023368908;0.9945947527885437;10;3;128;128
177;2;0.0001;concept3;0.0931917;None;0.07318709;0.9068083167076111;10;3;128;128
178;0;0.0001;concept1;0.022569172;None;0.03959861;0.9774308204650879;10;3;128;128
178;1;0.0001;concept2;0.005413186;None;0.023382096;0.9945868253707886;10;3;128;128
178;2;0.0001;concept3;0.09221742;None;0.07261591;0.9077825546264648;10;3;128;128
179;0;0.0001;concept1;0.022776045;None;0.039763555;0.9772239327430725;10;3;128;128
179;1;0.0001;concept2;0.005419311;None;0.023385577;0.9945806860923767;10;3;128;128
179;2;0.0001;concept3;0.09178582;None;0.07247583;0.9082142114639282;10;3;128;128
180;0;0.0001;concept1;0.02266418;None;0.039668225;0.9773358106613159;10;3;128;128
180;1;0.0001;concept2;0.005375157;None;0.023292832;0.9946248531341553;10;3;128;128
180;2;0.0001;concept3;0.09096995;None;0.07193714;0.9090300798416138;10;3;128;128
181;0;0.0001;concept1;0.022805367;None;0.03977535;0.977194607257843;10;3;128;128
181;1;0.0001;concept2;0.0053931884;None;0.023317;0.9946067929267883;10;3;128;128
181;2;0.0001;concept3;0.0912714;None;0.072118945;0.9087285995483398;10;3;128;128
182;0;0.0001;concept1;0.022693412;None;0.039679587;0.977306604385376;10;3;128;128
182;1;0.0001;concept2;0.0053895684;None;0.023296002;0.9946104288101196;10;3;128;128
182;2;0.0001;concept3;0.090055734;None;0.0714936;0.9099442958831787;10;3;128;128
183;0;0.0001;concept1;0.022762526;None;0.03973623;0.9772374629974365;10;3;128;128
183;1;0.0001;concept2;0.005394215;None;0.023294248;0.9946057796478271;10;3;128;128
183;2;0.0001;concept3;0.09046862;None;0.071630545;0.9095313549041748;10;3;128;128
184;0;0.0001;concept1;0.022891559;None;0.03982892;0.9771084189414978;10;3;128;128
184;1;0.0001;concept2;0.0053512496;None;0.023200175;0.9946487545967102;10;3;128;128
184;2;0.0001;concept3;0.09018436;None;0.07150154;0.9098156690597534;10;3;128;128
185;0;0.0001;concept1;0.022716684;None;0.03968298;0.9772832989692688;10;3;128;128
185;1;0.0001;concept2;0.0053808275;None;0.023253964;0.9946191906929016;10;3;128;128
185;2;0.0001;concept3;0.09056057;None;0.071729064;0.9094394445419312;10;3;128;128
186;0;0.0001;concept1;0.022828786;None;0.039766088;0.9771712422370911;10;3;128;128
186;1;0.0001;concept2;0.0053736954;None;0.02323045;0.9946262836456299;10;3;128;128
186;2;0.0001;concept3;0.09021793;None;0.071491025;0.9097820520401001;10;3;128;128
187;0;0.0001;concept1;0.022912545;None;0.03983794;0.9770874381065369;10;3;128;128
187;1;0.0001;concept2;0.005359468;None;0.023196692;0.9946405291557312;10;3;128;128
187;2;0.0001;concept3;0.08976621;None;0.07125685;0.9102337956428528;10;3;128;128
188;0;0.0001;concept1;0.023045668;None;0.039950922;0.9769543409347534;10;3;128;128
188;1;0.0001;concept2;0.005389056;None;0.023246462;0.9946109652519226;10;3;128;128
188;2;0.0001;concept3;0.08965896;None;0.07116402;0.9103410243988037;10;3;128;128
189;0;0.0001;concept1;0.022963002;None;0.039875805;0.9770370125770569;10;3;128;128
189;1;0.0001;concept2;0.005365227;None;0.023191899;0.994634747505188;10;3;128;128
189;2;0.0001;concept3;0.08938229;None;0.07094987;0.9106177091598511;10;3;128;128
190;0;0.0001;concept1;0.022870755;None;0.039803628;0.9771292209625244;10;3;128;128
190;1;0.0001;concept2;0.005392497;None;0.023232795;0.9946075081825256;10;3;128;128
190;2;0.0001;concept3;0.08953409;None;0.07103337;0.9104658961296082;10;3;128;128
191;0;0.0001;concept1;0.023109868;None;0.039990388;0.9768901467323303;10;3;128;128
191;1;0.0001;concept2;0.0053915456;None;0.023225784;0.994608461856842;10;3;128;128
191;2;0.0001;concept3;0.08913157;None;0.07079746;0.9108684062957764;10;3;128;128
192;0;0.0001;concept1;0.023057545;None;0.039935652;0.9769424796104431;10;3;128;128
192;1;0.0001;concept2;0.0054029077;None;0.023234442;0.9945970773696899;10;3;128;128
192;2;0.0001;concept3;0.087673314;None;0.06989144;0.9123266935348511;10;3;128;128
193;0;0.0001;concept1;0.023092123;None;0.03996133;0.9769078493118286;10;3;128;128
193;1;0.0001;concept2;0.005405902;None;0.023231177;0.9945940971374512;10;3;128;128
193;2;0.0001;concept3;0.08830656;None;0.07007297;0.9116934537887573;10;3;128;128
194;0;0.0001;concept1;0.022944601;None;0.03984494;0.9770553708076477;10;3;128;128
194;1;0.0001;concept2;0.005378165;None;0.023162248;0.9946218132972717;10;3;128;128
194;2;0.0001;concept3;0.087065995;None;0.069231585;0.9129340052604675;10;3;128;128
195;0;0.0001;concept1;0.023030937;None;0.039903805;0.9769690632820129;10;3;128;128
195;1;0.0001;concept2;0.0054292036;None;0.023251759;0.994570791721344;10;3;128;128
195;2;0.0001;concept3;0.08824164;None;0.069865875;0.9117583632469177;10;3;128;128
196;0;0.0001;concept1;0.023039196;None;0.039928026;0.9769607782363892;10;3;128;128
196;1;0.0001;concept2;0.0053972057;None;0.023170462;0.9946027994155884;10;3;128;128
196;2;0.0001;concept3;0.087164275;None;0.069017634;0.9128357172012329;10;3;128;128
197;0;0.0001;concept1;0.023021856;None;0.039911155;0.9769781231880188;10;3;128;128
197;1;0.0001;concept2;0.0053951815;None;0.023148743;0.9946048259735107;10;3;128;128
197;2;0.0001;concept3;0.087326825;None;0.068907;0.9126731753349304;10;3;128;128
198;0;0.0001;concept1;0.023025483;None;0.03989668;0.9769744873046875;10;3;128;128
198;1;0.0001;concept2;0.0054489444;None;0.023249459;0.9945510625839233;10;3;128;128
198;2;0.0001;concept3;0.087495714;None;0.06887476;0.912504255771637;10;3;128;128
199;0;0.0001;concept1;0.023022328;None;0.039894845;0.9769776463508606;10;3;128;128
199;1;0.0001;concept2;0.005423571;None;0.02319036;0.9945764541625977;10;3;128;128
199;2;0.0001;concept3;0.088202074;None;0.069448635;0.9117979407310486;10;3;128;128
