0;0;0.0001;concept1;0.22230513;None;0.16704272;0.7776948809623718;10;3;128;128
0;1;0.0001;concept2;0.5632148;None;0.28080744;0.4367852210998535;10;3;128;128
0;2;0.0001;concept3;0.7167896;None;0.31282872;0.2832103967666626;10;3;128;128
1;0;0.0001;concept1;0.46569866;None;0.23675033;0.5343013405799866;10;3;128;128
1;1;0.0001;concept2;0.9827947;None;0.3647875;0.017205357551574707;10;3;128;128
1;2;0.0001;concept3;0.76959646;None;0.32020918;0.23040348291397095;10;3;128;128
2;0;0.0001;concept1;0.24218263;None;0.16986889;0.7578173875808716;10;3;128;128
2;1;0.0001;concept2;0.49776304;None;0.25353608;0.5022369623184204;10;3;128;128
2;2;0.0001;concept3;0.4139743;None;0.22744289;0.5860257148742676;10;3;128;128
3;0;0.0001;concept1;0.18100663;None;0.14679049;0.8189933896064758;10;3;128;128
3;1;0.0001;concept2;0.30483654;None;0.1935189;0.6951634883880615;10;3;128;128
3;2;0.0001;concept3;0.30041063;None;0.18424404;0.6995893716812134;10;3;128;128
4;0;0.0001;concept1;0.15317303;None;0.13508208;0.84682697057724;10;3;128;128
4;1;0.0001;concept2;0.20685081;None;0.1559412;0.7931491732597351;10;3;128;128
4;2;0.0001;concept3;0.2497222;None;0.16088884;0.7502777576446533;10;3;128;128
5;0;0.0001;concept1;0.11952226;None;0.11922992;0.8804777264595032;10;3;128;128
5;1;0.0001;concept2;0.092933014;None;0.10085825;0.9070670008659363;10;3;128;128
5;2;0.0001;concept3;0.1950279;None;0.12903446;0.8049721121788025;10;3;128;128
6;0;0.0001;concept1;0.11198287;None;0.11538858;0.8880171179771423;10;3;128;128
6;1;0.0001;concept2;0.072730094;None;0.089262016;0.9272699356079102;10;3;128;128
6;2;0.0001;concept3;0.1837497;None;0.12260636;0.8162503242492676;10;3;128;128
7;0;0.0001;concept1;0.10204547;None;0.10991329;0.897954523563385;10;3;128;128
7;1;0.0001;concept2;0.05109879;None;0.07519195;0.9489012360572815;10;3;128;128
7;2;0.0001;concept3;0.16956887;None;0.11539935;0.8304311037063599;10;3;128;128
8;0;0.0001;concept1;0.09903607;None;0.108169354;0.9009639024734497;10;3;128;128
8;1;0.0001;concept2;0.04652958;None;0.07184215;0.9534704089164734;10;3;128;128
8;2;0.0001;concept3;0.16467093;None;0.113313615;0.8353290557861328;10;3;128;128
9;0;0.0001;concept1;0.09397878;None;0.10513246;0.906021237373352;10;3;128;128
9;1;0.0001;concept2;0.040356617;None;0.06704106;0.9596433639526367;10;3;128;128
9;2;0.0001;concept3;0.15756646;None;0.11079354;0.8424335718154907;10;3;128;128
10;0;0.0001;concept1;0.09233136;None;0.10410307;0.9076686501502991;10;3;128;128
10;1;0.0001;concept2;0.03883295;None;0.065789655;0.96116703748703;10;3;128;128
10;2;0.0001;concept3;0.15488641;None;0.10976346;0.8451135754585266;10;3;128;128
11;0;0.0001;concept1;0.08900124;None;0.10196792;0.9109987616539001;10;3;128;128
11;1;0.0001;concept2;0.03603278;None;0.06342893;0.9639672040939331;10;3;128;128
11;2;0.0001;concept3;0.15037718;None;0.10861831;0.8496227860450745;10;3;128;128
12;0;0.0001;concept1;0.08793654;None;0.101260185;0.912063479423523;10;3;128;128
12;1;0.0001;concept2;0.03522016;None;0.06272153;0.9647798538208008;10;3;128;128
12;2;0.0001;concept3;0.14854857;None;0.10790252;0.8514513969421387;10;3;128;128
13;0;0.0001;concept1;0.085959956;None;0.09991004;0.9140400290489197;10;3;128;128
13;1;0.0001;concept2;0.03375703;None;0.0614441;0.9662429690361023;10;3;128;128
13;2;0.0001;concept3;0.14585152;None;0.1069937;0.8541485071182251;10;3;128;128
14;0;0.0001;concept1;0.08519939;None;0.09937763;0.9148005843162537;10;3;128;128
14;1;0.0001;concept2;0.0332209;None;0.0609674;0.9667791128158569;10;3;128;128
14;2;0.0001;concept3;0.14453761;None;0.10645834;0.855462372303009;10;3;128;128
15;0;0.0001;concept1;0.08361859;None;0.0982627;0.9163814187049866;10;3;128;128
15;1;0.0001;concept2;0.032128353;None;0.059986163;0.9678716659545898;10;3;128;128
15;2;0.0001;concept3;0.14194256;None;0.10559856;0.85805743932724;10;3;128;128
16;0;0.0001;concept1;0.08304172;None;0.09784356;0.9169582724571228;10;3;128;128
16;1;0.0001;concept2;0.031734645;None;0.059621222;0.9682653546333313;10;3;128;128
16;2;0.0001;concept3;0.14119598;None;0.10522433;0.8588039875030518;10;3;128;128
17;0;0.0001;concept1;0.08187518;None;0.096992515;0.918124794960022;10;3;128;128
17;1;0.0001;concept2;0.030956542;None;0.05888977;0.9690434336662292;10;3;128;128
17;2;0.0001;concept3;0.13890122;None;0.10418902;0.8610987663269043;10;3;128;128
18;0;0.0001;concept1;0.08138646;None;0.0966289;0.9186135530471802;10;3;128;128
18;1;0.0001;concept2;0.030647622;None;0.058590304;0.9693523645401001;10;3;128;128
18;2;0.0001;concept3;0.13795467;None;0.10368562;0.8620452880859375;10;3;128;128
19;0;0.0001;concept1;0.08034744;None;0.0958523;0.9196525812149048;10;3;128;128
19;1;0.0001;concept2;0.029987998;None;0.057942975;0.9700120091438293;10;3;128;128
19;2;0.0001;concept3;0.13591148;None;0.10265406;0.8640885353088379;10;3;128;128
20;0;0.0001;concept1;0.07993841;None;0.09553632;0.9200615882873535;10;3;128;128
20;1;0.0001;concept2;0.029728131;None;0.05768116;0.97027188539505;10;3;128;128
20;2;0.0001;concept3;0.13497302;None;0.10216436;0.8650269508361816;10;3;128;128
21;0;0.0001;concept1;0.07909518;None;0.09488171;0.920904815196991;10;3;128;128
21;1;0.0001;concept2;0.02920757;None;0.05715512;0.9707924127578735;10;3;128;128
21;2;0.0001;concept3;0.13310398;None;0.10119383;0.8668960332870483;10;3;128;128
22;0;0.0001;concept1;0.07873749;None;0.094602525;0.9212625026702881;10;3;128;128
22;1;0.0001;concept2;0.028975151;None;0.05692172;0.9710248708724976;10;3;128;128
22;2;0.0001;concept3;0.13230467;None;0.10073359;0.8676953315734863;10;3;128;128
23;0;0.0001;concept1;0.0779878;None;0.094005026;0.922012209892273;10;3;128;128
23;1;0.0001;concept2;0.028494146;None;0.0564293;0.971505880355835;10;3;128;128
23;2;0.0001;concept3;0.13101874;None;0.09991246;0.8689812421798706;10;3;128;128
24;0;0.0001;concept1;0.077669844;None;0.09375145;0.9223301410675049;10;3;128;128
24;1;0.0001;concept2;0.028298391;None;0.0562249;0.9717016220092773;10;3;128;128
24;2;0.0001;concept3;0.1303472;None;0.09950195;0.8696528077125549;10;3;128;128
25;0;0.0001;concept1;0.07705955;None;0.0932506;0.9229404330253601;10;3;128;128
25;1;0.0001;concept2;0.027915103;None;0.05581766;0.9720848798751831;10;3;128;128
25;2;0.0001;concept3;0.1290912;None;0.09868503;0.870908796787262;10;3;128;128
26;0;0.0001;concept1;0.076769084;None;0.093016244;0.9232308864593506;10;3;128;128
26;1;0.0001;concept2;0.027748713;None;0.055637572;0.972251296043396;10;3;128;128
26;2;0.0001;concept3;0.12844744;None;0.0982848;0.871552586555481;10;3;128;128
27;0;0.0001;concept1;0.076168425;None;0.09252155;0.923831582069397;10;3;128;128
27;1;0.0001;concept2;0.027390976;None;0.055249434;0.9726090431213379;10;3;128;128
27;2;0.0001;concept3;0.12732357;None;0.09751008;0.872676432132721;10;3;128;128
28;0;0.0001;concept1;0.07591226;None;0.09230967;0.9240877628326416;10;3;128;128
28;1;0.0001;concept2;0.02724363;None;0.055087604;0.9727563858032227;10;3;128;128
28;2;0.0001;concept3;0.1268089;None;0.09714969;0.8731911182403564;10;3;128;128
29;0;0.0001;concept1;0.07543479;None;0.09189724;0.9245651960372925;10;3;128;128
29;1;0.0001;concept2;0.026929792;None;0.054741655;0.9730702042579651;10;3;128;128
29;2;0.0001;concept3;0.1257855;None;0.09641159;0.8742145299911499;10;3;128;128
30;0;0.0001;concept1;0.075199775;None;0.09170157;0.9248002171516418;10;3;128;128
30;1;0.0001;concept2;0.026802639;None;0.054597728;0.973197340965271;10;3;128;128
30;2;0.0001;concept3;0.12531787;None;0.09607479;0.8746821284294128;10;3;128;128
31;0;0.0001;concept1;0.07473248;None;0.09129934;0.9252675175666809;10;3;128;128
31;1;0.0001;concept2;0.026508696;None;0.05426645;0.9734913110733032;10;3;128;128
31;2;0.0001;concept3;0.12426895;None;0.09535319;0.8757310509681702;10;3;128;128
32;0;0.0001;concept1;0.074511334;None;0.091118455;0.9254886507987976;10;3;128;128
32;1;0.0001;concept2;0.026385838;None;0.054127093;0.9736141562461853;10;3;128;128
32;2;0.0001;concept3;0.12384641;None;0.09503574;0.8761535882949829;10;3;128;128
33;0;0.0001;concept1;0.0740483;None;0.09072226;0.9259517192840576;10;3;128;128
33;1;0.0001;concept2;0.026120767;None;0.053826127;0.9738792181015015;10;3;128;128
33;2;0.0001;concept3;0.122929916;None;0.094378434;0.8770700693130493;10;3;128;128
34;0;0.0001;concept1;0.073892735;None;0.09057697;0.9261072874069214;10;3;128;128
34;1;0.0001;concept2;0.026004525;None;0.053693023;0.9739954471588135;10;3;128;128
34;2;0.0001;concept3;0.12250069;None;0.09406883;0.8774993419647217;10;3;128;128
35;0;0.0001;concept1;0.07349018;None;0.0902149;0.9265097975730896;10;3;128;128
35;1;0.0001;concept2;0.025756955;None;0.053408302;0.9742430448532104;10;3;128;128
35;2;0.0001;concept3;0.12155098;None;0.09340375;0.878449022769928;10;3;128;128
36;0;0.0001;concept1;0.07331012;None;0.09005799;0.926689863204956;10;3;128;128
36;1;0.0001;concept2;0.025649766;None;0.053283636;0.9743502140045166;10;3;128;128
36;2;0.0001;concept3;0.12139307;None;0.093182996;0.878606915473938;10;3;128;128
37;0;0.0001;concept1;0.07295991;None;0.08973817;0.9270401000976562;10;3;128;128
37;1;0.0001;concept2;0.025419451;None;0.05301513;0.9745805263519287;10;3;128;128
37;2;0.0001;concept3;0.120734245;None;0.09263811;0.8792657852172852;10;3;128;128
38;0;0.0001;concept1;0.07277628;None;0.08957984;0.9272237420082092;10;3;128;128
38;1;0.0001;concept2;0.025319545;None;0.052897677;0.974680483341217;10;3;128;128
38;2;0.0001;concept3;0.12038271;None;0.09237089;0.8796172738075256;10;3;128;128
39;0;0.0001;concept1;0.07241948;None;0.08925971;0.9275805354118347;10;3;128;128
39;1;0.0001;concept2;0.025083965;None;0.05261698;0.9749160408973694;10;3;128;128
39;2;0.0001;concept3;0.119661085;None;0.09180603;0.8803389072418213;10;3;128;128
40;0;0.0001;concept1;0.072267376;None;0.08912371;0.9277326464653015;10;3;128;128
40;1;0.0001;concept2;0.024989204;None;0.052503962;0.9750108122825623;10;3;128;128
40;2;0.0001;concept3;0.11937186;None;0.091573626;0.8806281089782715;10;3;128;128
41;0;0.0001;concept1;0.07196814;None;0.08884622;0.928031861782074;10;3;128;128
41;1;0.0001;concept2;0.02478663;None;0.052261986;0.975213348865509;10;3;128;128
41;2;0.0001;concept3;0.11867704;None;0.091049105;0.881322979927063;10;3;128;128
42;0;0.0001;concept1;0.071809605;None;0.08870836;0.9281904101371765;10;3;128;128
42;1;0.0001;concept2;0.024697075;None;0.052154537;0.9753029346466064;10;3;128;128
42;2;0.0001;concept3;0.11838938;None;0.090817295;0.881610631942749;10;3;128;128
43;0;0.0001;concept1;0.07149597;None;0.08842586;0.9285040497779846;10;3;128;128
43;1;0.0001;concept2;0.024518741;None;0.051935833;0.9754812717437744;10;3;128;128
43;2;0.0001;concept3;0.11776775;None;0.09031551;0.8822322487831116;10;3;128;128
44;0;0.0001;concept1;0.071397446;None;0.08832827;0.9286025762557983;10;3;128;128
44;1;0.0001;concept2;0.024422728;None;0.0518225;0.9755772948265076;10;3;128;128
44;2;0.0001;concept3;0.117664434;None;0.09013302;0.8823355436325073;10;3;128;128
45;0;0.0001;concept1;0.071102746;None;0.08806514;0.9288972616195679;10;3;128;128
45;1;0.0001;concept2;0.024245532;None;0.051605605;0.9757544994354248;10;3;128;128
45;2;0.0001;concept3;0.11709624;None;0.089659125;0.8829037547111511;10;3;128;128
46;0;0.0001;concept1;0.07097748;None;0.08795005;0.9290225505828857;10;3;128;128
46;1;0.0001;concept2;0.02416648;None;0.05150872;0.975833535194397;10;3;128;128
46;2;0.0001;concept3;0.11677635;None;0.0894206;0.8832236528396606;10;3;128;128
47;0;0.0001;concept1;0.07071251;None;0.08770284;0.9292874932289124;10;3;128;128
47;1;0.0001;concept2;0.023991749;None;0.051292494;0.9760082364082336;10;3;128;128
47;2;0.0001;concept3;0.11622189;None;0.088976376;0.8837780952453613;10;3;128;128
48;0;0.0001;concept1;0.07060228;None;0.087599516;0.929397702217102;10;3;128;128
48;1;0.0001;concept2;0.023932789;None;0.05121473;0.9760671854019165;10;3;128;128
48;2;0.0001;concept3;0.116005845;None;0.088788696;0.8839941620826721;10;3;128;128
49;0;0.0001;concept1;0.070362754;None;0.08737274;0.9296372532844543;10;3;128;128
49;1;0.0001;concept2;0.02376743;None;0.05100959;0.9762325882911682;10;3;128;128
49;2;0.0001;concept3;0.115521014;None;0.08837813;0.8844789862632751;10;3;128;128
50;1;0.0001;concept2;0.023695137;None;0.050919667;0.9763048887252808;10;3;128;128
50;2;0.0001;concept3;0.11523664;None;0.088170566;0.8847633600234985;10;3;128;128
50;0;0.0001;concept1;0.070253894;None;0.08727173;0.9297460913658142;10;3;128;128
51;1;0.0001;concept2;0.02353679;None;0.050720222;0.9764631986618042;10;3;128;128
51;2;0.0001;concept3;0.114754915;None;0.08775515;0.8852450847625732;10;3;128;128
51;0;0.0001;concept1;0.07001018;None;0.08704951;0.9299898147583008;10;3;128;128
52;1;0.0001;concept2;0.023458911;None;0.050624773;0.9765411019325256;10;3;128;128
52;2;0.0001;concept3;0.11460806;None;0.08759957;0.8853919506072998;10;3;128;128
52;0;0.0001;concept1;0.06992353;None;0.08696019;0.9300764799118042;10;3;128;128
53;1;0.0001;concept2;0.023311637;None;0.050437253;0.9766883850097656;10;3;128;128
53;2;0.0001;concept3;0.11421117;None;0.087224044;0.8857887983322144;10;3;128;128
53;0;0.0001;concept1;0.06967249;None;0.086732045;0.9303275346755981;10;3;128;128
54;1;0.0001;concept2;0.023252377;None;0.050353017;0.9767476320266724;10;3;128;128
54;2;0.0001;concept3;0.114073604;None;0.08707485;0.885926365852356;10;3;128;128
54;0;0.0001;concept1;0.06957053;None;0.08663604;0.9304294586181641;10;3;128;128
55;1;0.0001;concept2;0.02311171;None;0.05017109;0.9768882989883423;10;3;128;128
55;2;0.0001;concept3;0.1135926;None;0.08668671;0.8864073753356934;10;3;128;128
55;0;0.0001;concept1;0.06932539;None;0.08641114;0.9306746125221252;10;3;128;128
56;1;0.0001;concept2;0.023050029;None;0.05009119;0.9769499897956848;10;3;128;128
56;2;0.0001;concept3;0.113472976;None;0.08654217;0.8865270018577576;10;3;128;128
56;0;0.0001;concept1;0.06926355;None;0.08633622;0.9307364821434021;10;3;128;128
57;1;0.0001;concept2;0.022931332;None;0.04993284;0.9770686626434326;10;3;128;128
57;2;0.0001;concept3;0.11303469;None;0.08616868;0.8869653344154358;10;3;128;128
57;0;0.0001;concept1;0.06904558;None;0.086132534;0.9309544563293457;10;3;128;128
58;1;0.0001;concept2;0.022872653;None;0.049856294;0.9771273732185364;10;3;128;128
58;2;0.0001;concept3;0.11283763;None;0.08599061;0.8871623873710632;10;3;128;128
58;0;0.0001;concept1;0.068941064;None;0.08603849;0.931058943271637;10;3;128;128
59;1;0.0001;concept2;0.022731652;None;0.04967436;0.9772683382034302;10;3;128;128
59;2;0.0001;concept3;0.11244245;None;0.08563784;0.8875575661659241;10;3;128;128
59;0;0.0001;concept1;0.068700545;None;0.08582294;0.9312994480133057;10;3;128;128
60;1;0.0001;concept2;0.022676645;None;0.049597755;0.9773233532905579;10;3;128;128
60;2;0.0001;concept3;0.11235989;None;0.08552535;0.887640118598938;10;3;128;128
60;0;0.0001;concept1;0.068625316;None;0.08574372;0.9313746690750122;10;3;128;128
61;1;0.0001;concept2;0.022547998;None;0.04943015;0.9774519801139832;10;3;128;128
61;2;0.0001;concept3;0.11206072;None;0.08521742;0.8879392743110657;10;3;128;128
61;0;0.0001;concept1;0.068416275;None;0.085556924;0.9315837025642395;10;3;128;128
62;1;0.0001;concept2;0.02249229;None;0.049357213;0.9775077104568481;10;3;128;128
62;2;0.0001;concept3;0.11197865;None;0.085100755;0.8880213499069214;10;3;128;128
62;0;0.0001;concept1;0.0683414;None;0.08547629;0.9316586256027222;10;3;128;128
63;1;0.0001;concept2;0.022373257;None;0.049199365;0.9776267409324646;10;3;128;128
63;2;0.0001;concept3;0.11160008;None;0.08479614;0.8883998990058899;10;3;128;128
63;0;0.0001;concept1;0.0681291;None;0.08528352;0.9318708777427673;10;3;128;128
64;1;0.0001;concept2;0.022323329;None;0.049133614;0.9776766896247864;10;3;128;128
64;2;0.0001;concept3;0.11150376;None;0.084677346;0.8884962201118469;10;3;128;128
64;0;0.0001;concept1;0.06806777;None;0.085215956;0.9319322109222412;10;3;128;128
65;1;0.0001;concept2;0.02220648;None;0.04897951;0.9777935147285461;10;3;128;128
65;2;0.0001;concept3;0.11118303;None;0.08439296;0.8888169527053833;10;3;128;128
65;0;0.0001;concept1;0.06785235;None;0.08503003;0.9321476221084595;10;3;128;128
66;1;0.0001;concept2;0.022158187;None;0.04891513;0.9778417944908142;10;3;128;128
66;2;0.0001;concept3;0.11102569;None;0.08426996;0.8889743089675903;10;3;128;128
66;0;0.0001;concept1;0.06776021;None;0.08494797;0.9322397708892822;10;3;128;128
67;1;0.0001;concept2;0.022045333;None;0.04876584;0.9779546856880188;10;3;128;128
67;2;0.0001;concept3;0.11065965;None;0.083975405;0.889340341091156;10;3;128;128
67;0;0.0001;concept1;0.067562066;None;0.0847693;0.9324379563331604;10;3;128;128
68;1;0.0001;concept2;0.021996561;None;0.04870093;0.9780034422874451;10;3;128;128
68;2;0.0001;concept3;0.11062178;None;0.08388291;0.8893781900405884;10;3;128;128
68;0;0.0001;concept1;0.06748945;None;0.08469814;0.9325105547904968;10;3;128;128
69;1;0.0001;concept2;0.021890447;None;0.04855919;0.9781095385551453;10;3;128;128
69;2;0.0001;concept3;0.11034852;None;0.083639406;0.8896514773368835;10;3;128;128
69;0;0.0001;concept1;0.067353636;None;0.084553726;0.9326463937759399;10;3;128;128
70;1;0.0001;concept2;0.021844946;None;0.048497368;0.9781550765037537;10;3;128;128
70;2;0.0001;concept3;0.11014235;None;0.08350458;0.8898576498031616;10;3;128;128
70;0;0.0001;concept1;0.06725434;None;0.08447079;0.932745635509491;10;3;128;128
71;1;0.0001;concept2;0.021741621;None;0.048357833;0.9782583713531494;10;3;128;128
71;2;0.0001;concept3;0.10989003;None;0.083264045;0.8901099562644958;10;3;128;128
71;0;0.0001;concept1;0.06709801;None;0.08431231;0.9329019784927368;10;3;128;128
72;1;0.0001;concept2;0.02169729;None;0.048297398;0.9783027172088623;10;3;128;128
72;2;0.0001;concept3;0.10969844;None;0.08313181;0.8903015851974487;10;3;128;128
72;0;0.0001;concept1;0.06702543;None;0.084242314;0.9329745769500732;10;3;128;128
73;1;0.0001;concept2;0.021600198;None;0.04816365;0.9783998131752014;10;3;128;128
73;2;0.0001;concept3;0.10951151;None;0.08291598;0.8904885053634644;10;3;128;128
73;0;0.0001;concept1;0.0668503;None;0.084079884;0.9331496953964233;10;3;128;128
74;1;0.0001;concept2;0.021558456;None;0.04810629;0.9784415364265442;10;3;128;128
74;2;0.0001;concept3;0.10939713;None;0.08281582;0.8906028866767883;10;3;128;128
74;0;0.0001;concept1;0.06677535;None;0.08401067;0.9332246780395508;10;3;128;128
75;1;0.0001;concept2;0.021461971;None;0.04797357;0.9785380363464355;10;3;128;128
75;2;0.0001;concept3;0.109108515;None;0.082594596;0.8908914923667908;10;3;128;128
75;0;0.0001;concept1;0.066633694;None;0.083869405;0.9333662986755371;10;3;128;128
76;1;0.0001;concept2;0.021419922;None;0.047916606;0.9785800576210022;10;3;128;128
76;2;0.0001;concept3;0.109002985;None;0.0824992;0.8909969925880432;10;3;128;128
76;0;0.0001;concept1;0.066566296;None;0.083801836;0.9334337115287781;10;3;128;128
77;1;0.0001;concept2;0.021330636;None;0.04779322;0.9786693453788757;10;3;128;128
77;2;0.0001;concept3;0.1087906;None;0.08229414;0.8912093639373779;10;3;128;128
77;0;0.0001;concept1;0.06637969;None;0.08363381;0.9336203336715698;10;3;128;128
78;1;0.0001;concept2;0.021291744;None;0.047739197;0.9787082672119141;10;3;128;128
78;2;0.0001;concept3;0.108688675;None;0.082202084;0.8913113474845886;10;3;128;128
78;0;0.0001;concept1;0.0663078;None;0.083564006;0.933692216873169;10;3;128;128
79;1;0.0001;concept2;0.021201918;None;0.047615692;0.9787980914115906;10;3;128;128
79;2;0.0001;concept3;0.108456336;None;0.081994124;0.8915436863899231;10;3;128;128
79;0;0.0001;concept1;0.06621829;None;0.08345065;0.9337817430496216;10;3;128;128
80;1;0.0001;concept2;0.021164406;None;0.047563676;0.9788355827331543;10;3;128;128
80;2;0.0001;concept3;0.10827492;None;0.08187733;0.8917250633239746;10;3;128;128
80;0;0.0001;concept1;0.06612503;None;0.08337094;0.9338749647140503;10;3;128;128
81;1;0.0001;concept2;0.02107768;None;0.04744412;0.9789223074913025;10;3;128;128
81;2;0.0001;concept3;0.10803155;None;0.08167876;0.8919684290885925;10;3;128;128
81;0;0.0001;concept1;0.065955006;None;0.08321244;0.9340450167655945;10;3;128;128
82;1;0.0001;concept2;0.02104148;None;0.047393568;0.9789585471153259;10;3;128;128
82;2;0.0001;concept3;0.10801947;None;0.081620336;0.8919805288314819;10;3;128;128
82;0;0.0001;concept1;0.06588172;None;0.08314783;0.9341182708740234;10;3;128;128
83;1;0.0001;concept2;0.020954749;None;0.0472743;0.9790452718734741;10;3;128;128
83;2;0.0001;concept3;0.10785571;None;0.08145907;0.8921443223953247;10;3;128;128
83;0;0.0001;concept1;0.065737195;None;0.083005086;0.9342628121376038;10;3;128;128
84;1;0.0001;concept2;0.020917734;None;0.04722312;0.9790822863578796;10;3;128;128
84;2;0.0001;concept3;0.107675925;None;0.081345126;0.8923240900039673;10;3;128;128
84;0;0.0001;concept1;0.06570024;None;0.082958445;0.9342997670173645;10;3;128;128
85;1;0.0001;concept2;0.020837681;None;0.04711046;0.979162335395813;10;3;128;128
85;2;0.0001;concept3;0.107537225;None;0.08117961;0.8924627900123596;10;3;128;128
85;0;0.0001;concept1;0.065568544;None;0.082836196;0.9344314336776733;10;3;128;128
86;1;0.0001;concept2;0.020803625;None;0.047062404;0.9791963696479797;10;3;128;128
86;2;0.0001;concept3;0.107443206;None;0.08110109;0.8925567865371704;10;3;128;128
86;0;0.0001;concept1;0.065532625;None;0.082793556;0.9344673752784729;10;3;128;128
87;1;0.0001;concept2;0.020722263;None;0.046948753;0.9792777299880981;10;3;128;128
87;2;0.0001;concept3;0.10741245;None;0.0809842;0.8925875425338745;10;3;128;128
87;0;0.0001;concept1;0.06534996;None;0.08263656;0.9346500635147095;10;3;128;128
88;1;0.0001;concept2;0.020689066;None;0.046901654;0.979310929775238;10;3;128;128
88;2;0.0001;concept3;0.1073519;None;0.08090693;0.8926481008529663;10;3;128;128
88;0;0.0001;concept1;0.06529169;None;0.08257868;0.934708297252655;10;3;128;128
89;1;0.0001;concept2;0.020612517;None;0.046793986;0.9793874621391296;10;3;128;128
89;2;0.0001;concept3;0.10723883;None;0.08076653;0.8927611708641052;10;3;128;128
89;0;0.0001;concept1;0.065169044;None;0.082458176;0.9348309636116028;10;3;128;128
90;1;0.0001;concept2;0.020579422;None;0.046747454;0.9794206023216248;10;3;128;128
90;2;0.0001;concept3;0.10715887;None;0.08069453;0.892841100692749;10;3;128;128
90;0;0.0001;concept1;0.06510263;None;0.08239775;0.9348973631858826;10;3;128;128
91;1;0.0001;concept2;0.020504024;None;0.046640888;0.9794960021972656;10;3;128;128
91;2;0.0001;concept3;0.10697401;None;0.08052572;0.8930259943008423;10;3;128;128
91;0;0.0001;concept1;0.064991556;None;0.08228112;0.9350084662437439;10;3;128;128
92;1;0.0001;concept2;0.020471213;None;0.046595465;0.9795287847518921;10;3;128;128
92;2;0.0001;concept3;0.106839485;None;0.08044465;0.8931605219841003;10;3;128;128
92;0;0.0001;concept1;0.0649435;None;0.08223056;0.9350565075874329;10;3;128;128
93;1;0.0001;concept2;0.02039945;None;0.046495244;0.9796005487442017;10;3;128;128
93;2;0.0001;concept3;0.10671269;None;0.08030692;0.8932873010635376;10;3;128;128
93;0;0.0001;concept1;0.06483196;None;0.0821172;0.9351680278778076;10;3;128;128
94;1;0.0001;concept2;0.02036929;None;0.04645266;0.979630708694458;10;3;128;128
94;2;0.0001;concept3;0.106647916;None;0.0802437;0.8933520913124084;10;3;128;128
94;0;0.0001;concept1;0.06477656;None;0.08206303;0.9352234601974487;10;3;128;128
95;1;0.0001;concept2;0.020298595;None;0.046353307;0.9797013998031616;10;3;128;128
95;2;0.0001;concept3;0.10647525;None;0.0800993;0.8935247659683228;10;3;128;128
95;0;0.0001;concept1;0.06467622;None;0.081955306;0.9353237748146057;10;3;128;128
96;1;0.0001;concept2;0.020267937;None;0.046310265;0.9797320365905762;10;3;128;128
96;2;0.0001;concept3;0.10640254;None;0.08003883;0.8935974836349487;10;3;128;128
96;0;0.0001;concept1;0.06462939;None;0.081907146;0.9353706240653992;10;3;128;128
97;1;0.0001;concept2;0.02019967;None;0.04621399;0.9798003435134888;10;3;128;128
97;2;0.0001;concept3;0.106227666;None;0.0799024;0.8937723636627197;10;3;128;128
97;0;0.0001;concept1;0.06453003;None;0.08180317;0.9354699850082397;10;3;128;128
98;1;0.0001;concept2;0.020170527;None;0.046172593;0.9798294901847839;10;3;128;128
98;2;0.0001;concept3;0.10618104;None;0.07985231;0.8938189744949341;10;3;128;128
98;0;0.0001;concept1;0.06446254;None;0.081742086;0.9355374574661255;10;3;128;128
99;1;0.0001;concept2;0.02010247;None;0.046076708;0.9798975586891174;10;3;128;128
99;2;0.0001;concept3;0.1061162;None;0.079741;0.8938838243484497;10;3;128;128
99;0;0.0001;concept1;0.06436078;None;0.081636995;0.9356392025947571;10;3;128;128
100;2;0.0001;concept3;0.106059715;None;0.079688616;0.893940269947052;10;3;128;128
100;2;0.0001;concept3;0.106059715;None;0.079688616;0.893940269947052;10;3;128;128
100;2;0.0001;concept3;0.106059715;None;0.079688616;0.893940269947052;10;3;128;128
101;2;0.0001;concept3;0.105634876;None;0.07938206;0.894365131855011;10;3;128;128
101;2;0.0001;concept3;0.105634876;None;0.07938206;0.894365131855011;10;3;128;128
101;2;0.0001;concept3;0.105634876;None;0.07938206;0.894365131855011;10;3;128;128
102;2;0.0001;concept3;0.10540377;None;0.07919075;0.8945962190628052;10;3;128;128
102;2;0.0001;concept3;0.10540377;None;0.07919075;0.8945962190628052;10;3;128;128
102;2;0.0001;concept3;0.10540377;None;0.07919075;0.8945962190628052;10;3;128;128
103;2;0.0001;concept3;0.105076194;None;0.078919016;0.8949238061904907;10;3;128;128
103;2;0.0001;concept3;0.105076194;None;0.078919016;0.8949238061904907;10;3;128;128
103;2;0.0001;concept3;0.105076194;None;0.078919016;0.8949238061904907;10;3;128;128
104;2;0.0001;concept3;0.104766;None;0.078710206;0.8952339887619019;10;3;128;128
104;2;0.0001;concept3;0.104766;None;0.078710206;0.8952339887619019;10;3;128;128
104;2;0.0001;concept3;0.104766;None;0.078710206;0.8952339887619019;10;3;128;128
105;2;0.0001;concept3;0.10426493;None;0.07841845;0.8957350850105286;10;3;128;128
105;2;0.0001;concept3;0.10426493;None;0.07841845;0.8957350850105286;10;3;128;128
105;2;0.0001;concept3;0.10426493;None;0.07841845;0.8957350850105286;10;3;128;128
106;2;0.0001;concept3;0.104114585;None;0.078275375;0.8958854079246521;10;3;128;128
106;2;0.0001;concept3;0.104114585;None;0.078275375;0.8958854079246521;10;3;128;128
106;2;0.0001;concept3;0.104114585;None;0.078275375;0.8958854079246521;10;3;128;128
107;2;0.0001;concept3;0.10371702;None;0.078015;0.896282970905304;10;3;128;128
107;2;0.0001;concept3;0.10371702;None;0.078015;0.896282970905304;10;3;128;128
107;2;0.0001;concept3;0.10371702;None;0.078015;0.896282970905304;10;3;128;128
108;2;0.0001;concept3;0.10354044;None;0.077883236;0.8964595794677734;10;3;128;128
108;2;0.0001;concept3;0.10354044;None;0.077883236;0.8964595794677734;10;3;128;128
108;2;0.0001;concept3;0.10354044;None;0.077883236;0.8964595794677734;10;3;128;128
109;2;0.0001;concept3;0.1032004;None;0.077656254;0.896799623966217;10;3;128;128
109;2;0.0001;concept3;0.1032004;None;0.077656254;0.896799623966217;10;3;128;128
109;2;0.0001;concept3;0.1032004;None;0.077656254;0.896799623966217;10;3;128;128
110;2;0.0001;concept3;0.10301223;None;0.07753352;0.896987795829773;10;3;128;128
110;2;0.0001;concept3;0.10301223;None;0.07753352;0.896987795829773;10;3;128;128
110;2;0.0001;concept3;0.10301223;None;0.07753352;0.896987795829773;10;3;128;128
111;2;0.0001;concept3;0.102719426;None;0.0773479;0.8972805738449097;10;3;128;128
111;2;0.0001;concept3;0.102719426;None;0.0773479;0.8972805738449097;10;3;128;128
111;2;0.0001;concept3;0.102719426;None;0.0773479;0.8972805738449097;10;3;128;128
112;2;0.0001;concept3;0.10252106;None;0.07721659;0.8974789381027222;10;3;128;128
112;2;0.0001;concept3;0.10252106;None;0.07721659;0.8974789381027222;10;3;128;128
112;2;0.0001;concept3;0.10252106;None;0.07721659;0.8974789381027222;10;3;128;128
113;2;0.0001;concept3;0.102260426;None;0.07703954;0.897739589214325;10;3;128;128
113;2;0.0001;concept3;0.102260426;None;0.07703954;0.897739589214325;10;3;128;128
113;2;0.0001;concept3;0.102260426;None;0.07703954;0.897739589214325;10;3;128;128
114;2;0.0001;concept3;0.102160804;None;0.076966606;0.8978391885757446;10;3;128;128
114;2;0.0001;concept3;0.102160804;None;0.076966606;0.8978391885757446;10;3;128;128
114;2;0.0001;concept3;0.102160804;None;0.076966606;0.8978391885757446;10;3;128;128
115;2;0.0001;concept3;0.10191354;None;0.07680145;0.898086428642273;10;3;128;128
115;2;0.0001;concept3;0.10191354;None;0.07680145;0.898086428642273;10;3;128;128
115;2;0.0001;concept3;0.10191354;None;0.07680145;0.898086428642273;10;3;128;128
116;2;0.0001;concept3;0.10170366;None;0.07669534;0.8982963562011719;10;3;128;128
116;2;0.0001;concept3;0.10170366;None;0.07669534;0.8982963562011719;10;3;128;128
116;2;0.0001;concept3;0.10170366;None;0.07669534;0.8982963562011719;10;3;128;128
117;2;0.0001;concept3;0.10136726;None;0.0765139;0.8986327648162842;10;3;128;128
117;2;0.0001;concept3;0.10136726;None;0.0765139;0.8986327648162842;10;3;128;128
117;2;0.0001;concept3;0.10136726;None;0.0765139;0.8986327648162842;10;3;128;128
118;2;0.0001;concept3;0.101184584;None;0.076425895;0.898815393447876;10;3;128;128
118;2;0.0001;concept3;0.101184584;None;0.076425895;0.898815393447876;10;3;128;128
118;2;0.0001;concept3;0.101184584;None;0.076425895;0.898815393447876;10;3;128;128
119;2;0.0001;concept3;0.10078939;None;0.07626339;0.8992106318473816;10;3;128;128
119;2;0.0001;concept3;0.10078939;None;0.07626339;0.8992106318473816;10;3;128;128
119;2;0.0001;concept3;0.10078939;None;0.07626339;0.8992106318473816;10;3;128;128
120;2;0.0001;concept3;0.10061395;None;0.0761801;0.8993860483169556;10;3;128;128
120;2;0.0001;concept3;0.10061395;None;0.0761801;0.8993860483169556;10;3;128;128
120;2;0.0001;concept3;0.10061395;None;0.0761801;0.8993860483169556;10;3;128;128
121;2;0.0001;concept3;0.10023705;None;0.07601078;0.8997629284858704;10;3;128;128
121;2;0.0001;concept3;0.10023705;None;0.07601078;0.8997629284858704;10;3;128;128
121;2;0.0001;concept3;0.10023705;None;0.07601078;0.8997629284858704;10;3;128;128
122;2;0.0001;concept3;0.100207455;None;0.075952984;0.8997925519943237;10;3;128;128
122;2;0.0001;concept3;0.100207455;None;0.075952984;0.8997925519943237;10;3;128;128
122;2;0.0001;concept3;0.100207455;None;0.075952984;0.8997925519943237;10;3;128;128
123;2;0.0001;concept3;0.09974115;None;0.07579522;0.9002588391304016;10;3;128;128
123;2;0.0001;concept3;0.09974115;None;0.07579522;0.9002588391304016;10;3;128;128
123;2;0.0001;concept3;0.09974115;None;0.07579522;0.9002588391304016;10;3;128;128
124;2;0.0001;concept3;0.09948404;None;0.07570518;0.9005159735679626;10;3;128;128
124;2;0.0001;concept3;0.09948404;None;0.07570518;0.9005159735679626;10;3;128;128
124;2;0.0001;concept3;0.09948404;None;0.07570518;0.9005159735679626;10;3;128;128
125;2;0.0001;concept3;0.09927032;None;0.07559656;0.9007296562194824;10;3;128;128
125;2;0.0001;concept3;0.09927032;None;0.07559656;0.9007296562194824;10;3;128;128
125;2;0.0001;concept3;0.09927032;None;0.07559656;0.9007296562194824;10;3;128;128
126;2;0.0001;concept3;0.09910453;None;0.075524695;0.9008954763412476;10;3;128;128
126;2;0.0001;concept3;0.09910453;None;0.075524695;0.9008954763412476;10;3;128;128
126;2;0.0001;concept3;0.09910453;None;0.075524695;0.9008954763412476;10;3;128;128
127;2;0.0001;concept3;0.09885504;None;0.07539892;0.9011449813842773;10;3;128;128
127;2;0.0001;concept3;0.09885504;None;0.07539892;0.9011449813842773;10;3;128;128
127;2;0.0001;concept3;0.09885504;None;0.07539892;0.9011449813842773;10;3;128;128
128;2;0.0001;concept3;0.09867172;None;0.075333364;0.9013282656669617;10;3;128;128
128;2;0.0001;concept3;0.09867172;None;0.075333364;0.9013282656669617;10;3;128;128
128;2;0.0001;concept3;0.09867172;None;0.075333364;0.9013282656669617;10;3;128;128
129;2;0.0001;concept3;0.098416775;None;0.07521467;0.901583194732666;10;3;128;128
129;2;0.0001;concept3;0.098416775;None;0.07521467;0.901583194732666;10;3;128;128
129;2;0.0001;concept3;0.098416775;None;0.07521467;0.901583194732666;10;3;128;128
130;2;0.0001;concept3;0.098306336;None;0.07516343;0.9016936421394348;10;3;128;128
130;2;0.0001;concept3;0.098306336;None;0.07516343;0.9016936421394348;10;3;128;128
130;2;0.0001;concept3;0.098306336;None;0.07516343;0.9016936421394348;10;3;128;128
131;2;0.0001;concept3;0.098007895;None;0.07503779;0.9019920825958252;10;3;128;128
131;2;0.0001;concept3;0.098007895;None;0.07503779;0.9019920825958252;10;3;128;128
131;2;0.0001;concept3;0.098007895;None;0.07503779;0.9019920825958252;10;3;128;128
132;2;0.0001;concept3;0.0978313;None;0.07497642;0.9021686911582947;10;3;128;128
132;2;0.0001;concept3;0.0978313;None;0.07497642;0.9021686911582947;10;3;128;128
132;2;0.0001;concept3;0.0978313;None;0.07497642;0.9021686911582947;10;3;128;128
133;2;0.0001;concept3;0.09774747;None;0.074908875;0.9022525548934937;10;3;128;128
133;2;0.0001;concept3;0.09774747;None;0.074908875;0.9022525548934937;10;3;128;128
133;2;0.0001;concept3;0.09774747;None;0.074908875;0.9022525548934937;10;3;128;128
134;2;0.0001;concept3;0.097621016;None;0.07485952;0.9023789763450623;10;3;128;128
134;2;0.0001;concept3;0.097621016;None;0.07485952;0.9023789763450623;10;3;128;128
134;2;0.0001;concept3;0.097621016;None;0.07485952;0.9023789763450623;10;3;128;128
135;2;0.0001;concept3;0.09726133;None;0.07472961;0.9027386903762817;10;3;128;128
135;2;0.0001;concept3;0.09726133;None;0.07472961;0.9027386903762817;10;3;128;128
135;2;0.0001;concept3;0.09726133;None;0.07472961;0.9027386903762817;10;3;128;128
136;2;0.0001;concept3;0.097156145;None;0.07468349;0.9028438329696655;10;3;128;128
136;2;0.0001;concept3;0.097156145;None;0.07468349;0.9028438329696655;10;3;128;128
136;2;0.0001;concept3;0.097156145;None;0.07468349;0.9028438329696655;10;3;128;128
137;2;0.0001;concept3;0.096944496;None;0.0745882;0.9030554890632629;10;3;128;128
137;2;0.0001;concept3;0.096944496;None;0.0745882;0.9030554890632629;10;3;128;128
137;2;0.0001;concept3;0.096944496;None;0.0745882;0.9030554890632629;10;3;128;128
138;2;0.0001;concept3;0.09682584;None;0.074545935;0.9031741619110107;10;3;128;128
138;2;0.0001;concept3;0.09682584;None;0.074545935;0.9031741619110107;10;3;128;128
138;2;0.0001;concept3;0.09682584;None;0.074545935;0.9031741619110107;10;3;128;128
139;2;0.0001;concept3;0.09666084;None;0.07445922;0.903339147567749;10;3;128;128
139;2;0.0001;concept3;0.09666084;None;0.07445922;0.903339147567749;10;3;128;128
139;2;0.0001;concept3;0.09666084;None;0.07445922;0.903339147567749;10;3;128;128
140;2;0.0001;concept3;0.09651539;None;0.07441044;0.903484582901001;10;3;128;128
140;2;0.0001;concept3;0.09651539;None;0.07441044;0.903484582901001;10;3;128;128
140;2;0.0001;concept3;0.09651539;None;0.07441044;0.903484582901001;10;3;128;128
141;2;0.0001;concept3;0.09627269;None;0.07431176;0.9037272930145264;10;3;128;128
141;2;0.0001;concept3;0.09627269;None;0.07431176;0.9037272930145264;10;3;128;128
141;2;0.0001;concept3;0.09627269;None;0.07431176;0.9037272930145264;10;3;128;128
142;2;0.0001;concept3;0.096105345;None;0.07425677;0.9038946628570557;10;3;128;128
142;2;0.0001;concept3;0.096105345;None;0.07425677;0.9038946628570557;10;3;128;128
142;2;0.0001;concept3;0.096105345;None;0.07425677;0.9038946628570557;10;3;128;128
143;2;0.0001;concept3;0.09580607;None;0.07416306;0.9041939377784729;10;3;128;128
143;2;0.0001;concept3;0.09580607;None;0.07416306;0.9041939377784729;10;3;128;128
143;2;0.0001;concept3;0.09580607;None;0.07416306;0.9041939377784729;10;3;128;128
144;2;0.0001;concept3;0.09571084;None;0.07412705;0.904289186000824;10;3;128;128
144;2;0.0001;concept3;0.09571084;None;0.07412705;0.904289186000824;10;3;128;128
144;2;0.0001;concept3;0.09571084;None;0.07412705;0.904289186000824;10;3;128;128
145;2;0.0001;concept3;0.09549328;None;0.07403502;0.9045066833496094;10;3;128;128
145;2;0.0001;concept3;0.09549328;None;0.07403502;0.9045066833496094;10;3;128;128
145;2;0.0001;concept3;0.09549328;None;0.07403502;0.9045066833496094;10;3;128;128
146;2;0.0001;concept3;0.09548002;None;0.0740316;0.9045199751853943;10;3;128;128
146;2;0.0001;concept3;0.09548002;None;0.0740316;0.9045199751853943;10;3;128;128
146;2;0.0001;concept3;0.09548002;None;0.0740316;0.9045199751853943;10;3;128;128
147;2;0.0001;concept3;0.09520405;None;0.073939264;0.9047959446907043;10;3;128;128
147;2;0.0001;concept3;0.09520405;None;0.073939264;0.9047959446907043;10;3;128;128
147;2;0.0001;concept3;0.09520405;None;0.073939264;0.9047959446907043;10;3;128;128
148;2;0.0001;concept3;0.095130466;None;0.07391849;0.904869556427002;10;3;128;128
148;2;0.0001;concept3;0.095130466;None;0.07391849;0.904869556427002;10;3;128;128
148;2;0.0001;concept3;0.095130466;None;0.07391849;0.904869556427002;10;3;128;128
149;2;0.0001;concept3;0.095087305;None;0.07391433;0.9049127101898193;10;3;128;128
149;2;0.0001;concept3;0.095087305;None;0.07391433;0.9049127101898193;10;3;128;128
149;2;0.0001;concept3;0.095087305;None;0.07391433;0.9049127101898193;10;3;128;128
150;0;0.0001;concept1;0.063796684;None;0.08115535;0.9362033009529114;10;3;128;128
150;1;0.0001;concept2;0.018410275;None;0.043411516;0.9815897345542908;10;3;128;128
150;2;0.0001;concept3;0.0950041;None;0.07387831;0.9049959182739258;10;3;128;128
151;0;0.0001;concept1;0.06375015;None;0.08111033;0.936249852180481;10;3;128;128
151;1;0.0001;concept2;0.018371677;None;0.04335511;0.9816282987594604;10;3;128;128
151;2;0.0001;concept3;0.09488572;None;0.0738271;0.9051142930984497;10;3;128;128
152;0;0.0001;concept1;0.06369453;None;0.08106089;0.9363054633140564;10;3;128;128
152;1;0.0001;concept2;0.018350223;None;0.043327704;0.9816497564315796;10;3;128;128
152;2;0.0001;concept3;0.09481692;None;0.07380084;0.9051830768585205;10;3;128;128
153;0;0.0001;concept1;0.063646;None;0.08101366;0.9363539814949036;10;3;128;128
153;1;0.0001;concept2;0.018313704;None;0.043274093;0.9816862940788269;10;3;128;128
153;2;0.0001;concept3;0.09466703;None;0.073742144;0.9053329825401306;10;3;128;128
154;0;0.0001;concept1;0.063610844;None;0.08097469;0.936389148235321;10;3;128;128
154;1;0.0001;concept2;0.018293368;None;0.043247595;0.9817066192626953;10;3;128;128
154;2;0.0001;concept3;0.094548255;None;0.07367952;0.905451774597168;10;3;128;128
155;0;0.0001;concept1;0.06353525;None;0.08091365;0.9364647269248962;10;3;128;128
155;1;0.0001;concept2;0.018257964;None;0.04319601;0.9817420244216919;10;3;128;128
155;2;0.0001;concept3;0.094396316;None;0.073619425;0.9056037068367004;10;3;128;128
156;0;0.0001;concept1;0.06349931;None;0.08087543;0.9365006685256958;10;3;128;128
156;1;0.0001;concept2;0.018238222;None;0.043170616;0.9817617535591125;10;3;128;128
156;2;0.0001;concept3;0.09430652;None;0.07357837;0.9056934714317322;10;3;128;128
157;0;0.0001;concept1;0.0634586;None;0.08083601;0.9365413784980774;10;3;128;128
157;1;0.0001;concept2;0.01820107;None;0.043117702;0.9817989468574524;10;3;128;128
157;2;0.0001;concept3;0.094113775;None;0.07350707;0.9058862328529358;10;3;128;128
158;0;0.0001;concept1;0.063411444;None;0.080791675;0.9365885257720947;10;3;128;128
158;1;0.0001;concept2;0.01818204;None;0.043093346;0.9818179607391357;10;3;128;128
158;2;0.0001;concept3;0.09401356;None;0.07346253;0.9059864282608032;10;3;128;128
159;0;0.0001;concept1;0.06335915;None;0.08074148;0.9366408586502075;10;3;128;128
159;1;0.0001;concept2;0.01814758;None;0.043042943;0.9818524122238159;10;3;128;128
159;2;0.0001;concept3;0.09386874;None;0.07340475;0.9061312675476074;10;3;128;128
160;0;0.0001;concept1;0.0633301;None;0.08071007;0.9366698861122131;10;3;128;128
160;1;0.0001;concept2;0.018127557;None;0.043017905;0.9818724393844604;10;3;128;128
160;2;0.0001;concept3;0.093860045;None;0.07339385;0.9061399698257446;10;3;128;128
161;0;0.0001;concept1;0.0632671;None;0.080657996;0.9367328882217407;10;3;128;128
161;1;0.0001;concept2;0.018092532;None;0.042967707;0.9819074869155884;10;3;128;128
161;2;0.0001;concept3;0.09372518;None;0.07334535;0.9062747955322266;10;3;128;128
162;0;0.0001;concept1;0.06323048;None;0.080620356;0.9367695450782776;10;3;128;128
162;1;0.0001;concept2;0.018074507;None;0.042944506;0.9819254875183105;10;3;128;128
162;2;0.0001;concept3;0.09376601;None;0.07333253;0.9062339663505554;10;3;128;128
163;0;0.0001;concept1;0.06318582;None;0.08057931;0.9368141889572144;10;3;128;128
163;1;0.0001;concept2;0.01804081;None;0.042895414;0.9819591641426086;10;3;128;128
163;2;0.0001;concept3;0.09356645;None;0.073264904;0.9064335823059082;10;3;128;128
164;0;0.0001;concept1;0.063147426;None;0.08054031;0.9368525743484497;10;3;128;128
164;1;0.0001;concept2;0.01802186;None;0.042871382;0.9819781184196472;10;3;128;128
164;2;0.0001;concept3;0.093700804;None;0.07330034;0.9062991738319397;10;3;128;128
165;0;0.0001;concept1;0.06310759;None;0.080502376;0.9368923902511597;10;3;128;128
165;1;0.0001;concept2;0.017989352;None;0.04282388;0.9820106625556946;10;3;128;128
165;2;0.0001;concept3;0.093550846;None;0.073255144;0.9064491391181946;10;3;128;128
166;0;0.0001;concept1;0.06304594;None;0.08045275;0.9369540810585022;10;3;128;128
166;1;0.0001;concept2;0.017971488;None;0.04280113;0.9820284843444824;10;3;128;128
166;2;0.0001;concept3;0.09349159;None;0.07321858;0.9065083861351013;10;3;128;128
167;0;0.0001;concept1;0.0630064;None;0.0804151;0.9369935989379883;10;3;128;128
167;1;0.0001;concept2;0.017937934;None;0.04275263;0.982062041759491;10;3;128;128
167;2;0.0001;concept3;0.093380354;None;0.07319334;0.906619668006897;10;3;128;128
168;0;0.0001;concept1;0.06299209;None;0.080392934;0.9370079040527344;10;3;128;128
168;1;0.0001;concept2;0.017921643;None;0.042731788;0.9820783734321594;10;3;128;128
168;2;0.0001;concept3;0.09320994;None;0.073120415;0.9067900776863098;10;3;128;128
169;0;0.0001;concept1;0.06294581;None;0.08035005;0.9370541572570801;10;3;128;128
169;1;0.0001;concept2;0.017889593;None;0.0426851;0.9821103811264038;10;3;128;128
169;2;0.0001;concept3;0.09308479;None;0.07307432;0.9069151878356934;10;3;128;128
170;0;0.0001;concept1;0.06292096;None;0.08032026;0.9370790719985962;10;3;128;128
170;1;0.0001;concept2;0.017872976;None;0.042663775;0.9821270108222961;10;3;128;128
170;2;0.0001;concept3;0.0931622;None;0.07307799;0.9068378210067749;10;3;128;128
171;0;0.0001;concept1;0.062889785;None;0.08028768;0.937110185623169;10;3;128;128
171;1;0.0001;concept2;0.017839786;None;0.042616483;0.982160210609436;10;3;128;128
171;2;0.0001;concept3;0.09302159;None;0.073027834;0.9069784283638;10;3;128;128
172;0;0.0001;concept1;0.06282005;None;0.08022826;0.9371799230575562;10;3;128;128
172;1;0.0001;concept2;0.017823314;None;0.04259537;0.982176661491394;10;3;128;128
172;2;0.0001;concept3;0.092995435;None;0.07300945;0.9070045948028564;10;3;128;128
173;0;0.0001;concept1;0.06278901;None;0.080197565;0.9372109770774841;10;3;128;128
173;1;0.0001;concept2;0.01779206;None;0.042550012;0.9822079539299011;10;3;128;128
173;2;0.0001;concept3;0.09284034;None;0.07296702;0.907159686088562;10;3;128;128
174;0;0.0001;concept1;0.06273811;None;0.08015363;0.9372618794441223;10;3;128;128
174;1;0.0001;concept2;0.017775107;None;0.042528193;0.9822248816490173;10;3;128;128
174;2;0.0001;concept3;0.09277365;None;0.07294276;0.9072263240814209;10;3;128;128
175;0;0.0001;concept1;0.062711954;None;0.08012719;0.9372880458831787;10;3;128;128
175;1;0.0001;concept2;0.017743887;None;0.04248297;0.9822561144828796;10;3;128;128
175;2;0.0001;concept3;0.09264248;None;0.07290259;0.9073575139045715;10;3;128;128
176;0;0.0001;concept1;0.06267099;None;0.08009027;0.9373289942741394;10;3;128;128
176;1;0.0001;concept2;0.017726561;None;0.04246098;0.9822734594345093;10;3;128;128
176;2;0.0001;concept3;0.092612475;None;0.072883904;0.9073874950408936;10;3;128;128
177;0;0.0001;concept1;0.06260048;None;0.08003093;0.9373995065689087;10;3;128;128
177;1;0.0001;concept2;0.017697182;None;0.042417817;0.9823028445243835;10;3;128;128
177;2;0.0001;concept3;0.09246754;None;0.07283441;0.9075324535369873;10;3;128;128
178;0;0.0001;concept1;0.06256915;None;0.07999527;0.9374308586120605;10;3;128;128
178;1;0.0001;concept2;0.017680826;None;0.04239675;0.982319176197052;10;3;128;128
178;2;0.0001;concept3;0.09249834;None;0.07283049;0.9075016379356384;10;3;128;128
179;0;0.0001;concept1;0.062534854;None;0.07996438;0.9374651312828064;10;3;128;128
179;1;0.0001;concept2;0.017651303;None;0.042353272;0.9823486804962158;10;3;128;128
179;2;0.0001;concept3;0.09239066;None;0.07279347;0.9076093435287476;10;3;128;128
180;0;0.0001;concept1;0.0625155;None;0.07993851;0.9374845027923584;10;3;128;128
180;1;0.0001;concept2;0.017637381;None;0.042334393;0.9823626279830933;10;3;128;128
180;2;0.0001;concept3;0.09239681;None;0.07278291;0.9076032042503357;10;3;128;128
181;0;0.0001;concept1;0.06243597;None;0.07987718;0.9375640153884888;10;3;128;128
181;1;0.0001;concept2;0.017606737;None;0.042289823;0.9823932647705078;10;3;128;128
181;2;0.0001;concept3;0.09233567;None;0.07276559;0.9076642990112305;10;3;128;128
182;0;0.0001;concept1;0.062396515;None;0.079838656;0.9376034736633301;10;3;128;128
182;1;0.0001;concept2;0.017591028;None;0.04226986;0.9824090003967285;10;3;128;128
182;2;0.0001;concept3;0.09231437;None;0.07275039;0.9076856374740601;10;3;128;128
183;0;0.0001;concept1;0.062375017;None;0.07981283;0.937624990940094;10;3;128;128
183;1;0.0001;concept2;0.017564328;None;0.042229135;0.9824356436729431;10;3;128;128
183;2;0.0001;concept3;0.092246555;None;0.07271366;0.9077534675598145;10;3;128;128
184;0;0.0001;concept1;0.062327255;None;0.0797696;0.9376727342605591;10;3;128;128
184;1;0.0001;concept2;0.017550427;None;0.042210687;0.9824495911598206;10;3;128;128
184;2;0.0001;concept3;0.09218985;None;0.07269009;0.9078101515769958;10;3;128;128
185;0;0.0001;concept1;0.062299885;None;0.07973923;0.937700092792511;10;3;128;128
185;1;0.0001;concept2;0.017521301;None;0.04216838;0.982478678226471;10;3;128;128
185;2;0.0001;concept3;0.09209644;None;0.072653696;0.9079035520553589;10;3;128;128
186;0;0.0001;concept1;0.0622639;None;0.0797037;0.9377360939979553;10;3;128;128
186;1;0.0001;concept2;0.017505724;None;0.042148497;0.9824942946434021;10;3;128;128
186;2;0.0001;concept3;0.09202739;None;0.072632216;0.9079725742340088;10;3;128;128
187;0;0.0001;concept1;0.06222418;None;0.07966974;0.9377758502960205;10;3;128;128
187;1;0.0001;concept2;0.017478395;None;0.042108003;0.9825215935707092;10;3;128;128
187;2;0.0001;concept3;0.09197154;None;0.07260408;0.9080284833908081;10;3;128;128
188;0;0.0001;concept1;0.062194344;None;0.079640344;0.9378056526184082;10;3;128;128
188;1;0.0001;concept2;0.017464276;None;0.042089462;0.982535719871521;10;3;128;128
188;2;0.0001;concept3;0.09196275;None;0.07259363;0.9080372452735901;10;3;128;128
189;0;0.0001;concept1;0.062141545;None;0.07959769;0.9378584623336792;10;3;128;128
189;1;0.0001;concept2;0.017437588;None;0.04204965;0.9825624227523804;10;3;128;128
189;2;0.0001;concept3;0.09182346;None;0.07254886;0.9081765413284302;10;3;128;128
190;0;0.0001;concept1;0.06211941;None;0.07956954;0.9378805756568909;10;3;128;128
190;1;0.0001;concept2;0.017424734;None;0.0420322;0.9825752973556519;10;3;128;128
190;2;0.0001;concept3;0.091792226;None;0.07253568;0.9082077741622925;10;3;128;128
191;0;0.0001;concept1;0.062082198;None;0.079537384;0.9379178285598755;10;3;128;128
191;1;0.0001;concept2;0.01739793;None;0.041992612;0.982602059841156;10;3;128;128
191;2;0.0001;concept3;0.09171526;None;0.07250132;0.9082847237586975;10;3;128;128
192;0;0.0001;concept1;0.06205465;None;0.07950838;0.9379453659057617;10;3;128;128
192;1;0.0001;concept2;0.017384516;None;0.041974835;0.9826154708862305;10;3;128;128
192;2;0.0001;concept3;0.0917731;None;0.07250614;0.9082269072532654;10;3;128;128
193;0;0.0001;concept1;0.0620186;None;0.07947241;0.9379814267158508;10;3;128;128
193;1;0.0001;concept2;0.017360672;None;0.041939102;0.9826393127441406;10;3;128;128
193;2;0.0001;concept3;0.09165378;None;0.0724675;0.9083462357521057;10;3;128;128
194;0;0.0001;concept1;0.06198632;None;0.07943958;0.9380136728286743;10;3;128;128
194;1;0.0001;concept2;0.017347163;None;0.041921366;0.9826528429985046;10;3;128;128
194;2;0.0001;concept3;0.09175362;None;0.07249173;0.9082463979721069;10;3;128;128
195;0;0.0001;concept1;0.061964348;None;0.07941648;0.9380356669425964;10;3;128;128
195;1;0.0001;concept2;0.017321793;None;0.04188417;0.982678234577179;10;3;128;128
195;2;0.0001;concept3;0.0915829;None;0.072431244;0.9084171056747437;10;3;128;128
196;0;0.0001;concept1;0.061929543;None;0.07938019;0.9380704760551453;10;3;128;128
196;1;0.0001;concept2;0.01730691;None;0.041864898;0.982693076133728;10;3;128;128
196;2;0.0001;concept3;0.09158556;None;0.07243301;0.9084144234657288;10;3;128;128
197;0;0.0001;concept1;0.061897416;None;0.079355456;0.9381026029586792;10;3;128;128
197;1;0.0001;concept2;0.017281467;None;0.041827746;0.9827185273170471;10;3;128;128
197;2;0.0001;concept3;0.09146335;None;0.07238906;0.9085366725921631;10;3;128;128
198;0;0.0001;concept1;0.061865196;None;0.07932078;0.9381347894668579;10;3;128;128
198;1;0.0001;concept2;0.017267544;None;0.04180982;0.9827324748039246;10;3;128;128
198;2;0.0001;concept3;0.091469936;None;0.072381325;0.908530056476593;10;3;128;128
199;0;0.0001;concept1;0.06183278;None;0.07929352;0.9381672143936157;10;3;128;128
199;1;0.0001;concept2;0.017244939;None;0.041775513;0.9827550649642944;10;3;128;128
199;2;0.0001;concept3;0.091323316;None;0.0723279;0.9086766839027405;10;3;128;128
